#!ascii label  , from subject sub_0001 vox2ras=TkReg
1031
53054  -8.901  -11.380  74.458 0.0000000000
134345  -30.409  -4.562  56.212 0.0000000000
66178  -29.320  0.113  52.310 0.0000000000
60951  -22.985  -5.992  61.157 0.0000000000
73440  -34.104  6.979  38.449 0.0000000000
65256  -31.338  -1.516  43.308 0.0000000000
134144  -32.630  -3.085  60.480 0.0000000000
121845  -26.265  -3.455  58.816 0.0000000000
77451  -39.279  11.500  39.515 0.0000000000
79188  -42.216  12.615  35.391 0.0000000000
79209  -45.067  11.867  33.008 0.0000000000
68203  -32.533  1.199  50.622 0.0000000000
67198  -28.380  0.510  47.578 0.0000000000
67223  -34.413  0.110  46.892 0.0000000000
68282  -36.914  2.129  43.179 0.0000000000
60949  -14.879  -5.591  61.983 0.0000000000
51908  -7.753  -12.889  78.629 0.0000000000
65153  -33.260  -2.144  53.703 0.0000000000
69176  -31.229  3.249  55.796 0.0000000000
58781  -17.008  -7.418  58.423 0.0000000000
60997  -20.655  -5.909  55.620 0.0000000000
77549  -42.363  10.539  28.266 0.0000000000
123084  -46.650  13.099  30.468 0.0000000000
68304  -31.793  2.436  40.904 0.0000000000
74441  -38.381  6.644  41.586 0.0000000000
127777  -9.787  -10.732  70.248 0.0000000000
47484  -4.121  -17.031  77.630 0.0000000000
78336  -40.347  11.635  37.760 0.0000000000
67186  -33.353  0.546  48.459 0.0000000000
121077  -13.560  -8.672  62.421 0.0000000000
51916  -8.233  -12.072  76.392 0.0000000000
117969  -31.655  -4.290  53.239 0.0000000000
117377  -32.773  -3.840  55.477 0.0000000000
59851  -19.929  -6.677  59.107 0.0000000000
59881  -18.543  -7.106  56.608 0.0000000000
60976  -21.838  -6.066  57.824 0.0000000000
118077  -28.410  -4.243  57.683 0.0000000000
137981  -25.918  -3.674  56.041 0.0000000000
62083  -27.738  -4.555  54.604 0.0000000000
60942  -21.212  -5.967  62.829 0.0000000000
59839  -18.258  -6.289  60.948 0.0000000000
76606  -37.732  10.162  32.402 0.0000000000
76626  -40.672  9.492  29.420 0.0000000000
78384  -46.276  11.840  31.773 0.0000000000
66252  -29.491  -1.061  44.629 0.0000000000
66283  -32.034  0.645  41.901 0.0000000000
71350  -38.858  4.368  41.578 0.0000000000
56560  -11.466  -8.251  66.328 0.0000000000
56551  -10.693  -8.733  68.026 0.0000000000
132249  -10.213  -9.423  70.719 0.0000000000
54242  -9.540  -10.849  68.234 0.0000000000
47490  -4.668  -17.092  76.808 0.0000000000
134475  -31.396  -4.069  58.732 0.0000000000
134360  -33.531  -3.228  57.468 0.0000000000
117860  -34.388  -1.961  59.003 0.0000000000
62028  -25.348  -4.102  62.338 0.0000000000
62052  -24.277  -4.481  59.428 0.0000000000
64123  -26.995  -2.864  61.250 0.0000000000
134267  -29.611  -3.452  60.245 0.0000000000
75562  -36.057  8.562  39.219 0.0000000000
77468  -37.549  10.871  37.040 0.0000000000
77500  -38.892  10.975  34.800 0.0000000000
77520  -40.857  11.103  33.168 0.0000000000
124858  -41.992  10.738  31.986 0.0000000000
79195  -43.432  12.525  34.289 0.0000000000
69215  -29.689  2.495  52.031 0.0000000000
123250  -27.970  0.638  49.888 0.0000000000
68214  -30.483  1.598  49.302 0.0000000000
119857  -31.131  0.483  47.150 0.0000000000
66235  -32.822  -0.669  45.197 0.0000000000
67261  -34.000  0.288  43.513 0.0000000000
127065  -36.125  0.370  44.422 0.0000000000
59793  -13.408  -6.142  64.233 0.0000000000
128895  -12.637  -8.440  64.142 0.0000000000
79251  -48.052  12.985  26.838 0.0000000000
53028  -5.269  -12.305  80.101 0.0000000000
118112  -32.039  -3.489  51.740 0.0000000000
66180  -31.958  -0.822  52.917 0.0000000000
117429  -33.926  -0.934  56.014 0.0000000000
67139  -31.998  0.444  54.942 0.0000000000
68158  -29.978  2.013  53.941 0.0000000000
70265  -31.573  3.320  52.849 0.0000000000
63117  -23.450  -4.076  56.512 0.0000000000
60938  -17.176  -5.536  62.730 0.0000000000
59836  -15.312  -6.720  60.075 0.0000000000
78396  -43.576  11.628  30.573 0.0000000000
79236  -44.051  12.458  29.146 0.0000000000
79243  -45.362  13.140  28.136 0.0000000000
80074  -48.227  14.360  28.966 0.0000000000
50819  -6.912  -13.892  72.326 0.0000000000
50800  -6.706  -13.568  74.528 0.0000000000
70375  -32.980  4.616  40.204 0.0000000000
69315  -34.828  2.286  42.541 0.0000000000
72408  -36.673  4.292  41.138 0.0000000000
73428  -35.879  7.225  40.434 0.0000000000
142842  -37.953  9.583  41.279 0.0000000000
126214  -9.158  -11.339  71.946 0.0000000000
49600  -6.203  -14.437  76.414 0.0000000000
49584  -5.486  -14.752  77.765 0.0000000000
49572  -4.438  -14.437  78.258 0.0000000000
51925  -8.327  -11.888  74.955 0.0000000000
142128  -30.348  -4.629  54.920 0.0000000000
117881  -31.387  -4.568  55.109 0.0000000000
141071  -31.501  -4.574  56.134 0.0000000000
132206  -21.128  -6.595  59.830 0.0000000000
59861  -20.507  -6.714  58.363 0.0000000000
59853  -21.771  -6.495  59.279 0.0000000000
134890  -29.957  -4.479  56.897 0.0000000000
139806  -28.096  -4.567  55.832 0.0000000000
131450  -29.153  -4.586  55.567 0.0000000000
121330  -28.543  -4.789  54.133 0.0000000000
60944  -23.627  -5.414  62.546 0.0000000000
60925  -22.833  -5.496  63.208 0.0000000000
59814  -22.155  -6.249  61.692 0.0000000000
59828  -20.651  -6.506  61.455 0.0000000000
142144  -40.079  10.331  30.390 0.0000000000
65173  -31.070  -1.288  51.373 0.0000000000
65172  -29.944  -1.042  51.089 0.0000000000
65242  -29.999  -1.674  43.978 0.0000000000
65254  -29.416  -2.384  43.453 0.0000000000
65257  -31.892  -1.153  42.867 0.0000000000
55436  -11.071  -9.512  65.702 0.0000000000
56559  -10.926  -8.780  66.958 0.0000000000
55423  -10.270  -9.957  67.334 0.0000000000
55413  -10.043  -9.976  68.388 0.0000000000
54252  -9.605  -11.029  67.030 0.0000000000
117688  -32.096  -3.765  59.203 0.0000000000
134332  -32.876  -3.580  58.791 0.0000000000
134114  -33.361  -2.850  60.063 0.0000000000
64110  -26.998  -2.790  63.034 0.0000000000
63083  -26.478  -3.197  61.698 0.0000000000
64112  -28.440  -2.308  62.467 0.0000000000
134492  -31.655  -2.591  61.469 0.0000000000
134362  -29.756  -3.076  61.119 0.0000000000
134473  -31.176  -3.460  60.361 0.0000000000
134490  -30.575  -3.901  59.036 0.0000000000
76538  -37.996  10.321  39.671 0.0000000000
133924  -36.920  10.146  38.510 0.0000000000
118546  -38.530  11.165  38.230 0.0000000000
79178  -41.452  12.611  36.882 0.0000000000
77489  -39.784  11.440  36.296 0.0000000000
78355  -40.517  11.690  35.863 0.0000000000
135340  -40.093  11.220  34.549 0.0000000000
78364  -41.440  11.725  34.493 0.0000000000
78365  -42.170  11.893  34.112 0.0000000000
79189  -43.054  12.976  34.965 0.0000000000
69250  -31.171  2.410  50.889 0.0000000000
69261  -29.821  2.233  50.057 0.0000000000
68215  -31.505  1.391  49.586 0.0000000000
67203  -33.444  0.254  47.488 0.0000000000
67202  -32.589  0.362  47.924 0.0000000000
139359  -32.646  -0.120  46.454 0.0000000000
67240  -32.274  -0.303  45.905 0.0000000000
66223  -33.165  -0.373  45.917 0.0000000000
66257  -34.499  -0.324  44.685 0.0000000000
66238  -35.287  -0.216  45.461 0.0000000000
60918  -15.188  -5.104  63.416 0.0000000000
60899  -14.974  -4.987  64.366 0.0000000000
59799  -13.983  -6.079  63.346 0.0000000000
56596  -12.946  -8.796  63.475 0.0000000000
80086  -48.525  13.751  27.238 0.0000000000
79253  -50.096  12.823  26.945 0.0000000000
53035  -6.751  -12.777  79.830 0.0000000000
134376  -32.939  -3.371  53.191 0.0000000000
117908  -32.127  -3.931  52.809 0.0000000000
120209  -33.121  -2.889  52.950 0.0000000000
64173  -32.477  -2.669  52.222 0.0000000000
123152  -32.628  -1.378  53.254 0.0000000000
117424  -34.173  -1.920  57.244 0.0000000000
117419  -34.083  -2.040  56.564 0.0000000000
138462  -34.029  -0.566  56.784 0.0000000000
68132  -31.804  2.053  56.724 0.0000000000
67130  -32.285  0.722  55.745 0.0000000000
67129  -31.433  1.141  55.511 0.0000000000
67138  -31.098  0.824  54.746 0.0000000000
69187  -30.416  2.260  54.493 0.0000000000
69200  -30.335  2.775  53.692 0.0000000000
70241  -31.678  3.660  54.213 0.0000000000
59883  -20.110  -6.410  55.979 0.0000000000
126183  -25.082  -3.630  59.135 0.0000000000
121296  -23.552  -4.563  57.920 0.0000000000
63109  -24.622  -3.601  57.397 0.0000000000
63141  -24.215  -3.515  54.601 0.0000000000
60921  -18.812  -5.611  63.535 0.0000000000
125275  -17.248  -6.489  59.783 0.0000000000
130089  -16.717  -6.086  60.529 0.0000000000
59848  -16.786  -6.919  59.154 0.0000000000
129532  -15.276  -7.980  59.239 0.0000000000
78381  -43.576  11.462  32.247 0.0000000000
126756  -42.390  10.993  31.190 0.0000000000
78390  -43.988  11.512  31.360 0.0000000000
78399  -46.172  12.340  31.014 0.0000000000
78398  -45.354  12.163  30.686 0.0000000000
79229  -45.355  12.894  30.027 0.0000000000
79242  -44.393  12.686  28.230 0.0000000000
80072  -46.314  13.862  29.242 0.0000000000
80081  -46.774  13.969  28.376 0.0000000000
79239  -47.377  13.904  29.894 0.0000000000
67182  -28.090  0.530  48.443 0.0000000000
65197  -27.800  -1.243  49.190 0.0000000000
70387  -31.612  3.547  39.287 0.0000000000
70364  -32.769  3.942  40.746 0.0000000000
67272  -35.545  0.909  43.133 0.0000000000
68279  -34.182  1.644  42.697 0.0000000000
119625  -35.805  2.005  42.435 0.0000000000
72411  -39.010  5.384  41.434 0.0000000000
71348  -37.144  3.708  40.914 0.0000000000
72422  -37.353  5.584  41.106 0.0000000000
72421  -36.758  5.698  41.111 0.0000000000
73420  -37.391  6.419  41.098 0.0000000000
137648  -37.197  8.101  41.065 0.0000000000
76520  -37.794  8.789  41.862 0.0000000000
54232  -9.973  -10.517  70.457 0.0000000000
54221  -10.127  -10.322  71.373 0.0000000000
54209  -10.228  -10.285  72.390 0.0000000000
53084  -9.253  -11.729  71.198 0.0000000000
53083  -8.577  -12.273  70.975 0.0000000000
53096  -8.288  -12.586  70.177 0.0000000000
49609  -5.989  -15.249  74.555 0.0000000000
49605  -6.167  -14.386  75.789 0.0000000000
48547  -5.498  -15.886  75.077 0.0000000000
140323  -4.468  -16.885  77.332 0.0000000000
48528  -5.037  -15.418  77.307 0.0000000000
49583  -5.092  -15.087  77.646 0.0000000000
49574  -4.908  -14.708  78.455 0.0000000000
129869  -4.365  -15.654  77.367 0.0000000000
64113  -29.173  -2.258  62.233 0.0000000000
124375  -41.318  12.080  39.620 0.0000000000
78329  -40.420  11.866  38.576 0.0000000000
79160  -41.596  12.333  38.676 0.0000000000
68216  -32.323  0.931  49.910 0.0000000000
58758  -14.389  -7.274  61.412 0.0000000000
58753  -14.124  -7.121  62.213 0.0000000000
53042  -9.055  -11.945  77.683 0.0000000000
51912  -8.034  -13.058  77.741 0.0000000000
134249  -30.170  -4.891  53.319 0.0000000000
117775  -31.689  -4.356  54.259 0.0000000000
125445  -33.162  -3.390  53.975 0.0000000000
70227  -32.743  4.163  55.155 0.0000000000
120009  -18.222  -6.972  58.478 0.0000000000
58782  -17.681  -7.327  57.984 0.0000000000
118788  -18.901  -6.897  58.151 0.0000000000
59870  -20.163  -6.571  56.886 0.0000000000
59884  -20.875  -6.218  56.492 0.0000000000
118027  -27.769  -3.861  58.074 0.0000000000
121844  -25.611  -3.550  56.894 0.0000000000
63121  -27.122  -3.839  56.823 0.0000000000
117413  -27.201  -4.340  55.770 0.0000000000
62093  -27.703  -4.735  53.528 0.0000000000
60923  -21.076  -5.522  63.627 0.0000000000
133277  -19.842  -6.009  62.806 0.0000000000
59827  -19.918  -6.427  61.682 0.0000000000
135221  -18.981  -6.359  60.619 0.0000000000
76597  -37.214  9.828  33.114 0.0000000000
77548  -41.779  10.155  28.588 0.0000000000
80049  -46.406  12.835  33.982 0.0000000000
78383  -45.442  11.779  32.029 0.0000000000
67236  -28.549  -0.020  45.789 0.0000000000
65272  -30.830  -1.008  41.011 0.0000000000
68291  -31.986  1.713  41.470 0.0000000000
70334  -38.517  2.821  42.850 0.0000000000
136639  -38.133  2.795  42.346 0.0000000000
71331  -40.079  5.102  42.326 0.0000000000
58726  -12.219  -6.867  66.080 0.0000000000
57648  -11.559  -7.680  66.705 0.0000000000
57631  -10.740  -7.640  69.530 0.0000000000
56543  -10.485  -8.653  69.146 0.0000000000
55403  -9.931  -10.187  69.613 0.0000000000
54231  -9.712  -10.772  69.339 0.0000000000
128128  -8.638  -12.006  68.996 0.0000000000
53114  -8.596  -12.503  68.183 0.0000000000
117870  -30.821  -4.542  57.193 0.0000000000
134491  -32.326  -4.310  56.710 0.0000000000
134478  -32.968  -3.758  57.950 0.0000000000
134184  -34.060  -2.573  57.772 0.0000000000
60953  -24.182  -5.299  61.718 0.0000000000
60967  -23.328  -5.557  59.594 0.0000000000
62044  -25.108  -4.252  60.846 0.0000000000
118540  -26.089  -3.412  60.196 0.0000000000
63097  -26.693  -3.385  59.563 0.0000000000
118057  -29.136  -2.656  61.491 0.0000000000
142775  -28.323  -3.089  60.596 0.0000000000
63098  -27.541  -3.495  59.411 0.0000000000
117398  -29.128  -3.956  58.925 0.0000000000
134476  -29.930  -4.425  57.710 0.0000000000
62021  -25.235  -4.153  63.208 0.0000000000
74455  -35.501  8.147  39.020 0.0000000000
74468  -34.398  7.520  37.610 0.0000000000
74470  -35.697  8.567  38.397 0.0000000000
76558  -36.223  9.674  37.218 0.0000000000
76576  -36.823  10.164  35.783 0.0000000000
77470  -39.203  11.304  37.748 0.0000000000
77477  -38.374  11.015  36.357 0.0000000000
77486  -37.388  10.530  35.123 0.0000000000
77499  -38.668  11.016  33.960 0.0000000000
77511  -39.321  11.261  33.481 0.0000000000
77519  -40.264  10.931  32.285 0.0000000000
77532  -40.947  10.741  31.716 0.0000000000
134772  -41.219  10.803  32.428 0.0000000000
78372  -42.416  11.538  33.391 0.0000000000
79201  -43.757  11.995  33.700 0.0000000000
80035  -44.254  13.873  35.325 0.0000000000
80048  -45.514  13.048  34.246 0.0000000000
67150  -29.121  1.047  52.228 0.0000000000
66188  -28.480  -0.087  51.198 0.0000000000
67167  -28.787  1.678  50.826 0.0000000000
68213  -29.280  1.672  49.437 0.0000000000
67199  -29.238  0.861  47.787 0.0000000000
67184  -31.413  0.929  48.821 0.0000000000
118691  -31.000  0.675  47.983 0.0000000000
67200  -30.169  0.629  47.266 0.0000000000
67238  -30.372  -0.139  45.842 0.0000000000
66233  -30.937  -0.663  45.237 0.0000000000
65244  -31.983  -1.426  43.951 0.0000000000
66264  -32.659  -0.900  43.315 0.0000000000
66256  -33.224  -0.798  44.428 0.0000000000
67262  -34.978  0.349  43.544 0.0000000000
67264  -36.430  0.941  43.868 0.0000000000
68265  -36.938  1.737  44.654 0.0000000000
69307  -38.493  2.571  43.403 0.0000000000
59786  -13.278  -5.491  64.969 0.0000000000
58746  -13.449  -7.671  63.442 0.0000000000
58743  -13.147  -7.368  64.032 0.0000000000
58736  -12.439  -7.245  65.190 0.0000000000
56583  -12.183  -8.730  64.578 0.0000000000
65174  -31.976  -1.984  51.671 0.0000000000
136023  -30.874  -0.674  52.113 0.0000000000
134233  -32.899  -3.821  56.299 0.0000000000
117421  -33.679  -2.529  55.280 0.0000000000
118073  -33.540  -2.095  54.595 0.0000000000
117442  -33.167  -0.733  54.761 0.0000000000
65152  -33.012  -1.038  53.960 0.0000000000
66169  -32.286  -0.550  53.657 0.0000000000
66167  -30.485  0.275  53.262 0.0000000000
67151  -29.569  0.858  52.933 0.0000000000
68170  -29.716  2.131  53.081 0.0000000000
69217  -30.793  3.238  52.434 0.0000000000
69235  -31.885  2.425  51.586 0.0000000000
69201  -33.101  3.057  53.525 0.0000000000
69218  -32.961  2.418  52.680 0.0000000000
60978  -23.285  -5.250  58.620 0.0000000000
62056  -22.931  -5.091  57.682 0.0000000000
62065  -21.818  -4.861  55.709 0.0000000000
63118  -24.631  -3.515  56.408 0.0000000000
63116  -23.067  -3.883  55.663 0.0000000000
119124  -16.901  -5.479  63.932 0.0000000000
60937  -16.212  -5.301  62.105 0.0000000000
59809  -17.795  -5.905  62.130 0.0000000000
59824  -16.358  -5.600  61.273 0.0000000000
135687  -15.008  -5.799  61.225 0.0000000000
58765  -14.963  -7.635  59.829 0.0000000000
77537  -41.442  10.941  31.086 0.0000000000
78394  -41.947  10.983  29.844 0.0000000000
78402  -42.600  11.409  29.461 0.0000000000
78391  -44.968  11.702  31.302 0.0000000000
78403  -43.848  12.059  29.925 0.0000000000
78406  -43.122  11.652  28.152 0.0000000000
78408  -43.681  11.320  27.604 0.0000000000
78409  -44.671  11.275  26.991 0.0000000000
78410  -45.673  11.776  26.671 0.0000000000
79250  -47.009  12.907  26.925 0.0000000000
80085  -47.379  13.669  27.474 0.0000000000
51939  -8.380  -12.083  73.499 0.0000000000
132366  -7.818  -12.353  73.956 0.0000000000
51937  -7.093  -13.447  73.167 0.0000000000
65184  -28.527  -1.186  50.228 0.0000000000
72432  -33.952  5.818  40.040 0.0000000000
67260  -32.980  0.100  43.291 0.0000000000
68278  -33.248  1.600  42.475 0.0000000000
136601  -33.200  2.853  41.858 0.0000000000
70355  -36.479  3.107  41.403 0.0000000000
123676  -35.945  3.550  41.666 0.0000000000
70352  -33.786  3.943  41.544 0.0000000000
71361  -34.744  4.784  41.406 0.0000000000
139714  -35.534  6.010  40.858 0.0000000000
73427  -35.232  7.165  39.947 0.0000000000
75538  -36.233  8.154  40.090 0.0000000000
76528  -37.158  8.894  40.560 0.0000000000
77442  -39.046  11.175  40.315 0.0000000000
54175  -9.618  -10.786  74.184 0.0000000000
54183  -9.781  -10.760  73.620 0.0000000000
53057  -8.942  -11.456  73.795 0.0000000000
51953  -8.140  -12.544  72.567 0.0000000000
51972  -7.449  -13.491  70.919 0.0000000000
50794  -7.302  -12.918  75.816 0.0000000000
50785  -7.308  -13.198  76.536 0.0000000000
51914  -7.422  -13.478  77.296 0.0000000000
48541  -5.455  -15.701  76.324 0.0000000000
49585  -6.192  -14.478  77.726 0.0000000000
50769  -6.644  -14.107  78.380 0.0000000000
51906  -5.535  -13.561  79.385 0.0000000000
51905  -4.803  -13.629  79.188 0.0000000000
126716  -3.286  -17.274  77.149 0.0000000000
118625  -3.780  -16.372  77.153 0.0000000000
53052  -9.352  -10.964  74.649 0.0000000000
117373  -29.912  -4.604  55.370 0.0000000000
134444  -30.724  -4.586  55.379 0.0000000000
134758  -21.803  -6.484  60.221 0.0000000000
140110  -22.255  -6.360  59.688 0.0000000000
118106  -29.525  -4.526  56.235 0.0000000000
60952  -23.517  -5.676  61.730 0.0000000000
60943  -22.794  -5.857  62.265 0.0000000000
59830  -22.240  -6.310  60.880 0.0000000000
59829  -21.502  -6.440  61.146 0.0000000000
76618  -39.654  10.307  30.759 0.0000000000
66190  -30.095  -0.523  51.840 0.0000000000
66189  -29.118  -0.358  51.617 0.0000000000
65243  -31.031  -1.527  43.945 0.0000000000
65255  -30.376  -1.910  43.316 0.0000000000
65263  -30.594  -1.948  42.664 0.0000000000
133728  -31.125  -1.495  42.536 0.0000000000
55435  -10.525  -10.170  66.286 0.0000000000
55424  -10.711  -9.416  66.656 0.0000000000
124426  -10.107  -10.447  66.987 0.0000000000
134486  -31.977  -3.485  60.023 0.0000000000
134479  -32.758  -3.365  59.643 0.0000000000
64105  -27.542  -2.404  63.565 0.0000000000
64111  -27.688  -2.467  62.701 0.0000000000
134123  -31.831  -3.103  60.789 0.0000000000
134137  -31.067  -3.046  61.079 0.0000000000
77450  -38.601  11.025  39.580 0.0000000000
76552  -38.285  10.764  38.948 0.0000000000
135872  -39.087  11.352  38.741 0.0000000000
79187  -41.582  12.553  36.060 0.0000000000
78347  -41.014  12.084  36.397 0.0000000000
78356  -41.384  11.984  35.424 0.0000000000
78363  -40.667  11.589  34.927 0.0000000000
78357  -42.026  12.041  34.824 0.0000000000
69251  -31.982  1.878  50.940 0.0000000000
68202  -31.728  1.636  50.338 0.0000000000
67222  -33.411  -0.139  46.669 0.0000000000
66224  -34.092  -0.353  46.055 0.0000000000
66237  -34.621  -0.316  45.426 0.0000000000
66225  -34.991  -0.228  46.068 0.0000000000
60936  -15.384  -5.224  62.442 0.0000000000
60935  -14.669  -5.452  62.890 0.0000000000
80908  -49.441  13.880  27.391 0.0000000000
79252  -49.379  13.220  26.896 0.0000000000
80087  -49.985  13.269  27.286 0.0000000000
53037  -8.184  -12.206  79.116 0.0000000000
53036  -7.404  -12.522  79.522 0.0000000000
53030  -6.963  -12.017  80.208 0.0000000000
117400  -33.418  -3.013  53.522 0.0000000000
117431  -32.764  -2.158  52.940 0.0000000000
66134  -34.073  -1.360  56.681 0.0000000000
117961  -34.078  -0.273  57.504 0.0000000000
69166  -31.578  2.864  56.405 0.0000000000
68140  -31.154  2.087  55.995 0.0000000000
68149  -30.763  1.659  55.131 0.0000000000
69188  -30.823  2.635  55.169 0.0000000000
139417  -30.741  2.941  54.444 0.0000000000
123266  -31.241  3.553  54.887 0.0000000000
127978  -16.497  -8.046  58.239 0.0000000000
123986  -17.134  -7.849  57.578 0.0000000000
63103  -25.590  -3.502  58.580 0.0000000000
118561  -24.863  -3.640  58.339 0.0000000000
140092  -17.358  -6.768  59.228 0.0000000000
140734  -16.429  -7.479  58.815 0.0000000000
76637  -42.815  10.184  27.760 0.0000000000
78374  -44.122  11.709  33.022 0.0000000000
78382  -44.514  11.720  32.153 0.0000000000
142438  -45.888  12.834  30.541 0.0000000000
79238  -46.047  13.341  29.966 0.0000000000
140651  -46.632  13.864  29.841 0.0000000000
67181  -27.719  0.010  48.556 0.0000000000
66214  -27.442  -0.564  47.424 0.0000000000
68303  -31.196  1.713  40.511 0.0000000000
69337  -31.463  2.677  40.261 0.0000000000
69338  -32.205  3.144  40.812 0.0000000000
137087  -36.336  1.835  42.796 0.0000000000
137856  -36.005  1.400  42.850 0.0000000000
73411  -38.940  6.283  41.477 0.0000000000
73410  -38.239  5.830  41.168 0.0000000000
74440  -38.188  6.600  41.242 0.0000000000
75540  -37.608  7.605  41.575 0.0000000000
125745  -9.982  -10.792  70.978 0.0000000000
53098  -9.600  -11.301  70.704 0.0000000000
53097  -8.963  -11.909  70.428 0.0000000000
133112  -5.940  -15.070  75.305 0.0000000000
48527  -4.582  -16.109  77.261 0.0000000000
48526  -4.496  -15.943  77.329 0.0000000000
68218  -34.358  1.092  49.476 0.0000000000
57708  -14.189  -8.114  61.141 0.0000000000
53048  -8.639  -11.431  75.852 0.0000000000
54166  -9.215  -11.042  77.250 0.0000000000
53045  -8.691  -11.578  76.739 0.0000000000
53044  -8.446  -12.367  77.219 0.0000000000
118035  -32.097  -4.378  55.274 0.0000000000
117378  -32.555  -3.851  54.604 0.0000000000
117968  -33.298  -3.354  54.874 0.0000000000
59850  -18.889  -6.634  59.016 0.0000000000
122906  -19.632  -6.813  58.281 0.0000000000
124185  -21.364  -6.491  58.444 0.0000000000
136322  -20.154  -6.737  57.678 0.0000000000
59871  -20.987  -6.474  57.504 0.0000000000
60988  -21.622  -5.897  56.950 0.0000000000
121134  -27.088  -3.699  57.627 0.0000000000
117404  -27.741  -4.104  57.248 0.0000000000
117409  -27.697  -4.506  55.493 0.0000000000
62074  -27.064  -4.370  55.082 0.0000000000
62082  -26.933  -4.396  54.091 0.0000000000
117395  -28.573  -5.131  53.004 0.0000000000
140682  -22.396  -5.774  62.839 0.0000000000
60906  -22.428  -5.215  63.960 0.0000000000
60924  -21.962  -5.645  63.343 0.0000000000
60905  -21.690  -5.049  64.226 0.0000000000
59812  -20.415  -6.284  62.339 0.0000000000
126955  -20.332  -6.575  59.904 0.0000000000
59840  -19.882  -6.492  60.810 0.0000000000
126077  -19.372  -6.470  59.900 0.0000000000
126078  -18.311  -6.436  60.005 0.0000000000
124434  -28.993  -0.490  45.228 0.0000000000
66231  -28.206  -0.646  45.482 0.0000000000
66251  -28.633  -1.209  44.878 0.0000000000
65264  -31.379  -1.023  42.024 0.0000000000
66282  -31.413  -0.212  41.524 0.0000000000
68290  -31.353  0.745  41.027 0.0000000000
70345  -39.765  4.045  42.610 0.0000000000
70344  -38.982  3.376  42.460 0.0000000000
73404  -39.157  6.614  42.383 0.0000000000
57658  -11.906  -7.650  65.833 0.0000000000
58714  -11.836  -7.041  66.700 0.0000000000
57647  -11.223  -8.137  67.301 0.0000000000
57639  -11.005  -7.977  68.368 0.0000000000
54253  -9.859  -10.379  67.851 0.0000000000
54243  -9.930  -10.463  68.952 0.0000000000
142959  -10.447  -10.770  69.698 0.0000000000
53115  -9.045  -11.416  68.646 0.0000000000
134135  -31.523  -4.391  57.898 0.0000000000
134122  -32.299  -4.196  57.548 0.0000000000
134487  -32.204  -4.016  58.376 0.0000000000
134488  -33.462  -3.054  59.183 0.0000000000
117703  -33.551  -3.161  58.295 0.0000000000
134231  -34.025  -2.520  58.659 0.0000000000
62035  -24.833  -4.587  61.760 0.0000000000
121767  -24.499  -4.942  60.921 0.0000000000
62036  -25.460  -3.947  61.520 0.0000000000
119264  -26.345  -3.285  60.949 0.0000000000
63090  -26.832  -3.186  60.463 0.0000000000
117435  -29.824  -1.792  62.644 0.0000000000
117440  -28.982  -3.093  60.807 0.0000000000
117443  -28.734  -3.391  60.124 0.0000000000
117445  -27.972  -3.356  60.077 0.0000000000
117444  -28.404  -3.628  59.346 0.0000000000
118129  -29.137  -3.612  59.594 0.0000000000
134136  -29.869  -4.166  58.574 0.0000000000
134113  -30.689  -4.369  58.225 0.0000000000
63076  -25.869  -3.702  62.869 0.0000000000
62027  -24.757  -4.566  62.710 0.0000000000
60945  -24.352  -5.028  62.379 0.0000000000
119980  -36.077  8.971  38.556 0.0000000000
76559  -36.820  10.358  37.674 0.0000000000
75573  -36.362  9.612  38.188 0.0000000000
76567  -36.400  9.773  36.337 0.0000000000
76568  -36.801  10.363  36.691 0.0000000000
78330  -40.858  12.098  38.252 0.0000000000
77471  -39.925  11.390  38.135 0.0000000000
77488  -39.171  11.031  35.701 0.0000000000
77478  -39.152  11.196  36.777 0.0000000000
77487  -38.253  10.892  35.406 0.0000000000
132354  -38.014  10.785  34.490 0.0000000000
77512  -40.127  11.190  33.800 0.0000000000
123793  -39.999  11.386  33.036 0.0000000000
77518  -39.244  11.245  32.459 0.0000000000
79200  -42.965  11.958  33.893 0.0000000000
79196  -44.203  12.532  34.039 0.0000000000
80047  -44.691  12.985  34.283 0.0000000000
68184  -29.122  1.782  51.658 0.0000000000
69248  -29.446  2.375  50.957 0.0000000000
68227  -29.191  1.270  48.564 0.0000000000
68228  -29.910  1.361  48.811 0.0000000000
67174  -32.856  0.667  49.283 0.0000000000
67173  -32.083  0.835  49.276 0.0000000000
67185  -32.364  0.612  48.672 0.0000000000
67201  -31.840  0.399  47.498 0.0000000000
121591  -31.848  0.566  48.193 0.0000000000
67219  -30.790  0.298  46.502 0.0000000000
123712  -29.818  0.303  46.407 0.0000000000
66234  -31.910  -0.740  45.264 0.0000000000
66254  -31.541  -1.236  44.578 0.0000000000
66255  -32.458  -1.154  44.501 0.0000000000
65245  -32.766  -1.181  43.876 0.0000000000
66258  -35.117  -0.251  44.973 0.0000000000
66267  -35.307  -0.053  44.286 0.0000000000
67263  -35.852  0.522  43.704 0.0000000000
68266  -37.829  2.102  44.828 0.0000000000
69299  -38.551  2.425  44.149 0.0000000000
68273  -37.528  2.249  43.939 0.0000000000
60898  -14.015  -5.022  64.673 0.0000000000
122466  -13.827  -4.909  65.573 0.0000000000
124728  -13.791  -6.949  62.974 0.0000000000
57693  -13.345  -8.434  63.188 0.0000000000
57684  -13.049  -8.141  63.806 0.0000000000
57683  -12.751  -7.813  64.448 0.0000000000
58742  -12.858  -7.059  64.551 0.0000000000
57671  -12.319  -8.093  64.936 0.0000000000
118246  -30.971  -4.523  52.024 0.0000000000
65164  -32.295  -1.653  52.507 0.0000000000
65163  -31.623  -1.098  52.171 0.0000000000
133351  -31.127  -0.412  52.730 0.0000000000
134146  -32.974  -3.835  57.118 0.0000000000
117766  -33.446  -3.241  56.666 0.0000000000
118137  -34.040  -1.819  55.951 0.0000000000
134234  -33.766  -2.570  56.201 0.0000000000
117436  -33.611  -1.445  55.217 0.0000000000
66151  -32.803  0.047  55.185 0.0000000000
66159  -32.538  -0.266  54.421 0.0000000000
66158  -31.714  0.159  54.179 0.0000000000
68148  -30.433  1.399  54.368 0.0000000000
67146  -30.800  0.567  53.984 0.0000000000
67145  -30.063  1.188  53.644 0.0000000000
70251  -30.774  3.380  53.192 0.0000000000
118494  -31.467  2.999  52.166 0.0000000000
125851  -32.191  2.748  52.343 0.0000000000
70243  -33.365  3.542  54.522 0.0000000000
70242  -32.513  3.716  54.310 0.0000000000
68171  -33.501  1.627  52.228 0.0000000000
59868  -18.413  -7.125  57.608 0.0000000000
58789  -17.811  -7.473  57.052 0.0000000000
58798  -17.918  -7.531  56.065 0.0000000000
62042  -24.000  -5.105  60.095 0.0000000000
62051  -23.781  -4.978  59.277 0.0000000000
63108  -23.808  -4.035  57.315 0.0000000000
62062  -23.214  -4.596  57.085 0.0000000000
60999  -22.053  -5.177  56.572 0.0000000000
62066  -22.630  -4.513  56.265 0.0000000000
63119  -25.207  -3.533  55.864 0.0000000000
60920  -17.791  -5.585  63.622 0.0000000000
140516  -17.039  -5.486  63.346 0.0000000000
59811  -19.525  -6.171  62.224 0.0000000000
60940  -19.139  -5.822  62.824 0.0000000000
130394  -18.247  -6.142  61.620 0.0000000000
59823  -15.637  -5.895  60.622 0.0000000000
128883  -14.883  -6.471  60.852 0.0000000000
126216  -40.487  10.800  30.801 0.0000000000
132735  -43.185  11.292  31.179 0.0000000000
138696  -41.966  11.002  30.609 0.0000000000
78395  -42.686  11.354  30.432 0.0000000000
78392  -45.692  11.851  31.318 0.0000000000
79228  -44.611  12.468  30.009 0.0000000000
79235  -43.296  11.865  29.077 0.0000000000
79241  -43.652  12.176  28.227 0.0000000000
79248  -44.972  12.332  27.349 0.0000000000
79249  -45.965  12.692  27.084 0.0000000000
80084  -46.385  13.412  27.694 0.0000000000
80082  -47.749  14.283  28.152 0.0000000000
80895  -48.795  14.361  27.968 0.0000000000
80896  -49.178  14.387  28.554 0.0000000000
51952  -7.465  -13.175  72.680 0.0000000000
51938  -7.763  -12.810  73.306 0.0000000000
67166  -28.356  0.727  50.703 0.0000000000
66200  -28.020  -0.257  50.466 0.0000000000
70374  -32.133  4.105  39.694 0.0000000000
71371  -32.434  4.690  39.104 0.0000000000
71372  -33.152  5.194  39.659 0.0000000000
66265  -33.433  -0.523  43.820 0.0000000000
69314  -33.826  2.452  42.280 0.0000000000
68292  -32.825  2.189  42.026 0.0000000000
71338  -38.533  3.507  41.880 0.0000000000
71337  -37.461  3.005  41.619 0.0000000000
71347  -36.433  3.745  41.305 0.0000000000
70353  -34.904  3.604  41.797 0.0000000000
71346  -35.418  4.105  41.582 0.0000000000
136130  -34.517  4.226  41.552 0.0000000000
72420  -35.910  4.679  41.509 0.0000000000
73419  -36.667  6.410  40.896 0.0000000000
126127  -35.922  6.408  40.746 0.0000000000
73426  -34.845  6.464  40.265 0.0000000000
141475  -35.476  7.674  39.647 0.0000000000
131448  -37.462  8.856  41.211 0.0000000000
76529  -37.786  9.799  40.512 0.0000000000
76530  -38.449  10.344  40.911 0.0000000000
53072  -9.491  -10.930  72.428 0.0000000000
54198  -9.941  -10.652  72.855 0.0000000000
53058  -9.487  -11.083  73.342 0.0000000000
53071  -8.937  -11.615  72.835 0.0000000000
51954  -8.666  -11.961  71.862 0.0000000000
132971  -7.977  -12.831  70.717 0.0000000000
50801  -7.492  -12.573  74.829 0.0000000000
50784  -6.670  -13.671  76.193 0.0000000000
122753  -6.775  -13.870  76.885 0.0000000000
47497  -4.855  -17.216  75.851 0.0000000000
138306  -5.342  -16.201  75.881 0.0000000000
48540  -5.049  -16.329  76.477 0.0000000000
49592  -5.594  -14.869  77.210 0.0000000000
50772  -5.988  -14.454  78.323 0.0000000000
50768  -6.054  -14.112  79.068 0.0000000000
49573  -4.760  -14.688  78.564 0.0000000000
51904  -4.298  -13.597  78.691 0.0000000000
127655  -4.427  -13.037  79.040 0.0000000000
51919  -8.237  -11.892  75.624 0.0000000000
117728  -30.778  -4.665  54.412 0.0000000000
59852  -20.848  -6.651  59.160 0.0000000000
59862  -22.074  -6.236  58.555 0.0000000000
117389  -29.117  -4.425  57.123 0.0000000000
134167  -28.298  -4.397  56.932 0.0000000000
134420  -28.609  -4.527  56.193 0.0000000000
117721  -28.450  -4.595  55.233 0.0000000000
117406  -29.251  -4.718  54.734 0.0000000000
60926  -24.158  -5.006  63.089 0.0000000000
138996  -23.505  -5.195  63.355 0.0000000000
123338  -22.002  -6.076  62.534 0.0000000000
59813  -21.336  -6.351  62.024 0.0000000000
59841  -20.879  -6.561  60.571 0.0000000000
139808  -37.990  9.854  31.759 0.0000000000
77536  -40.555  10.279  30.017 0.0000000000
64180  -31.482  -2.404  50.877 0.0000000000
66275  -32.140  -0.331  42.555 0.0000000000
56569  -11.283  -8.859  66.009 0.0000000000
55414  -10.435  -9.393  67.686 0.0000000000
53125  -8.943  -11.856  67.409 0.0000000000
123300  -9.445  -11.948  66.576 0.0000000000
134145  -33.943  -2.400  59.532 0.0000000000
63077  -26.467  -3.232  62.531 0.0000000000
126306  -25.926  -3.615  62.047 0.0000000000
64118  -27.049  -2.739  62.118 0.0000000000
127063  -27.789  -2.565  61.728 0.0000000000
117956  -30.010  -2.468  61.880 0.0000000000
117862  -30.427  -2.910  61.301 0.0000000000
134272  -30.416  -3.334  60.694 0.0000000000
117699  -30.476  -3.643  59.891 0.0000000000
134363  -29.798  -3.741  59.359 0.0000000000
134375  -31.285  -3.738  59.544 0.0000000000
63071  -26.396  -3.286  63.394 0.0000000000
76537  -37.269  9.614  39.825 0.0000000000
75563  -36.628  9.442  39.078 0.0000000000
76551  -37.513  10.159  39.082 0.0000000000
76560  -37.675  10.784  38.189 0.0000000000
78337  -40.846  12.134  37.326 0.0000000000
78346  -40.332  11.774  36.822 0.0000000000
77501  -39.937  11.363  35.356 0.0000000000
142407  -39.531  11.109  34.930 0.0000000000
77513  -40.785  11.346  34.078 0.0000000000
78371  -41.582  11.449  33.668 0.0000000000
79194  -42.638  12.366  34.547 0.0000000000
69233  -30.269  2.697  51.357 0.0000000000
69249  -30.299  2.443  50.636 0.0000000000
68201  -30.832  2.072  50.087 0.0000000000
67221  -32.629  0.162  47.105 0.0000000000
67220  -31.808  0.169  46.622 0.0000000000
66236  -33.747  -0.431  45.166 0.0000000000
67254  -35.780  -0.143  45.003 0.0000000000
121269  -16.742  -5.387  64.821 0.0000000000
60900  -15.919  -5.188  64.077 0.0000000000
60917  -14.346  -5.340  63.820 0.0000000000
56609  -13.226  -9.206  62.857 0.0000000000
56595  -12.506  -9.139  63.767 0.0000000000
79260  -47.701  12.140  26.596 0.0000000000
133968  -48.831  12.962  26.680 0.0000000000
79262  -49.358  12.478  26.469 0.0000000000
53029  -6.158  -12.545  80.105 0.0000000000
134402  -32.339  -3.815  53.702 0.0000000000
117967  -32.512  -3.396  52.514 0.0000000000
134232  -33.903  -2.635  56.967 0.0000000000
67120  -32.573  1.181  56.644 0.0000000000
68141  -31.797  1.410  56.170 0.0000000000
70240  -30.944  3.396  54.003 0.0000000000
70252  -31.400  3.464  53.545 0.0000000000
69202  -34.052  2.539  54.025 0.0000000000
59882  -19.368  -6.740  56.286 0.0000000000
63095  -24.738  -3.975  59.520 0.0000000000
62057  -23.939  -4.537  58.700 0.0000000000
63102  -24.492  -3.976  58.881 0.0000000000
63101  -24.170  -3.976  58.115 0.0000000000
63129  -25.776  -3.744  55.270 0.0000000000
123088  -24.984  -3.686  54.925 0.0000000000
59838  -17.571  -6.278  60.528 0.0000000000
59837  -16.219  -6.412  59.812 0.0000000000
59847  -15.826  -7.221  59.343 0.0000000000
57720  -15.882  -7.999  58.827 0.0000000000
78380  -42.686  11.201  32.599 0.0000000000
132664  -42.921  11.053  31.814 0.0000000000
140737  -43.433  11.356  31.648 0.0000000000
125362  -44.829  12.935  29.186 0.0000000000
79237  -45.588  13.360  29.226 0.0000000000
80080  -46.071  13.560  28.538 0.0000000000
80073  -47.093  14.255  29.141 0.0000000000
131664  -7.059  -13.947  71.515 0.0000000000
67172  -27.823  0.348  49.147 0.0000000000
143193  -27.706  -0.094  49.727 0.0000000000
66208  -27.675  -0.503  49.042 0.0000000000
65207  -27.570  -1.313  48.555 0.0000000000
69349  -31.336  2.815  39.378 0.0000000000
70363  -31.808  3.452  40.048 0.0000000000
67271  -34.589  0.939  43.103 0.0000000000
68280  -35.200  1.556  42.813 0.0000000000
71349  -38.056  3.713  41.192 0.0000000000
72410  -38.002  4.661  40.993 0.0000000000
72409  -37.049  4.788  41.078 0.0000000000
126561  -36.284  5.378  41.269 0.0000000000
74448  -36.462  7.331  40.687 0.0000000000
74449  -37.283  7.196  41.059 0.0000000000
126631  -10.085  -10.055  70.613 0.0000000000
54208  -9.856  -10.484  71.863 0.0000000000
53085  -9.602  -11.044  71.461 0.0000000000
50799  -6.366  -14.580  74.133 0.0000000000
49610  -6.252  -14.383  74.993 0.0000000000
49604  -5.807  -15.290  75.948 0.0000000000
48533  -4.794  -16.156  76.922 0.0000000000
49575  -5.378  -14.576  78.411 0.0000000000
49582  -4.749  -15.047  77.722 0.0000000000
133417  -4.602  -14.884  77.864 0.0000000000
65094  -28.992  -1.736  62.986 0.0000000000
117374  -31.482  -2.105  62.034 0.0000000000
78318  -40.592  12.035  39.392 0.0000000000
77461  -39.819  11.826  39.007 0.0000000000
78319  -41.087  12.189  39.055 0.0000000000
79179  -42.119  13.138  36.367 0.0000000000
79180  -42.711  13.280  35.670 0.0000000000
68204  -33.321  1.082  50.951 0.0000000000
68217  -33.317  0.804  50.029 0.0000000000
67175  -33.649  0.776  49.191 0.0000000000
67187  -34.283  0.943  48.675 0.0000000000
67204  -34.278  0.609  47.856 0.0000000000
67224  -35.462  0.309  46.592 0.0000000000
59822  -14.590  -6.342  61.669 0.0000000000
57700  -13.988  -8.013  61.953 0.0000000000
53041  -8.473  -12.457  78.172 0.0000000000
134250  -30.903  -4.607  53.234 0.0000000000
117973  -33.575  -2.872  54.280 0.0000000000
134792  -31.617  4.036  55.564 0.0000000000
59860  -17.493  -7.048  58.764 0.0000000000
59869  -19.304  -6.836  57.352 0.0000000000
63104  -27.054  -3.586  58.605 0.0000000000
134791  -26.210  -3.576  57.934 0.0000000000
63111  -26.510  -3.637  57.143 0.0000000000
63120  -26.474  -3.714  56.454 0.0000000000
118135  -27.695  -4.414  56.335 0.0000000000
63131  -27.022  -4.039  56.205 0.0000000000
63130  -26.549  -3.983  55.656 0.0000000000
63143  -26.352  -4.081  54.745 0.0000000000
133356  -20.266  -5.422  63.854 0.0000000000
60941  -20.410  -5.851  63.148 0.0000000000
59826  -19.080  -6.261  61.440 0.0000000000
59849  -17.925  -6.740  59.238 0.0000000000
138749  -36.549  9.568  34.291 0.0000000000
79203  -45.794  12.307  33.509 0.0000000000
79210  -46.066  11.857  32.682 0.0000000000
79230  -47.754  12.895  30.560 0.0000000000
67217  -28.298  0.216  46.566 0.0000000000
133755  -27.597  -0.394  46.636 0.0000000000
66222  -27.916  -0.222  45.978 0.0000000000
69306  -37.794  2.418  43.035 0.0000000000
70343  -37.264  2.412  42.399 0.0000000000
71339  -39.432  4.208  42.121 0.0000000000
129773  -39.637  5.182  41.949 0.0000000000
72401  -39.546  5.954  41.878 0.0000000000
74435  -38.542  6.761  42.043 0.0000000000
75530  -38.100  7.675  42.223 0.0000000000
57640  -11.439  -7.242  67.632 0.0000000000
55394  -10.095  -9.433  69.894 0.0000000000
55404  -10.259  -9.427  68.798 0.0000000000
53108  -9.184  -11.388  69.771 0.0000000000
46471  -3.497  -17.708  76.850 0.0000000000
134474  -31.707  -4.503  57.118 0.0000000000
134480  -33.903  -2.224  60.447 0.0000000000
60958  -23.408  -5.707  60.386 0.0000000000
60959  -23.846  -5.557  61.000 0.0000000000
62043  -24.635  -4.370  60.140 0.0000000000
63082  -25.978  -3.550  61.397 0.0000000000
63089  -25.686  -3.663  60.817 0.0000000000
63088  -25.265  -3.728  60.006 0.0000000000
63096  -25.806  -3.440  59.387 0.0000000000
64119  -28.579  -2.474  61.806 0.0000000000
118146  -28.384  -2.743  61.184 0.0000000000
64124  -27.616  -2.941  60.771 0.0000000000
118121  -27.310  -3.299  60.072 0.0000000000
137430  -27.845  -3.691  58.787 0.0000000000
117441  -28.447  -3.956  58.496 0.0000000000
118091  -29.141  -4.294  58.115 0.0000000000
62020  -24.507  -4.496  63.578 0.0000000000
73441  -34.877  7.611  38.874 0.0000000000
74469  -35.172  8.143  38.123 0.0000000000
75572  -35.848  9.072  37.901 0.0000000000
124334  -35.677  9.054  37.171 0.0000000000
77469  -38.412  11.184  37.385 0.0000000000
77479  -39.797  11.432  37.257 0.0000000000
77476  -37.532  10.725  36.028 0.0000000000
76575  -36.679  9.952  34.947 0.0000000000
76590  -37.235  10.041  34.166 0.0000000000
76598  -37.817  10.567  33.515 0.0000000000
121907  -39.466  11.113  34.275 0.0000000000
77510  -38.416  11.007  32.928 0.0000000000
76607  -38.427  10.466  31.777 0.0000000000
77530  -39.337  10.809  31.529 0.0000000000
77531  -40.082  10.832  31.422 0.0000000000
78379  -41.815  11.092  32.890 0.0000000000
78373  -43.266  11.602  33.173 0.0000000000
136302  -44.434  12.046  33.541 0.0000000000
80034  -43.406  13.631  35.437 0.0000000000
80038  -43.960  13.236  34.655 0.0000000000
79202  -44.954  12.438  33.795 0.0000000000
127532  -46.246  13.367  34.547 0.0000000000
67157  -28.728  0.690  51.621 0.0000000000
68199  -28.543  1.488  49.995 0.0000000000
68200  -29.050  2.129  50.205 0.0000000000
68212  -28.338  1.180  49.071 0.0000000000
68226  -28.609  0.927  48.291 0.0000000000
126302  -30.575  1.096  48.625 0.0000000000
67183  -30.024  1.022  48.156 0.0000000000
137576  -29.140  0.535  46.948 0.0000000000
67218  -29.020  0.276  46.249 0.0000000000
67237  -29.420  -0.037  45.745 0.0000000000
66232  -29.928  -0.518  45.175 0.0000000000
67239  -31.347  -0.190  45.909 0.0000000000
66253  -30.501  -1.125  44.581 0.0000000000
137391  -32.193  -1.267  43.492 0.0000000000
132068  -33.879  -0.446  44.384 0.0000000000
66266  -34.372  -0.136  43.976 0.0000000000
139845  -36.266  0.963  43.307 0.0000000000
68281  -36.456  1.693  43.543 0.0000000000
67241  -35.845  0.041  45.787 0.0000000000
125486  -36.266  0.479  45.178 0.0000000000
68256  -37.394  1.492  45.420 0.0000000000
67255  -36.735  1.071  45.291 0.0000000000
135279  -36.480  1.088  44.639 0.0000000000
140140  -36.552  1.639  44.182 0.0000000000
68272  -36.720  2.030  43.994 0.0000000000
126843  -39.203  3.190  43.023 0.0000000000
59807  -14.318  -6.185  62.499 0.0000000000
126128  -13.521  -6.862  63.637 0.0000000000
59792  -12.810  -6.350  64.992 0.0000000000
56570  -11.811  -8.393  65.422 0.0000000000
56582  -11.666  -9.071  65.141 0.0000000000
117380  -32.342  -4.274  55.982 0.0000000000
117858  -33.360  -3.261  55.802 0.0000000000
66152  -33.414  -0.433  55.522 0.0000000000
117438  -33.319  -1.482  54.445 0.0000000000
66168  -31.407  -0.132  53.449 0.0000000000
66179  -30.185  -0.123  52.601 0.0000000000
68169  -29.303  1.771  52.407 0.0000000000
69216  -30.180  2.970  52.729 0.0000000000
133621  -30.251  3.042  52.052 0.0000000000
69234  -30.963  2.903  51.713 0.0000000000
68185  -32.614  1.601  51.301 0.0000000000
70226  -31.942  4.189  54.967 0.0000000000
70253  -32.144  3.437  53.531 0.0000000000
135179  -32.418  3.060  52.951 0.0000000000
69236  -32.743  2.015  51.960 0.0000000000
59854  -22.612  -6.035  59.133 0.0000000000
60977  -22.536  -5.714  58.182 0.0000000000
60989  -22.288  -5.477  57.357 0.0000000000
60998  -21.351  -5.536  56.110 0.0000000000
61006  -21.114  -5.294  55.206 0.0000000000
63110  -25.374  -3.547  57.838 0.0000000000
126182  -24.077  -3.715  56.738 0.0000000000
63128  -24.403  -3.550  55.502 0.0000000000
118556  -23.871  -3.667  55.998 0.0000000000
62073  -22.279  -4.208  55.248 0.0000000000
60901  -17.647  -5.507  64.582 0.0000000000
60919  -16.203  -5.236  63.100 0.0000000000
60922  -19.652  -5.694  63.408 0.0000000000
60939  -18.251  -5.702  62.837 0.0000000000
59825  -17.417  -6.058  61.310 0.0000000000
59808  -16.982  -5.668  61.925 0.0000000000
60950  -15.518  -5.435  61.541 0.0000000000
58759  -14.664  -7.405  60.608 0.0000000000
120854  -41.249  10.776  30.300 0.0000000000
77541  -41.254  10.323  29.285 0.0000000000
77542  -42.022  10.824  28.929 0.0000000000
78397  -44.458  11.832  30.627 0.0000000000
128522  -43.187  11.733  29.912 0.0000000000
78405  -42.671  11.257  28.576 0.0000000000
77550  -42.909  10.969  27.841 0.0000000000
77556  -44.063  10.459  27.245 0.0000000000
79247  -44.191  12.030  27.592 0.0000000000
79259  -46.636  12.077  26.508 0.0000000000
130090  -49.709  14.274  27.980 0.0000000000
51930  -8.339  -11.853  74.264 0.0000000000
50808  -7.219  -13.012  73.917 0.0000000000
50807  -6.746  -13.935  73.687 0.0000000000
133485  -6.674  -14.145  72.992 0.0000000000
50806  -6.350  -14.718  73.292 0.0000000000
66201  -28.875  -0.771  50.897 0.0000000000
65219  -27.174  -1.235  46.855 0.0000000000
72443  -33.947  6.453  39.230 0.0000000000
67270  -33.614  0.872  42.935 0.0000000000
67269  -32.731  0.755  42.604 0.0000000000
68277  -32.530  1.427  42.161 0.0000000000
69325  -32.515  2.652  41.408 0.0000000000
69317  -36.546  2.110  42.324 0.0000000000
69316  -36.168  2.631  42.058 0.0000000000
69328  -35.475  2.668  42.289 0.0000000000
69327  -34.797  2.942  42.148 0.0000000000
69326  -33.915  3.233  41.864 0.0000000000
69339  -33.041  3.380  41.441 0.0000000000
71360  -33.766  4.516  41.156 0.0000000000
71373  -33.906  5.115  40.640 0.0000000000
72419  -35.009  5.601  41.064 0.0000000000
120069  -34.569  6.986  39.332 0.0000000000
74456  -35.860  7.920  39.886 0.0000000000
75548  -36.622  8.815  39.915 0.0000000000
75539  -36.705  8.086  40.664 0.0000000000
77441  -38.345  10.581  40.182 0.0000000000
75531  -38.356  8.838  42.358 0.0000000000
53055  -9.411  -11.090  74.049 0.0000000000
51964  -7.456  -13.258  71.915 0.0000000000
51965  -7.988  -12.677  71.497 0.0000000000
53107  -8.514  -12.270  69.607 0.0000000000
51984  -8.228  -13.317  69.386 0.0000000000
51924  -7.826  -12.287  75.489 0.0000000000
51918  -7.789  -12.503  76.126 0.0000000000
50793  -6.665  -13.490  75.412 0.0000000000
51915  -7.874  -12.781  76.863 0.0000000000
51911  -7.395  -13.619  78.157 0.0000000000
48546  -5.079  -16.791  75.207 0.0000000000
49599  -5.688  -14.999  76.578 0.0000000000
48534  -5.190  -15.559  76.818 0.0000000000
49593  -6.265  -14.463  77.079 0.0000000000
50777  -6.921  -14.125  77.630 0.0000000000
51907  -6.904  -13.356  79.062 0.0000000000
51903  -6.214  -13.241  79.572 0.0000000000
51902  -5.630  -12.948  79.833 0.0000000000
50767  -5.176  -14.399  79.057 0.0000000000
53034  -4.958  -12.993  79.546 0.0000000000
53033  -4.335  -12.404  79.394 0.0000000000
47483  -3.252  -17.345  77.145 0.0000000000
48525  -3.882  -16.870  77.625 0.0000000000
49581  -4.188  -15.146  77.421 0.0000000000
50766  -4.587  -14.276  78.938 0.0000000000
59810  -18.675  -6.011  62.182 0.0000000000
60957  -22.704  -6.141  60.145 0.0000000000
62009  -24.951  -4.062  64.084 0.0000000000
62018  -23.064  -5.020  64.049 0.0000000000
62061  -22.651  -4.985  56.977 0.0000000000
67197  -27.729  0.059  47.898 0.0000000000
67216  -27.834  0.035  47.204 0.0000000000
70342  -36.710  2.584  41.862 0.0000000000
70354  -35.767  3.192  42.059 0.0000000000
123489  -13.776  -7.865  62.761 0.0000000000
142561  -32.791  5.180  38.973 0.0000000000
