#!ascii label  , from subject sub_0001 vox2ras=TkReg
1303
95114  -47.201  34.073  12.742 0.0000000000
105706  -43.184  51.240  14.620 0.0000000000
101514  -42.363  43.154  13.848 0.0000000000
95914  -43.723  33.889  0.523 0.0000000000
104623  -43.670  48.631  8.435 0.0000000000
101569  -45.312  42.890  8.688 0.0000000000
100250  -43.917  42.135  2.663 0.0000000000
97224  -37.374  36.681  4.682 0.0000000000
94295  -47.359  32.852  25.408 0.0000000000
119438  -46.025  34.693  19.792 0.0000000000
106773  -36.725  52.114  10.137 0.0000000000
137889  -41.759  54.594  8.700 0.0000000000
108344  -47.106  55.202  6.392 0.0000000000
96529  -40.811  35.040  11.844 0.0000000000
102745  -46.682  45.168  15.473 0.0000000000
118890  -43.350  39.481  7.988 0.0000000000
95869  -42.564  34.112  5.943 0.0000000000
94448  -40.253  31.964  7.478 0.0000000000
129656  -36.461  34.011  10.926 0.0000000000
121228  -47.123  33.064  11.538 0.0000000000
129239  -45.287  48.781  6.897 0.0000000000
102836  -45.049  45.237  5.846 0.0000000000
102856  -44.849  45.884  3.576 0.0000000000
100234  -40.779  41.728  4.837 0.0000000000
96446  -47.184  35.708  22.887 0.0000000000
135136  -44.372  35.830  21.913 0.0000000000
106230  -34.161  51.281  12.172 0.0000000000
108306  -43.860  55.486  8.378 0.0000000000
97173  -39.208  36.653  14.198 0.0000000000
98994  -40.397  39.552  11.873 0.0000000000
105697  -42.234  51.407  16.215 0.0000000000
103989  -44.381  48.431  15.702 0.0000000000
124767  -46.775  38.989  4.952 0.0000000000
99022  -47.770  39.607  8.904 0.0000000000
97853  -43.710  37.238  4.141 0.0000000000
97225  -40.291  36.674  6.267 0.0000000000
122498  -40.728  33.870  3.420 0.0000000000
93808  -42.309  31.665  6.022 0.0000000000
93830  -39.777  31.188  3.067 0.0000000000
95857  -35.832  33.904  7.083 0.0000000000
131169  -41.434  49.522  11.454 0.0000000000
103407  -42.392  46.372  12.448 0.0000000000
102164  -42.864  45.021  8.351 0.0000000000
100902  -45.558  42.227  4.499 0.0000000000
99101  -43.140  38.867  1.454 0.0000000000
96610  -39.386  35.172  1.636 0.0000000000
98481  -40.195  38.861  2.843 0.0000000000
99069  -37.912  38.944  5.772 0.0000000000
94326  -49.405  32.697  22.949 0.0000000000
95747  -48.669  34.290  19.891 0.0000000000
95786  -46.559  33.904  15.573 0.0000000000
104577  -35.728  48.200  14.604 0.0000000000
105172  -38.063  49.872  13.677 0.0000000000
106750  -40.390  52.492  13.111 0.0000000000
107256  -42.309  54.118  12.106 0.0000000000
131428  -43.712  53.956  10.510 0.0000000000
106788  -45.788  52.282  8.987 0.0000000000
106267  -45.616  51.787  7.325 0.0000000000
107821  -45.788  54.606  5.765 0.0000000000
97152  -42.442  36.254  17.864 0.0000000000
95783  -43.362  34.606  15.487 0.0000000000
119454  -44.719  34.593  12.359 0.0000000000
128999  -46.572  42.969  15.487 0.0000000000
120348  -46.479  44.562  12.341 0.0000000000
100178  -47.880  40.865  12.722 0.0000000000
99602  -43.400  40.371  11.320 0.0000000000
98425  -39.735  38.098  8.710 0.0000000000
96552  -42.583  35.358  9.675 0.0000000000
95845  -45.247  34.838  9.238 0.0000000000
131846  -44.984  33.420  8.677 0.0000000000
94428  -42.870  32.123  9.515 0.0000000000
94401  -40.639  32.568  11.451 0.0000000000
95178  -37.258  33.030  5.088 0.0000000000
94423  -38.117  32.789  8.860 0.0000000000
94399  -38.925  33.204  11.934 0.0000000000
95105  -47.886  33.588  13.956 0.0000000000
95126  -48.280  33.066  12.908 0.0000000000
95136  -47.444  33.470  11.968 0.0000000000
105223  -45.248  48.798  6.019 0.0000000000
127691  -45.500  47.028  4.904 0.0000000000
104076  -44.244  47.396  4.318 0.0000000000
102201  -42.806  44.936  4.586 0.0000000000
100172  -41.037  41.458  12.026 0.0000000000
106734  -43.372  52.740  16.202 0.0000000000
124043  -44.359  36.655  2.522 0.0000000000
98473  -45.873  37.723  4.606 0.0000000000
97245  -43.541  36.042  2.869 0.0000000000
97243  -41.266  35.346  3.380 0.0000000000
135455  -42.153  33.677  1.288 0.0000000000
95197  -40.354  32.375  2.608 0.0000000000
95215  -41.162  33.193  1.231 0.0000000000
128134  -42.392  49.090  9.336 0.0000000000
104036  -41.557  47.585  9.970 0.0000000000
104047  -42.917  47.764  8.490 0.0000000000
102218  -45.366  44.319  3.339 0.0000000000
123448  -45.087  43.636  5.373 0.0000000000
127944  -45.263  42.829  2.915 0.0000000000
100258  -44.797  41.039  2.648 0.0000000000
99676  -44.050  40.755  2.342 0.0000000000
98488  -41.507  38.653  1.834 0.0000000000
99669  -42.008  40.755  2.949 0.0000000000
99655  -39.366  40.642  5.245 0.0000000000
95734  -46.865  34.980  21.353 0.0000000000
118594  -47.763  34.875  21.752 0.0000000000
119436  -46.973  34.343  19.310 0.0000000000
95069  -47.597  33.820  17.466 0.0000000000
130860  -45.981  34.184  17.511 0.0000000000
106240  -35.322  51.617  11.140 0.0000000000
105730  -35.668  50.669  12.553 0.0000000000
106233  -37.053  51.177  12.167 0.0000000000
105733  -38.966  51.256  12.970 0.0000000000
106243  -38.562  51.742  11.544 0.0000000000
107283  -40.125  53.967  8.841 0.0000000000
106777  -40.801  53.267  10.703 0.0000000000
107764  -42.608  54.325  10.664 0.0000000000
106768  -43.115  54.060  11.363 0.0000000000
107770  -43.080  54.592  10.042 0.0000000000
108325  -45.517  55.822  7.696 0.0000000000
107784  -45.159  54.598  8.786 0.0000000000
107786  -46.674  53.496  7.975 0.0000000000
106265  -46.397  51.816  8.120 0.0000000000
107300  -47.010  53.487  6.739 0.0000000000
107299  -46.006  53.228  6.845 0.0000000000
108359  -47.124  54.989  5.513 0.0000000000
98372  -36.948  39.221  16.198 0.0000000000
98361  -38.175  38.215  17.996 0.0000000000
98369  -39.433  38.452  16.962 0.0000000000
97756  -41.066  37.053  18.527 0.0000000000
97773  -40.544  37.578  16.696 0.0000000000
96522  -40.294  35.075  13.413 0.0000000000
96515  -41.407  34.970  14.809 0.0000000000
95794  -42.094  34.560  14.230 0.0000000000
95808  -43.467  34.311  13.582 0.0000000000
95817  -42.343  34.704  12.397 0.0000000000
102735  -46.807  45.976  17.924 0.0000000000
101456  -47.167  43.376  17.754 0.0000000000
101470  -47.242  43.328  16.134 0.0000000000
128322  -43.775  44.561  10.499 0.0000000000
102113  -44.892  45.169  11.991 0.0000000000
101546  -46.291  43.750  10.177 0.0000000000
99034  -46.493  39.270  8.545 0.0000000000
99616  -47.918  40.123  10.481 0.0000000000
99623  -45.368  39.754  10.177 0.0000000000
100188  -44.879  40.868  11.987 0.0000000000
99010  -43.527  39.749  10.226 0.0000000000
99017  -41.441  39.344  9.794 0.0000000000
99030  -41.593  39.329  8.264 0.0000000000
96574  -40.907  35.418  6.474 0.0000000000
96566  -41.098  35.535  7.428 0.0000000000
95852  -43.345  35.098  7.748 0.0000000000
96553  -43.826  35.277  9.610 0.0000000000
95853  -44.324  34.805  8.025 0.0000000000
95153  -45.239  34.097  9.083 0.0000000000
95167  -44.604  33.245  6.557 0.0000000000
93798  -41.065  31.692  6.703 0.0000000000
93793  -42.302  31.648  7.670 0.0000000000
94437  -41.513  31.823  8.530 0.0000000000
130191  -42.138  32.276  10.421 0.0000000000
94426  -40.776  32.114  9.300 0.0000000000
121411  -37.952  36.007  3.298 0.0000000000
95895  -37.811  34.351  3.301 0.0000000000
95881  -37.013  34.629  4.659 0.0000000000
95151  -36.231  33.196  9.360 0.0000000000
94432  -36.881  32.780  7.901 0.0000000000
94412  -37.818  33.336  10.160 0.0000000000
94413  -38.599  33.215  10.786 0.0000000000
95134  -38.134  33.542  11.494 0.0000000000
94380  -38.370  32.563  13.683 0.0000000000
94350  -50.226  32.231  17.132 0.0000000000
118635  -46.464  32.346  11.308 0.0000000000
104625  -45.182  48.927  7.799 0.0000000000
104056  -44.713  47.314  7.464 0.0000000000
104065  -45.317  47.515  6.582 0.0000000000
102848  -45.530  45.732  4.004 0.0000000000
101599  -44.627  44.109  2.916 0.0000000000
100248  -42.185  41.513  3.451 0.0000000000
125073  -43.070  43.522  3.849 0.0000000000
95022  -47.921  34.424  24.873 0.0000000000
96409  -46.365  36.000  23.999 0.0000000000
96470  -44.735  35.548  21.119 0.0000000000
106781  -35.393  52.693  9.595 0.0000000000
108305  -43.169  55.154  8.554 0.0000000000
108893  -45.518  56.819  6.410 0.0000000000
109470  -46.586  57.108  5.317 0.0000000000
98381  -39.215  38.258  15.518 0.0000000000
127024  -38.867  37.820  12.784 0.0000000000
97189  -39.169  36.760  11.565 0.0000000000
103387  -45.523  46.509  15.750 0.0000000000
99650  -47.425  40.626  6.961 0.0000000000
100209  -47.611  41.491  8.405 0.0000000000
99063  -47.553  38.937  7.081 0.0000000000
98445  -45.684  38.349  6.068 0.0000000000
99072  -43.815  38.625  5.900 0.0000000000
98456  -41.408  38.262  5.804 0.0000000000
97851  -41.573  37.233  4.487 0.0000000000
96579  -40.590  35.234  5.208 0.0000000000
95876  -40.998  33.804  5.154 0.0000000000
95172  -43.286  33.052  5.525 0.0000000000
95180  -41.299  32.547  5.153 0.0000000000
93815  -40.680  31.632  4.857 0.0000000000
93806  -39.978  31.457  5.364 0.0000000000
138249  -36.481  35.201  5.971 0.0000000000
101467  -43.494  43.555  16.448 0.0000000000
105723  -42.264  50.684  13.149 0.0000000000
104591  -42.437  49.125  13.951 0.0000000000
104012  -41.305  47.459  11.830 0.0000000000
102790  -42.353  45.565  10.271 0.0000000000
101556  -43.767  43.614  8.974 0.0000000000
102823  -43.812  45.476  7.223 0.0000000000
131877  -43.888  43.796  7.073 0.0000000000
100892  -45.640  42.159  6.345 0.0000000000
100236  -46.330  40.784  5.028 0.0000000000
99098  -44.919  38.892  2.406 0.0000000000
97880  -43.708  36.910  1.415 0.0000000000
118544  -41.921  34.848  0.267 0.0000000000
97877  -40.941  36.803  1.121 0.0000000000
97869  -39.509  37.672  2.628 0.0000000000
97849  -38.440  37.671  3.984 0.0000000000
99661  -40.455  40.684  4.030 0.0000000000
99079  -38.992  39.075  4.672 0.0000000000
95720  -49.067  34.399  23.126 0.0000000000
95742  -49.221  33.913  20.914 0.0000000000
95053  -49.732  33.087  19.225 0.0000000000
133705  -49.100  33.430  18.044 0.0000000000
128943  -48.303  33.413  15.736 0.0000000000
95094  -47.086  33.818  14.548 0.0000000000
103986  -37.944  47.592  15.345 0.0000000000
104589  -37.034  48.909  13.807 0.0000000000
104580  -38.594  48.682  14.566 0.0000000000
105703  -39.741  50.298  14.133 0.0000000000
106217  -41.080  51.938  14.576 0.0000000000
106745  -42.381  53.250  14.828 0.0000000000
106784  -38.143  52.728  9.719 0.0000000000
106766  -40.071  52.525  11.338 0.0000000000
106759  -41.197  53.287  12.797 0.0000000000
106753  -42.932  53.441  13.801 0.0000000000
106246  -42.940  52.568  11.987 0.0000000000
106258  -42.969  51.699  10.460 0.0000000000
105748  -43.194  50.921  9.695 0.0000000000
107771  -44.258  54.577  9.471 0.0000000000
106787  -44.951  52.460  9.497 0.0000000000
105750  -45.302  50.861  9.011 0.0000000000
105755  -45.969  50.106  8.280 0.0000000000
105769  -45.565  49.777  7.115 0.0000000000
106272  -44.535  51.802  6.720 0.0000000000
107298  -44.486  53.392  6.516 0.0000000000
121657  -46.951  56.292  4.704 0.0000000000
97144  -42.951  36.113  19.198 0.0000000000
96480  -43.890  35.264  18.550 0.0000000000
97167  -41.198  36.051  16.096 0.0000000000
96492  -42.528  35.166  16.675 0.0000000000
95759  -44.380  34.648  17.385 0.0000000000
125789  -44.655  34.441  15.869 0.0000000000
95797  -45.586  34.224  14.001 0.0000000000
95811  -46.018  34.493  13.033 0.0000000000
101499  -43.742  43.269  14.782 0.0000000000
104005  -42.908  47.306  14.006 0.0000000000
103398  -45.218  46.085  14.094 0.0000000000
102103  -46.567  44.952  13.877 0.0000000000
100857  -47.879  42.596  10.047 0.0000000000
101537  -48.386  42.226  12.176 0.0000000000
101517  -48.220  43.129  14.191 0.0000000000
100826  -46.538  42.131  13.460 0.0000000000
100838  -44.743  42.204  12.803 0.0000000000
100836  -42.551  42.229  12.521 0.0000000000
99600  -41.426  39.756  11.404 0.0000000000
98411  -39.529  38.065  10.539 0.0000000000
96542  -39.845  36.020  10.091 0.0000000000
140939  -39.948  37.069  7.303 0.0000000000
96550  -40.666  35.814  8.893 0.0000000000
96544  -41.361  35.378  10.293 0.0000000000
95826  -43.751  35.036  11.172 0.0000000000
95827  -45.096  34.848  11.021 0.0000000000
95829  -46.298  34.472  11.687 0.0000000000
95146  -45.715  34.488  10.204 0.0000000000
139669  -45.743  33.602  10.181 0.0000000000
94418  -45.290  32.763  10.391 0.0000000000
93801  -43.882  31.982  6.613 0.0000000000
94429  -43.900  32.451  9.530 0.0000000000
94417  -44.219  32.347  10.453 0.0000000000
94403  -42.476  32.234  11.250 0.0000000000
93774  -41.992  32.099  11.795 0.0000000000
95905  -39.009  33.602  2.150 0.0000000000
94471  -38.552  31.493  3.932 0.0000000000
94455  -38.273  31.858  5.763 0.0000000000
123995  -36.427  33.287  6.831 0.0000000000
94445  -37.499  32.527  7.266 0.0000000000
94434  -38.625  32.570  8.141 0.0000000000
142556  -39.396  32.579  9.599 0.0000000000
94400  -39.838  32.722  11.844 0.0000000000
95116  -48.436  33.206  13.562 0.0000000000
95115  -47.774  33.607  13.159 0.0000000000
95125  -47.628  33.570  12.520 0.0000000000
105231  -44.577  49.191  5.471 0.0000000000
104656  -44.849  48.425  5.130 0.0000000000
104662  -43.814  48.157  4.593 0.0000000000
100834  -40.556  42.243  12.474 0.0000000000
100822  -41.943  42.734  13.123 0.0000000000
106747  -43.308  52.987  15.415 0.0000000000
105707  -43.632  51.657  15.626 0.0000000000
105160  -43.394  50.540  15.181 0.0000000000
96612  -43.494  35.349  1.804 0.0000000000
97246  -44.223  36.381  2.809 0.0000000000
96611  -43.721  34.273  1.228 0.0000000000
97255  -43.222  35.025  2.083 0.0000000000
95908  -43.369  33.643  0.822 0.0000000000
95211  -41.337  33.262  1.268 0.0000000000
95913  -42.192  33.469  0.820 0.0000000000
105197  -43.206  49.346  8.867 0.0000000000
104610  -42.615  48.505  8.907 0.0000000000
100913  -45.189  43.417  2.714 0.0000000000
100914  -45.516  43.395  2.977 0.0000000000
142503  -44.928  42.759  2.629 0.0000000000
100257  -44.461  41.391  2.568 0.0000000000
100256  -44.011  41.458  2.539 0.0000000000
124530  -43.432  40.755  2.464 0.0000000000
99670  -43.118  41.333  2.807 0.0000000000
94296  -48.213  32.781  25.604 0.0000000000
95740  -46.095  35.036  20.903 0.0000000000
95745  -46.739  34.695  20.417 0.0000000000
118657  -46.010  34.404  18.610 0.0000000000
106251  -36.158  51.638  10.744 0.0000000000
138792  -35.916  51.375  11.471 0.0000000000
106241  -36.702  51.384  11.482 0.0000000000
106242  -37.698  51.512  11.667 0.0000000000
106252  -37.199  51.667  10.802 0.0000000000
107798  -41.278  54.932  7.873 0.0000000000
107781  -40.682  54.505  8.401 0.0000000000
107768  -41.127  54.147  9.228 0.0000000000
107270  -41.576  53.905  10.158 0.0000000000
107769  -42.197  54.387  9.660 0.0000000000
108878  -46.211  56.131  6.804 0.0000000000
108308  -45.928  55.026  8.145 0.0000000000
108326  -46.591  55.227  7.305 0.0000000000
134060  -46.997  53.343  7.249 0.0000000000
107812  -47.171  54.403  6.643 0.0000000000
107811  -47.096  54.002  6.297 0.0000000000
98971  -36.624  39.967  15.705 0.0000000000
98965  -37.505  39.306  15.688 0.0000000000
98373  -37.752  38.805  16.475 0.0000000000
125018  -38.813  38.709  16.390 0.0000000000
98370  -40.096  38.146  16.808 0.0000000000
132617  -40.129  35.141  12.487 0.0000000000
95793  -41.229  34.738  13.858 0.0000000000
95806  -41.192  34.718  12.747 0.0000000000
95807  -42.076  34.504  13.325 0.0000000000
139997  -41.705  34.881  11.926 0.0000000000
103383  -46.286  46.412  16.724 0.0000000000
102738  -46.743  45.680  17.113 0.0000000000
102084  -47.239  44.345  16.845 0.0000000000
102083  -47.286  44.295  15.846 0.0000000000
101545  -45.141  43.978  9.947 0.0000000000
102135  -44.627  44.472  10.582 0.0000000000
101558  -45.761  43.347  9.422 0.0000000000
99033  -45.228  39.447  8.420 0.0000000000
99020  -45.871  39.586  9.316 0.0000000000
99019  -44.511  39.667  9.524 0.0000000000
99622  -44.408  39.831  10.369 0.0000000000
128205  -43.512  39.572  9.386 0.0000000000
99031  -42.970  39.508  8.807 0.0000000000
121238  -42.389  39.442  8.108 0.0000000000
95858  -41.861  35.040  6.646 0.0000000000
95859  -43.022  34.665  6.818 0.0000000000
95860  -44.028  34.241  7.131 0.0000000000
95861  -44.758  33.789  7.593 0.0000000000
95870  -43.829  33.671  6.073 0.0000000000
94449  -41.278  31.715  7.605 0.0000000000
94436  -40.531  32.013  8.396 0.0000000000
97233  -37.531  35.923  4.024 0.0000000000
96590  -37.417  34.974  4.044 0.0000000000
96589  -37.049  35.681  4.813 0.0000000000
95143  -36.225  33.632  10.100 0.0000000000
95152  -37.022  33.323  9.724 0.0000000000
95144  -37.135  33.704  10.516 0.0000000000
95145  -37.814  33.601  10.867 0.0000000000
95133  -37.345  33.863  11.476 0.0000000000
95123  -37.972  33.539  12.414 0.0000000000
95083  -49.762  32.679  16.262 0.0000000000
104637  -45.121  48.371  7.616 0.0000000000
104057  -45.175  47.763  7.277 0.0000000000
104058  -45.208  48.186  7.226 0.0000000000
103483  -45.073  46.393  3.795 0.0000000000
103478  -45.519  46.360  4.533 0.0000000000
102861  -45.249  45.794  3.670 0.0000000000
102217  -45.028  44.646  3.253 0.0000000000
126523  -44.439  44.639  3.239 0.0000000000
101591  -43.831  44.181  3.367 0.0000000000
102202  -43.782  45.000  3.720 0.0000000000
101585  -42.276  44.231  4.983 0.0000000000
95041  -45.471  34.629  23.976 0.0000000000
118569  -45.122  35.689  21.951 0.0000000000
106771  -34.443  52.730  10.457 0.0000000000
108905  -44.587  56.649  6.597 0.0000000000
109475  -45.191  57.595  5.083 0.0000000000
119292  -44.814  57.823  4.277 0.0000000000
99593  -40.073  40.325  12.239 0.0000000000
98394  -39.172  38.819  12.712 0.0000000000
98399  -39.427  38.320  12.135 0.0000000000
97798  -38.925  36.906  12.381 0.0000000000
97802  -39.217  37.518  11.890 0.0000000000
140848  -41.635  49.859  15.856 0.0000000000
103990  -44.998  47.975  16.012 0.0000000000
99657  -47.135  40.083  5.655 0.0000000000
138304  -47.408  40.198  6.385 0.0000000000
99073  -47.107  39.221  5.610 0.0000000000
97854  -44.722  37.247  3.942 0.0000000000
98459  -45.747  37.963  5.346 0.0000000000
128515  -44.630  38.117  5.232 0.0000000000
99060  -44.686  38.866  6.538 0.0000000000
98457  -43.635  38.228  5.213 0.0000000000
136187  -42.633  38.462  5.552 0.0000000000
97852  -42.557  37.381  4.297 0.0000000000
138372  -40.773  34.784  3.751 0.0000000000
97235  -40.708  35.608  4.514 0.0000000000
96591  -40.609  34.608  4.381 0.0000000000
95875  -40.701  34.282  4.806 0.0000000000
95179  -40.751  33.022  4.485 0.0000000000
94490  -40.102  32.069  2.640 0.0000000000
94472  -40.294  31.391  3.405 0.0000000000
93824  -40.123  31.062  3.380 0.0000000000
93814  -39.913  31.040  4.240 0.0000000000
93823  -39.621  30.946  3.554 0.0000000000
105181  -41.657  50.230  11.992 0.0000000000
130519  -41.390  49.222  12.250 0.0000000000
104598  -41.189  48.515  11.401 0.0000000000
102801  -42.134  46.026  9.494 0.0000000000
102800  -41.912  46.234  10.156 0.0000000000
139551  -42.467  45.350  9.511 0.0000000000
102144  -42.798  44.801  9.926 0.0000000000
102155  -43.229  44.281  8.453 0.0000000000
103469  -44.730  45.837  6.539 0.0000000000
103461  -44.352  46.410  7.189 0.0000000000
102835  -44.329  45.032  6.594 0.0000000000
101586  -45.406  43.013  4.487 0.0000000000
100891  -45.057  42.817  5.785 0.0000000000
100883  -44.934  42.646  6.878 0.0000000000
128879  -45.543  42.197  5.353 0.0000000000
141797  -46.083  41.601  5.995 0.0000000000
100235  -45.925  41.510  5.213 0.0000000000
126012  -44.520  39.746  2.258 0.0000000000
99678  -44.989  40.006  2.726 0.0000000000
99097  -44.371  38.985  1.833 0.0000000000
98497  -44.250  37.948  1.566 0.0000000000
98496  -43.447  38.036  1.306 0.0000000000
97879  -42.819  37.294  0.986 0.0000000000
98495  -42.769  38.263  1.298 0.0000000000
99093  -41.021  39.156  2.472 0.0000000000
98487  -40.651  38.400  2.203 0.0000000000
98486  -39.966  38.209  2.577 0.0000000000
97860  -39.003  37.644  3.278 0.0000000000
100241  -41.438  41.684  4.177 0.0000000000
99662  -41.228  41.087  3.643 0.0000000000
141298  -40.765  41.282  4.279 0.0000000000
99070  -38.518  39.418  5.339 0.0000000000
99071  -39.148  39.825  4.948 0.0000000000
96411  -47.596  35.738  24.089 0.0000000000
95695  -48.358  35.132  24.241 0.0000000000
96429  -47.733  35.512  23.126 0.0000000000
141396  -48.297  34.532  20.675 0.0000000000
123215  -48.472  34.569  21.209 0.0000000000
95050  -49.070  34.207  20.440 0.0000000000
125491  -49.597  33.281  20.204 0.0000000000
95052  -49.365  33.803  19.734 0.0000000000
95060  -49.696  33.040  18.324 0.0000000000
130691  -49.156  33.792  18.940 0.0000000000
95080  -47.087  33.828  16.457 0.0000000000
95081  -48.003  33.573  16.495 0.0000000000
122047  -47.504  33.643  15.602 0.0000000000
125262  -34.698  48.240  14.996 0.0000000000
103983  -35.425  47.490  16.174 0.0000000000
103994  -35.528  47.757  15.394 0.0000000000
103985  -37.051  47.330  15.569 0.0000000000
103995  -36.414  47.775  15.110 0.0000000000
106229  -33.280  51.414  12.678 0.0000000000
105728  -33.827  50.764  12.768 0.0000000000
105718  -36.954  50.231  13.134 0.0000000000
130556  -36.549  49.514  13.496 0.0000000000
105171  -37.339  49.667  13.522 0.0000000000
104579  -37.684  48.586  14.296 0.0000000000
105157  -38.332  49.281  14.092 0.0000000000
105158  -39.175  49.436  14.332 0.0000000000
105173  -38.883  50.032  13.822 0.0000000000
105734  -39.804  51.696  13.346 0.0000000000
105722  -40.185  51.299  14.013 0.0000000000
106223  -40.675  52.233  13.814 0.0000000000
106744  -41.567  52.850  14.334 0.0000000000
106751  -41.362  53.031  13.514 0.0000000000
106775  -38.576  52.360  10.378 0.0000000000
106776  -39.545  52.616  10.513 0.0000000000
142452  -41.594  53.790  11.467 0.0000000000
106767  -41.154  53.440  11.918 0.0000000000
136270  -41.936  53.975  12.660 0.0000000000
107254  -42.724  53.761  13.438 0.0000000000
106761  -42.973  53.888  13.019 0.0000000000
106236  -43.252  53.141  13.025 0.0000000000
141332  -43.172  53.696  12.535 0.0000000000
106778  -43.516  53.510  10.942 0.0000000000
106254  -43.087  52.408  11.247 0.0000000000
106255  -43.518  52.693  10.790 0.0000000000
106259  -43.721  51.796  9.973 0.0000000000
108323  -43.094  55.542  7.889 0.0000000000
107783  -43.604  54.873  9.270 0.0000000000
121624  -44.292  55.044  8.917 0.0000000000
107285  -45.821  53.014  8.853 0.0000000000
107284  -44.972  53.821  9.307 0.0000000000
107273  -45.207  52.999  9.328 0.0000000000
106260  -44.637  51.723  9.512 0.0000000000
106261  -45.582  51.560  9.069 0.0000000000
105754  -45.646  50.286  8.583 0.0000000000
106264  -46.182  51.549  8.572 0.0000000000
106794  -46.325  52.241  7.733 0.0000000000
138124  -46.226  51.446  7.841 0.0000000000
106273  -45.700  50.717  7.366 0.0000000000
105768  -45.101  50.244  6.540 0.0000000000
139948  -45.071  51.308  6.975 0.0000000000
107809  -45.281  54.010  6.455 0.0000000000
107820  -44.158  54.262  5.883 0.0000000000
108357  -44.651  55.018  5.334 0.0000000000
126166  -40.829  36.705  19.391 0.0000000000
97147  -41.777  36.741  18.207 0.0000000000
97148  -42.358  36.380  18.719 0.0000000000
97149  -42.881  36.156  18.447 0.0000000000
96479  -43.407  35.810  18.702 0.0000000000
97153  -43.076  35.823  17.951 0.0000000000
97789  -39.105  37.483  14.867 0.0000000000
97781  -39.770  37.418  15.643 0.0000000000
97166  -40.341  36.566  15.703 0.0000000000
96516  -42.284  34.803  15.030 0.0000000000
96505  -41.656  35.248  15.654 0.0000000000
96507  -43.007  34.727  16.223 0.0000000000
95758  -43.726  34.788  17.026 0.0000000000
95770  -43.726  34.580  16.172 0.0000000000
95784  -44.233  34.536  15.184 0.0000000000
95809  -44.452  34.308  13.313 0.0000000000
123003  -44.728  34.312  14.220 0.0000000000
137095  -45.224  34.332  13.426 0.0000000000
95810  -45.300  34.526  12.634 0.0000000000
101469  -46.980  43.158  16.224 0.0000000000
101482  -45.541  43.311  15.801 0.0000000000
132851  -42.123  47.317  13.287 0.0000000000
103395  -42.606  46.671  13.218 0.0000000000
141622  -45.664  44.812  11.945 0.0000000000
140893  -44.858  45.916  13.426 0.0000000000
102759  -45.681  45.442  13.444 0.0000000000
102748  -45.959  45.634  14.328 0.0000000000
102102  -46.517  44.754  13.124 0.0000000000
100210  -47.967  40.893  9.129 0.0000000000
100866  -47.995  41.790  9.643 0.0000000000
100202  -48.014  40.814  10.095 0.0000000000
99606  -47.664  40.411  11.279 0.0000000000
100849  -48.257  41.391  11.591 0.0000000000
100179  -48.317  41.090  12.471 0.0000000000
101526  -48.329  43.314  13.390 0.0000000000
100841  -48.178  41.481  13.161 0.0000000000
100812  -47.712  42.425  14.327 0.0000000000
100840  -47.435  41.346  13.156 0.0000000000
99603  -44.348  40.471  11.384 0.0000000000
100176  -45.596  41.466  12.479 0.0000000000
100175  -44.288  41.569  12.233 0.0000000000
100837  -43.618  42.214  12.682 0.0000000000
100174  -43.202  41.641  11.989 0.0000000000
100173  -42.137  41.552  11.932 0.0000000000
99601  -42.473  40.042  11.300 0.0000000000
98418  -40.144  38.705  9.245 0.0000000000
99008  -41.051  39.091  10.531 0.0000000000
98417  -39.543  38.112  9.623 0.0000000000
97815  -39.294  37.371  10.073 0.0000000000
97821  -39.509  37.306  9.087 0.0000000000
97843  -40.521  37.542  5.995 0.0000000000
98442  -40.685  38.183  6.568 0.0000000000
97215  -40.182  36.599  7.143 0.0000000000
96559  -41.396  35.563  8.320 0.0000000000
96558  -40.570  35.920  8.093 0.0000000000
96551  -41.504  35.498  9.260 0.0000000000
96543  -40.604  35.685  9.711 0.0000000000
96545  -42.251  35.199  10.638 0.0000000000
128329  -44.727  35.166  9.570 0.0000000000
95836  -44.242  35.179  10.308 0.0000000000
95837  -45.208  35.048  10.086 0.0000000000
95828  -45.723  34.695  11.282 0.0000000000
95838  -45.637  34.769  10.442 0.0000000000
95839  -45.930  34.444  10.892 0.0000000000
95154  -45.603  34.204  9.838 0.0000000000
139007  -45.268  33.632  9.606 0.0000000000
94430  -44.759  32.949  9.538 0.0000000000
94458  -43.431  32.315  5.643 0.0000000000
94459  -43.935  32.276  5.993 0.0000000000
93809  -43.141  31.791  6.081 0.0000000000
94438  -42.572  31.850  8.573 0.0000000000
121607  -43.645  32.214  8.516 0.0000000000
94416  -43.157  32.285  10.474 0.0000000000
94404  -43.412  32.060  11.327 0.0000000000
94415  -41.012  32.378  10.382 0.0000000000
94402  -41.597  32.389  11.236 0.0000000000
94392  -41.314  32.220  12.044 0.0000000000
97261  -39.913  35.629  1.212 0.0000000000
95906  -39.845  33.832  1.504 0.0000000000
96609  -38.752  34.652  2.126 0.0000000000
124951  -37.488  33.136  4.212 0.0000000000
95186  -38.179  32.421  3.705 0.0000000000
94464  -37.864  32.255  4.552 0.0000000000
94465  -38.346  31.476  4.842 0.0000000000
127663  -37.704  32.273  5.493 0.0000000000
94433  -37.677  32.636  8.084 0.0000000000
136529  -38.192  32.477  7.486 0.0000000000
94424  -39.055  32.675  8.919 0.0000000000
119498  -38.576  32.881  9.730 0.0000000000
120050  -39.489  32.943  11.152 0.0000000000
94391  -40.469  32.292  12.494 0.0000000000
95096  -49.015  33.114  15.340 0.0000000000
139578  -49.026  32.822  13.904 0.0000000000
94394  -48.935  32.370  12.609 0.0000000000
104647  -45.279  48.097  6.423 0.0000000000
133554  -45.207  48.111  5.571 0.0000000000
104077  -44.853  47.104  4.178 0.0000000000
103482  -44.508  46.588  3.937 0.0000000000
102855  -44.216  45.862  3.695 0.0000000000
103481  -43.681  46.380  4.183 0.0000000000
138481  -40.379  41.020  12.150 0.0000000000
99599  -40.864  40.461  11.827 0.0000000000
135490  -42.930  52.284  16.504 0.0000000000
106207  -43.470  52.333  16.456 0.0000000000
104584  -43.645  48.877  15.304 0.0000000000
98482  -45.649  37.917  3.812 0.0000000000
98474  -46.311  38.350  4.646 0.0000000000
97865  -44.932  37.253  3.286 0.0000000000
97864  -44.739  36.910  3.306 0.0000000000
97863  -44.213  36.724  3.355 0.0000000000
97862  -43.131  36.689  3.614 0.0000000000
97244  -42.381  35.897  3.148 0.0000000000
96604  -42.186  34.721  2.230 0.0000000000
96603  -41.219  34.214  2.653 0.0000000000
95896  -40.617  32.895  3.075 0.0000000000
95907  -40.944  33.157  2.122 0.0000000000
95210  -40.559  32.862  1.848 0.0000000000
134100  -40.137  32.433  2.089 0.0000000000
105185  -41.967  49.930  10.235 0.0000000000
104600  -41.429  48.428  10.344 0.0000000000
104609  -41.869  48.425  9.536 0.0000000000
104037  -42.078  47.635  9.167 0.0000000000
103442  -42.399  46.754  8.787 0.0000000000
102190  -45.560  45.023  4.016 0.0000000000
102189  -45.308  44.640  5.020 0.0000000000
101592  -45.435  44.042  4.112 0.0000000000
101593  -45.517  43.618  3.345 0.0000000000
100908  -45.519  42.723  3.543 0.0000000000
123926  -45.468  41.896  3.354 0.0000000000
100252  -44.944  41.958  2.762 0.0000000000
99677  -44.445  40.564  2.434 0.0000000000
99102  -43.633  39.414  1.749 0.0000000000
98489  -42.379  38.840  1.598 0.0000000000
99095  -42.878  39.506  1.846 0.0000000000
99675  -42.598  40.170  2.405 0.0000000000
99089  -41.462  39.931  2.699 0.0000000000
99656  -40.147  41.089  4.855 0.0000000000
95024  -49.302  33.336  24.339 0.0000000000
122509  -46.997  35.602  22.473 0.0000000000
96463  -47.575  35.241  22.387 0.0000000000
95735  -47.220  35.223  21.917 0.0000000000
95746  -47.628  34.542  20.366 0.0000000000
95752  -48.067  34.154  19.214 0.0000000000
95059  -48.350  33.757  18.255 0.0000000000
95762  -47.557  34.028  18.468 0.0000000000
95761  -46.803  34.097  18.093 0.0000000000
95773  -46.162  34.055  16.510 0.0000000000
104576  -34.272  48.786  14.494 0.0000000000
106239  -34.539  51.775  11.517 0.0000000000
105729  -34.691  50.666  12.602 0.0000000000
106231  -35.199  51.237  11.935 0.0000000000
105731  -36.571  50.701  12.606 0.0000000000
133937  -37.378  50.806  12.714 0.0000000000
105720  -38.531  50.576  13.336 0.0000000000
105732  -38.158  50.969  12.796 0.0000000000
106234  -38.563  51.500  12.260 0.0000000000
106235  -39.550  51.868  12.643 0.0000000000
107780  -39.675  54.421  8.135 0.0000000000
107261  -39.689  53.133  9.844 0.0000000000
129341  -40.497  53.585  9.632 0.0000000000
124409  -42.038  54.060  11.154 0.0000000000
107257  -42.885  54.014  12.337 0.0000000000
107262  -42.811  54.228  11.528 0.0000000000
107271  -43.169  54.341  10.806 0.0000000000
108324  -44.484  55.981  7.760 0.0000000000
108307  -44.833  55.438  8.380 0.0000000000
107785  -45.894  53.708  8.632 0.0000000000
107286  -46.411  53.015  8.341 0.0000000000
106790  -46.319  52.344  8.434 0.0000000000
107291  -46.577  52.716  7.826 0.0000000000
107290  -46.686  52.933  7.293 0.0000000000
106793  -46.057  52.549  7.304 0.0000000000
107810  -46.652  53.924  6.295 0.0000000000
107822  -46.991  54.346  5.729 0.0000000000
100153  -36.348  41.736  15.390 0.0000000000
99574  -36.144  40.872  15.627 0.0000000000
98964  -36.237  39.507  16.455 0.0000000000
130757  -36.805  38.912  16.885 0.0000000000
97765  -40.537  37.563  18.007 0.0000000000
97766  -41.220  37.226  17.720 0.0000000000
97774  -41.201  37.198  17.040 0.0000000000
96513  -39.697  35.750  13.900 0.0000000000
97174  -39.921  36.009  14.852 0.0000000000
96514  -40.495  35.261  14.417 0.0000000000
95795  -42.906  34.451  14.383 0.0000000000
95796  -43.761  34.446  14.472 0.0000000000
135010  -42.699  34.364  13.714 0.0000000000
120714  -43.918  34.497  12.640 0.0000000000
102080  -47.438  44.012  17.671 0.0000000000
122841  -47.224  43.484  17.119 0.0000000000
101484  -47.157  42.862  15.494 0.0000000000
127590  -43.301  45.413  11.460 0.0000000000
102771  -43.893  45.581  12.198 0.0000000000
102125  -44.106  45.008  11.245 0.0000000000
125602  -45.202  44.789  11.286 0.0000000000
102126  -46.168  44.426  11.536 0.0000000000
99035  -47.528  38.981  8.225 0.0000000000
99626  -48.054  40.018  9.568 0.0000000000
99021  -47.072  39.518  9.137 0.0000000000
99615  -47.273  39.961  10.661 0.0000000000
99605  -46.692  40.377  11.368 0.0000000000
100189  -46.122  40.831  12.004 0.0000000000
99604  -45.458  40.451  11.412 0.0000000000
99613  -44.887  40.092  10.854 0.0000000000
99612  -43.926  40.032  10.913 0.0000000000
99611  -42.569  39.613  10.594 0.0000000000
99018  -42.768  39.570  9.658 0.0000000000
120899  -42.018  39.499  9.043 0.0000000000
98426  -40.293  38.677  8.374 0.0000000000
96573  -40.512  35.863  6.245 0.0000000000
96565  -40.493  35.979  7.278 0.0000000000
96567  -42.204  35.291  7.575 0.0000000000
96560  -42.439  35.389  8.557 0.0000000000
96561  -43.559  35.280  8.717 0.0000000000
95844  -44.581  35.089  8.857 0.0000000000
95846  -45.538  34.641  9.742 0.0000000000
95854  -44.952  34.307  8.491 0.0000000000
95161  -45.091  33.440  8.126 0.0000000000
94440  -45.074  32.988  7.857 0.0000000000
139593  -41.700  31.607  6.131 0.0000000000
93800  -42.997  31.663  6.898 0.0000000000
93799  -42.145  31.501  6.665 0.0000000000
94427  -41.795  32.055  9.468 0.0000000000
97252  -38.637  35.882  2.512 0.0000000000
96602  -38.146  35.085  2.885 0.0000000000
95882  -37.349  34.028  4.017 0.0000000000
95874  -37.017  33.795  4.738 0.0000000000
95159  -36.101  33.116  8.511 0.0000000000
95166  -36.265  33.178  7.560 0.0000000000
95160  -37.066  32.891  8.847 0.0000000000
137909  -37.710  32.990  9.463 0.0000000000
94389  -38.707  33.007  12.981 0.0000000000
94388  -38.022  33.208  13.285 0.0000000000
93724  -50.386  31.519  17.783 0.0000000000
104624  -44.698  48.784  8.085 0.0000000000
104048  -44.093  47.790  8.060 0.0000000000
104049  -44.886  48.123  7.790 0.0000000000
103462  -45.257  46.837  6.682 0.0000000000
103470  -45.358  46.102  5.889 0.0000000000
104071  -45.389  47.516  5.655 0.0000000000
103471  -45.503  46.735  5.600 0.0000000000
102847  -45.564  45.734  4.907 0.0000000000
101600  -45.212  43.996  2.881 0.0000000000
123121  -44.784  43.644  2.678 0.0000000000
100249  -43.050  42.098  3.157 0.0000000000
100906  -43.034  42.792  3.531 0.0000000000
100901  -42.235  42.934  4.477 0.0000000000
101590  -43.049  44.225  4.209 0.0000000000
139026  -42.444  43.656  4.581 0.0000000000
94310  -47.688  33.644  25.127 0.0000000000
135431  -47.123  34.531  24.585 0.0000000000
95693  -47.004  35.581  24.270 0.0000000000
96410  -46.999  36.021  24.009 0.0000000000
95718  -45.624  35.717  23.859 0.0000000000
96444  -45.974  36.254  23.106 0.0000000000
96445  -46.595  35.981  22.938 0.0000000000
96462  -46.509  35.611  22.223 0.0000000000
96471  -45.521  35.426  21.429 0.0000000000
96476  -45.151  35.085  20.285 0.0000000000
106764  -34.176  52.484  11.256 0.0000000000
106249  -34.796  52.108  10.813 0.0000000000
106250  -35.016  52.315  10.119 0.0000000000
106772  -35.806  52.135  10.059 0.0000000000
107782  -42.762  54.733  9.051 0.0000000000
139468  -44.278  56.324  7.193 0.0000000000
108877  -45.070  56.456  7.186 0.0000000000
108906  -46.430  56.697  6.010 0.0000000000
109469  -45.866  57.410  5.715 0.0000000000
109476  -46.053  57.807  4.959 0.0000000000
130087  -38.734  38.604  13.448 0.0000000000
97179  -38.796  36.937  13.199 0.0000000000
141040  -38.997  36.345  12.790 0.0000000000
97184  -39.192  36.064  12.130 0.0000000000
96528  -39.858  35.505  11.712 0.0000000000
103382  -45.794  46.955  16.444 0.0000000000
103388  -46.031  45.958  15.968 0.0000000000
100885  -46.888  41.849  7.819 0.0000000000
100875  -47.080  42.187  8.600 0.0000000000
100219  -47.548  41.099  7.692 0.0000000000
99642  -47.866  40.026  7.851 0.0000000000
99048  -47.808  38.989  7.736 0.0000000000
138338  -46.276  38.016  5.263 0.0000000000
98446  -46.448  38.245  6.036 0.0000000000
99046  -46.521  38.821  7.649 0.0000000000
99045  -45.074  39.220  7.389 0.0000000000
99044  -43.927  39.259  7.289 0.0000000000
99057  -42.196  38.914  6.798 0.0000000000
99058  -42.838  38.832  6.402 0.0000000000
141076  -40.542  36.878  5.625 0.0000000000
97236  -41.276  36.401  3.974 0.0000000000
97850  -40.868  36.646  4.919 0.0000000000
135038  -40.516  36.101  5.544 0.0000000000
95867  -40.808  34.935  5.535 0.0000000000
95868  -41.393  34.533  5.763 0.0000000000
95171  -41.944  33.338  5.494 0.0000000000
95181  -42.493  32.395  5.470 0.0000000000
94467  -41.509  31.999  5.366 0.0000000000
95187  -40.512  32.193  3.504 0.0000000000
94466  -40.668  31.763  4.394 0.0000000000
93816  -41.668  31.790  5.678 0.0000000000
93807  -40.932  31.647  5.809 0.0000000000
94457  -40.080  31.807  6.472 0.0000000000
121106  -36.644  35.853  5.685 0.0000000000
95865  -36.104  34.792  6.527 0.0000000000
142550  -35.502  34.166  7.588 0.0000000000
95165  -35.643  33.638  7.884 0.0000000000
95158  -35.428  33.643  8.548 0.0000000000
142966  -35.789  33.465  9.669 0.0000000000
105724  -42.658  50.937  13.809 0.0000000000
105175  -42.702  50.171  14.317 0.0000000000
105174  -42.155  49.961  13.533 0.0000000000
139289  -41.703  47.959  13.114 0.0000000000
103406  -41.734  46.754  12.153 0.0000000000
104023  -41.298  47.546  10.878 0.0000000000
103420  -41.580  46.764  11.320 0.0000000000
124598  -42.582  45.673  11.161 0.0000000000
102791  -43.124  45.036  10.698 0.0000000000
101544  -43.965  43.949  9.914 0.0000000000
101557  -44.632  43.421  9.245 0.0000000000
103452  -43.777  46.858  7.761 0.0000000000
103451  -42.991  46.340  8.150 0.0000000000
102822  -43.080  45.578  7.937 0.0000000000
102176  -44.530  44.264  6.250 0.0000000000
102175  -43.807  44.568  7.074 0.0000000000
142227  -43.514  44.204  7.618 0.0000000000
101567  -43.688  43.571  7.950 0.0000000000
101568  -44.358  43.090  8.398 0.0000000000
100884  -45.882  42.212  7.335 0.0000000000
123138  -46.651  41.487  6.883 0.0000000000
100227  -46.810  40.904  6.015 0.0000000000
99664  -46.659  39.889  4.779 0.0000000000
99663  -45.974  40.901  4.053 0.0000000000
99672  -45.730  39.628  3.546 0.0000000000
99090  -45.439  38.822  3.203 0.0000000000
98491  -45.204  37.899  2.821 0.0000000000
97872  -44.451  37.111  1.992 0.0000000000
97270  -43.515  34.558  0.618 0.0000000000
96617  -42.643  34.073  0.406 0.0000000000
97269  -42.745  35.027  0.464 0.0000000000
97263  -41.782  35.956  0.610 0.0000000000
97254  -40.083  36.511  1.472 0.0000000000
97871  -41.162  37.823  1.499 0.0000000000
97870  -40.225  37.540  1.942 0.0000000000
97253  -39.365  36.248  1.901 0.0000000000
97242  -39.078  36.913  2.653 0.0000000000
97241  -38.453  36.846  3.281 0.0000000000
97234  -37.847  36.814  3.932 0.0000000000
99668  -40.907  40.360  3.310 0.0000000000
99081  -40.128  39.940  3.736 0.0000000000
99660  -39.772  40.270  4.491 0.0000000000
99080  -39.513  39.506  4.194 0.0000000000
99087  -39.821  39.204  3.484 0.0000000000
95010  -48.509  33.638  25.116 0.0000000000
95696  -49.048  34.375  23.966 0.0000000000
95042  -49.390  33.479  23.509 0.0000000000
95736  -48.286  34.725  21.957 0.0000000000
95732  -48.964  34.290  22.306 0.0000000000
132144  -49.307  33.573  21.970 0.0000000000
94335  -49.831  32.189  19.534 0.0000000000
94342  -50.038  32.045  18.608 0.0000000000
131328  -50.043  32.443  17.824 0.0000000000
95071  -49.565  33.051  17.322 0.0000000000
95082  -48.932  33.301  16.409 0.0000000000
95070  -48.629  33.544  17.322 0.0000000000
95095  -48.069  33.471  14.893 0.0000000000
95104  -47.190  33.936  13.489 0.0000000000
104587  -35.019  48.772  14.097 0.0000000000
105717  -35.208  50.099  13.114 0.0000000000
105170  -35.652  49.457  13.551 0.0000000000
104588  -36.122  48.806  13.947 0.0000000000
104578  -36.725  48.317  14.390 0.0000000000
103997  -38.086  48.113  14.805 0.0000000000
104570  -38.873  48.050  15.177 0.0000000000
104582  -40.192  49.053  15.038 0.0000000000
105147  -40.759  49.775  15.181 0.0000000000
105696  -41.371  50.688  15.464 0.0000000000
105721  -39.357  50.837  13.547 0.0000000000
105704  -40.682  50.739  14.742 0.0000000000
105705  -41.563  51.727  15.425 0.0000000000
106212  -42.451  52.516  15.968 0.0000000000
106739  -42.669  53.078  15.589 0.0000000000
106746  -43.025  53.248  14.835 0.0000000000
106774  -37.671  52.214  10.244 0.0000000000
106253  -38.142  51.834  10.897 0.0000000000
106765  -39.070  52.081  11.049 0.0000000000
106758  -40.278  52.540  12.266 0.0000000000
106752  -42.244  53.439  13.929 0.0000000000
107250  -42.762  53.367  14.293 0.0000000000
131897  -43.162  52.841  13.745 0.0000000000
106224  -42.890  51.802  13.238 0.0000000000
106245  -42.756  51.932  12.461 0.0000000000
105740  -42.210  51.258  11.823 0.0000000000
131684  -43.219  53.473  11.689 0.0000000000
105741  -42.527  51.485  11.119 0.0000000000
105744  -41.871  50.363  11.049 0.0000000000
105745  -42.419  50.743  10.301 0.0000000000
105190  -42.636  49.931  9.572 0.0000000000
105191  -43.730  50.189  8.986 0.0000000000
131350  -43.602  54.458  10.077 0.0000000000
107272  -44.425  53.423  9.777 0.0000000000
106786  -44.032  52.841  10.124 0.0000000000
105749  -44.217  50.963  9.262 0.0000000000
105198  -44.330  49.482  8.497 0.0000000000
105199  -45.390  49.601  8.250 0.0000000000
105200  -45.662  49.438  7.984 0.0000000000
106268  -46.248  50.851  8.189 0.0000000000
105758  -46.010  49.944  7.885 0.0000000000
105211  -45.464  49.288  7.554 0.0000000000
105222  -45.124  49.569  6.219 0.0000000000
106799  -44.975  52.579  6.981 0.0000000000
106798  -43.836  52.524  6.429 0.0000000000
108907  -47.025  56.024  5.367 0.0000000000
125013  -47.020  55.358  4.805 0.0000000000
108358  -46.755  54.829  5.067 0.0000000000
96460  -43.424  35.787  21.336 0.0000000000
97142  -41.639  36.552  19.099 0.0000000000
97143  -42.354  36.211  19.665 0.0000000000
96469  -43.916  35.674  20.751 0.0000000000
96475  -44.272  35.487  20.071 0.0000000000
95744  -44.439  35.118  19.255 0.0000000000
95750  -44.428  34.838  18.317 0.0000000000
97772  -39.948  37.936  16.245 0.0000000000
97155  -40.894  36.899  16.437 0.0000000000
97156  -41.552  36.438  16.793 0.0000000000
96504  -40.787  35.617  15.322 0.0000000000
96491  -41.896  35.552  16.427 0.0000000000
96482  -42.760  35.549  17.335 0.0000000000
96483  -43.302  35.242  17.493 0.0000000000
96484  -43.812  34.988  17.794 0.0000000000
95760  -45.146  34.478  17.931 0.0000000000
95772  -45.147  34.358  16.767 0.0000000000
95785  -45.593  34.201  15.713 0.0000000000
131552  -45.129  34.373  14.939 0.0000000000
95798  -46.048  34.087  14.741 0.0000000000
133564  -46.447  34.152  13.773 0.0000000000
95812  -46.717  34.295  13.053 0.0000000000
139816  -45.204  43.499  17.289 0.0000000000
101481  -43.994  43.455  15.616 0.0000000000
101515  -43.389  43.051  14.023 0.0000000000
104583  -43.069  49.437  14.804 0.0000000000
103999  -43.626  47.813  14.904 0.0000000000
102757  -44.134  46.104  13.053 0.0000000000
103397  -44.333  46.286  13.949 0.0000000000
104000  -44.416  47.399  15.279 0.0000000000
103392  -45.397  46.234  14.939 0.0000000000
102744  -46.037  45.788  15.148 0.0000000000
102749  -46.676  45.091  14.643 0.0000000000
101559  -46.940  43.140  9.680 0.0000000000
101547  -47.436  43.326  10.515 0.0000000000
101536  -47.896  43.412  11.447 0.0000000000
100858  -48.154  41.674  10.557 0.0000000000
101548  -48.221  42.507  11.005 0.0000000000
102127  -47.260  44.070  11.929 0.0000000000
102115  -47.523  44.140  12.923 0.0000000000
102104  -47.826  43.871  13.796 0.0000000000
102092  -47.357  44.397  14.994 0.0000000000
101502  -47.817  43.172  14.833 0.0000000000
136729  -47.393  42.615  14.804 0.0000000000
101501  -46.775  42.680  14.878 0.0000000000
134089  -46.492  41.585  12.962 0.0000000000
100839  -45.705  42.050  13.008 0.0000000000
100810  -45.995  42.658  14.136 0.0000000000
101516  -44.634  42.958  14.217 0.0000000000
100835  -41.511  42.229  12.412 0.0000000000
100185  -41.812  40.639  11.676 0.0000000000
99000  -40.822  39.205  11.409 0.0000000000
99001  -41.984  39.518  11.095 0.0000000000
123479  -41.368  39.216  11.084 0.0000000000
137932  -40.026  38.439  11.026 0.0000000000
97808  -39.331  37.407  11.012 0.0000000000
97194  -39.406  36.561  10.658 0.0000000000
96535  -39.863  35.838  10.880 0.0000000000
99042  -41.744  39.099  7.452 0.0000000000
98434  -40.230  38.120  7.250 0.0000000000
97828  -39.720  37.450  8.217 0.0000000000
97210  -40.125  36.431  7.903 0.0000000000
97204  -39.766  36.830  8.420 0.0000000000
96549  -40.014  36.159  9.327 0.0000000000
141159  -40.419  35.625  10.410 0.0000000000
96537  -41.554  35.114  11.203 0.0000000000
95825  -42.602  34.998  11.432 0.0000000000
119021  -43.365  34.830  12.054 0.0000000000
95818  -44.445  34.867  11.698 0.0000000000
122928  -44.595  35.008  10.855 0.0000000000
95819  -45.271  34.767  11.799 0.0000000000
95820  -45.905  34.673  12.102 0.0000000000
95821  -46.556  34.406  12.416 0.0000000000
95124  -47.016  34.099  12.096 0.0000000000
95135  -46.577  33.906  11.468 0.0000000000
94419  -46.052  33.873  10.605 0.0000000000
94407  -46.534  33.335  11.126 0.0000000000
133062  -46.057  33.074  10.761 0.0000000000
95173  -44.162  32.812  5.805 0.0000000000
94450  -44.478  32.616  6.472 0.0000000000
94439  -44.391  32.524  7.440 0.0000000000
93794  -43.354  31.873  7.606 0.0000000000
132610  -44.559  32.765  8.529 0.0000000000
94405  -44.487  31.969  11.297 0.0000000000
93776  -43.636  31.682  12.033 0.0000000000
95912  -41.034  33.382  0.893 0.0000000000
95209  -40.538  33.036  1.531 0.0000000000
95208  -39.288  32.586  2.448 0.0000000000
119528  -38.354  33.471  2.785 0.0000000000
95196  -38.477  32.676  3.046 0.0000000000
94478  -39.121  31.752  3.129 0.0000000000
93813  -39.054  31.039  4.158 0.0000000000
94456  -39.099  31.862  6.093 0.0000000000
96578  -36.688  35.022  5.317 0.0000000000
94444  -36.854  32.704  7.049 0.0000000000
94454  -37.579  32.386  6.438 0.0000000000
94446  -38.221  32.246  6.697 0.0000000000
94447  -39.136  32.238  7.244 0.0000000000
94435  -39.601  32.381  8.217 0.0000000000
94425  -39.904  32.333  9.076 0.0000000000
126121  -40.068  32.394  9.910 0.0000000000
94414  -40.106  32.663  10.757 0.0000000000
125830  -39.362  32.734  10.315 0.0000000000
93805  -39.042  31.266  5.039 0.0000000000
93817  -42.540  31.948  5.711 0.0000000000
93822  -39.194  31.094  3.455 0.0000000000
94451  -45.033  32.983  7.225 0.0000000000
94479  -39.892  31.750  2.692 0.0000000000
94480  -40.070  31.458  2.998 0.0000000000
95023  -48.867  34.095  24.637 0.0000000000
95045  -49.363  33.529  22.662 0.0000000000
95068  -46.736  34.025  17.189 0.0000000000
95106  -48.660  33.207  14.332 0.0000000000
95195  -37.857  33.357  3.476 0.0000000000
95694  -47.710  35.233  24.483 0.0000000000
95719  -48.466  35.141  23.536 0.0000000000
95731  -48.309  34.946  22.713 0.0000000000
95737  -49.023  34.087  21.575 0.0000000000
95741  -47.685  34.782  21.260 0.0000000000
95751  -45.181  34.759  19.032 0.0000000000
95771  -44.289  34.549  16.612 0.0000000000
95782  -42.991  34.673  15.049 0.0000000000
95835  -43.200  35.223  10.502 0.0000000000
95883  -40.566  33.520  4.037 0.0000000000
95915  -43.749  33.911  0.342 0.0000000000
95919  -43.569  34.051  0.367 0.0000000000
96412  -47.884  35.606  23.752 0.0000000000
96425  -44.969  36.055  23.452 0.0000000000
96426  -45.713  36.259  23.496 0.0000000000
96427  -46.464  36.162  23.545 0.0000000000
96428  -47.177  35.892  23.513 0.0000000000
96461  -45.755  35.732  22.179 0.0000000000
96474  -43.577  35.809  19.677 0.0000000000
96493  -43.128  34.926  16.837 0.0000000000
96506  -42.481  34.830  15.847 0.0000000000
96521  -39.460  35.638  12.927 0.0000000000
96536  -40.624  35.383  11.056 0.0000000000
96601  -37.722  35.276  3.479 0.0000000000
96615  -40.394  34.526  0.914 0.0000000000
96616  -41.568  34.109  0.520 0.0000000000
96618  -43.873  34.282  0.821 0.0000000000
97130  -42.508  35.836  20.740 0.0000000000
97131  -43.133  35.923  20.192 0.0000000000
97151  -41.755  36.678  17.451 0.0000000000
97157  -42.152  35.937  17.121 0.0000000000
97165  -39.584  36.766  15.110 0.0000000000
97205  -40.095  36.301  8.612 0.0000000000
97209  -39.872  36.946  7.743 0.0000000000
97214  -40.147  37.387  6.834 0.0000000000
97247  -44.449  36.667  2.928 0.0000000000
97256  -43.564  35.645  2.174 0.0000000000
97257  -43.876  36.283  2.594 0.0000000000
97262  -40.874  35.490  0.707 0.0000000000
97264  -43.129  35.944  0.889 0.0000000000
97265  -43.416  35.576  1.298 0.0000000000
97769  -39.998  38.046  17.485 0.0000000000
97770  -40.649  37.684  17.270 0.0000000000
97782  -40.339  37.329  16.168 0.0000000000
97829  -39.913  37.501  7.520 0.0000000000
97844  -41.107  37.496  5.265 0.0000000000
97855  -45.237  37.432  3.919 0.0000000000
97861  -42.100  36.803  3.896 0.0000000000
97873  -44.758  37.147  2.609 0.0000000000
97878  -41.853  37.109  0.929 0.0000000000
97881  -43.902  36.442  1.951 0.0000000000
98367  -37.501  38.517  17.391 0.0000000000
98368  -38.493  38.495  17.158 0.0000000000
98400  -40.112  38.770  11.611 0.0000000000
98404  -39.574  38.073  11.380 0.0000000000
98405  -40.659  38.832  11.059 0.0000000000
98412  -40.104  38.719  10.248 0.0000000000
98433  -39.948  38.099  7.922 0.0000000000
98435  -40.873  38.666  7.236 0.0000000000
98443  -41.469  38.681  6.657 0.0000000000
98444  -42.094  38.660  6.234 0.0000000000
98458  -44.914  38.421  5.806 0.0000000000
98460  -46.659  38.533  5.541 0.0000000000
98468  -39.267  38.811  3.926 0.0000000000
98469  -41.985  37.951  4.941 0.0000000000
98470  -43.067  37.928  4.771 0.0000000000
98471  -44.215  37.714  4.658 0.0000000000
98472  -45.229  37.698  4.542 0.0000000000
98483  -46.086  38.683  3.878 0.0000000000
98490  -44.857  37.934  2.042 0.0000000000
98494  -42.060  38.044  1.341 0.0000000000
98993  -39.598  39.578  12.463 0.0000000000
99009  -41.796  39.375  10.607 0.0000000000
99016  -40.996  39.168  8.900 0.0000000000
99029  -40.934  39.040  7.951 0.0000000000
99032  -43.932  39.529  8.685 0.0000000000
99036  -47.837  39.327  8.304 0.0000000000
99043  -42.836  39.201  7.239 0.0000000000
99047  -47.385  38.726  7.353 0.0000000000
99059  -43.586  38.961  6.689 0.0000000000
99061  -45.945  38.646  6.735 0.0000000000
99062  -47.131  38.683  6.464 0.0000000000
99074  -47.443  39.422  6.371 0.0000000000
99082  -46.420  39.228  4.276 0.0000000000
99088  -40.513  39.623  3.047 0.0000000000
99094  -41.976  39.385  2.133 0.0000000000
99096  -44.101  39.995  2.056 0.0000000000
99614  -46.054  40.028  10.768 0.0000000000
99624  -46.627  39.709  10.028 0.0000000000
99625  -47.648  39.795  9.818 0.0000000000
99634  -47.966  39.941  8.723 0.0000000000
99651  -47.659  39.689  7.061 0.0000000000
99671  -45.386  40.862  3.220 0.0000000000
100171  -40.152  41.689  12.329 0.0000000000
100177  -46.883  40.995  12.673 0.0000000000
100186  -42.803  40.850  11.621 0.0000000000
100187  -43.799  40.989  11.704 0.0000000000
100190  -47.320  40.722  12.021 0.0000000000
100191  -48.059  40.701  11.976 0.0000000000
100196  -47.981  40.753  11.074 0.0000000000
100220  -47.915  40.683  8.364 0.0000000000
100242  -42.260  42.182  3.988 0.0000000000
100243  -45.730  41.677  4.223 0.0000000000
100251  -44.494  42.187  2.631 0.0000000000
100796  -47.167  42.969  15.587 0.0000000000
100801  -47.496  42.797  14.965 0.0000000000
100811  -47.030  42.362  14.074 0.0000000000
100813  -47.993  42.698  14.474 0.0000000000
100823  -42.960  42.655  13.299 0.0000000000
100824  -44.070  42.681  13.375 0.0000000000
100825  -45.251  42.535  13.441 0.0000000000
100827  -47.651  42.041  13.602 0.0000000000
100828  -48.115  42.448  13.775 0.0000000000
100864  -46.459  42.776  8.954 0.0000000000
100865  -47.428  42.464  9.292 0.0000000000
100872  -44.247  43.075  7.420 0.0000000000
100873  -45.026  42.550  7.894 0.0000000000
100874  -46.055  42.336  8.221 0.0000000000
100900  -41.436  42.344  4.798 0.0000000000
100907  -43.956  43.440  2.957 0.0000000000
100911  -43.736  42.680  2.896 0.0000000000
100912  -44.504  42.937  2.630 0.0000000000
101468  -44.738  43.573  16.536 0.0000000000
101483  -46.796  43.115  16.194 0.0000000000
101485  -47.460  43.030  15.320 0.0000000000
101524  -40.965  42.761  13.004 0.0000000000
101525  -48.219  43.419  12.458 0.0000000000
101535  -46.793  43.947  11.029 0.0000000000
101580  -44.520  43.376  6.485 0.0000000000
101601  -45.465  43.802  2.955 0.0000000000
102088  -47.559  43.516  15.255 0.0000000000
102093  -47.773  43.706  14.537 0.0000000000
102114  -45.681  45.082  12.588 0.0000000000
102136  -45.687  44.296  10.718 0.0000000000
102145  -43.266  44.254  9.455 0.0000000000
102154  -42.743  44.841  9.068 0.0000000000
102165  -43.287  44.851  7.726 0.0000000000
102216  -44.622  45.242  3.434 0.0000000000
102739  -47.062  44.981  17.559 0.0000000000
102742  -46.668  45.279  16.322 0.0000000000
102758  -44.853  45.563  12.767 0.0000000000
102770  -42.910  45.892  11.945 0.0000000000
102781  -42.132  46.226  11.651 0.0000000000
102789  -41.982  46.167  10.858 0.0000000000
102812  -42.531  45.671  8.717 0.0000000000
102854  -43.331  45.667  4.283 0.0000000000
102860  -45.064  45.344  3.481 0.0000000000
103386  -45.053  46.993  15.545 0.0000000000
103390  -43.840  46.894  14.486 0.0000000000
103391  -44.715  46.613  14.743 0.0000000000
103394  -42.011  46.818  12.809 0.0000000000
103396  -43.442  46.511  13.629 0.0000000000
103408  -43.194  46.136  12.782 0.0000000000
103431  -41.603  46.803  10.474 0.0000000000
103441  -41.843  46.809  9.655 0.0000000000
103460  -43.524  46.136  7.620 0.0000000000
103484  -45.374  46.197  3.938 0.0000000000
103991  -45.424  47.496  16.251 0.0000000000
103996  -37.319  47.921  14.887 0.0000000000
103998  -42.914  48.374  14.498 0.0000000000
104003  -41.624  47.366  12.653 0.0000000000
104004  -42.271  48.122  13.676 0.0000000000
104078  -45.259  46.772  4.260 0.0000000000
104569  -34.883  47.885  15.729 0.0000000000
104571  -39.890  48.375  15.306 0.0000000000
104581  -39.487  48.825  14.796 0.0000000000
104590  -41.719  48.929  13.162 0.0000000000
104595  -41.360  48.209  12.454 0.0000000000
104638  -45.199  48.820  7.658 0.0000000000
104663  -44.564  47.918  4.578 0.0000000000
104664  -45.173  47.605  4.767 0.0000000000
105156  -37.685  49.202  13.841 0.0000000000
105159  -40.056  49.623  14.616 0.0000000000
105168  -34.247  49.271  13.942 0.0000000000
105177  -41.734  49.990  12.806 0.0000000000
105184  -41.529  49.334  10.678 0.0000000000
105189  -41.853  49.211  9.884 0.0000000000
105690  -43.903  51.787  16.909 0.0000000000
105698  -43.778  51.933  16.562 0.0000000000
105719  -37.727  50.409  13.248 0.0000000000
105735  -42.169  50.954  12.550 0.0000000000
105751  -45.961  50.794  8.643 0.0000000000
105753  -44.872  50.223  8.720 0.0000000000
106213  -43.001  52.803  16.287 0.0000000000
106214  -43.537  52.404  16.381 0.0000000000
106218  -41.883  52.709  15.218 0.0000000000
106219  -43.581  52.495  15.943 0.0000000000
106225  -43.134  52.057  14.140 0.0000000000
106232  -36.193  51.149  12.082 0.0000000000
106238  -33.790  52.017  11.984 0.0000000000
106244  -39.364  51.955  11.839 0.0000000000
106740  -43.119  53.099  15.932 0.0000000000
106741  -43.389  52.896  16.001 0.0000000000
106760  -42.104  53.816  13.218 0.0000000000
106780  -34.687  52.942  9.786 0.0000000000
107244  -42.919  53.280  15.230 0.0000000000
107245  -43.166  53.113  15.571 0.0000000000
107301  -47.159  53.807  6.793 0.0000000000
107799  -46.872  54.205  7.528 0.0000000000
107823  -47.146  54.457  6.008 0.0000000000
109468  -44.977  57.114  5.918 0.0000000000
118773  -46.842  38.521  6.840 0.0000000000
118814  -42.474  36.307  0.703 0.0000000000
118921  -44.136  43.540  17.237 0.0000000000
119770  -43.497  40.116  2.136 0.0000000000
121185  -46.949  43.282  17.024 0.0000000000
122245  -39.592  37.029  2.115 0.0000000000
122482  -45.314  45.139  3.626 0.0000000000
122658  -42.630  54.124  12.868 0.0000000000
123276  -40.215  31.738  2.978 0.0000000000
123672  -47.319  44.447  14.215 0.0000000000
123761  -43.173  53.031  14.520 0.0000000000
124274  -43.296  33.998  1.347 0.0000000000
124718  -42.983  34.454  12.928 0.0000000000
127030  -48.293  34.576  24.697 0.0000000000
127201  -43.192  47.107  8.226 0.0000000000
127228  -47.334  35.716  24.190 0.0000000000
128692  -40.341  31.241  3.922 0.0000000000
128709  -39.515  36.650  9.697 0.0000000000
128954  -43.323  44.460  10.125 0.0000000000
129250  -40.702  39.061  9.740 0.0000000000
129266  -39.804  38.978  12.222 0.0000000000
129797  -43.323  33.752  0.570 0.0000000000
130438  -43.402  52.322  15.045 0.0000000000
132825  -33.816  49.185  14.419 0.0000000000
133598  -40.414  38.558  7.719 0.0000000000
133905  -36.112  50.117  13.071 0.0000000000
134670  -39.840  32.960  1.821 0.0000000000
135122  -38.344  34.250  2.639 0.0000000000
135198  -46.175  35.390  21.698 0.0000000000
136300  -44.663  43.219  15.048 0.0000000000
136326  -37.759  51.237  12.333 0.0000000000
136692  -35.403  51.908  10.538 0.0000000000
136727  -48.377  42.547  13.040 0.0000000000
136960  -47.192  44.435  13.576 0.0000000000
137362  -43.173  39.922  10.958 0.0000000000
137403  -46.157  54.260  8.295 0.0000000000
137642  -43.904  35.532  19.242 0.0000000000
137902  -39.411  36.116  11.380 0.0000000000
137970  -43.802  38.695  1.503 0.0000000000
138666  -45.342  49.229  6.804 0.0000000000
139192  -46.968  55.859  6.039 0.0000000000
139252  -45.759  47.862  16.773 0.0000000000
139446  -39.164  36.245  13.403 0.0000000000
139883  -43.277  43.368  15.189 0.0000000000
139891  -39.735  36.647  9.026 0.0000000000
140230  -39.606  35.544  12.312 0.0000000000
140385  -42.877  53.018  16.027 0.0000000000
141052  -43.498  35.471  18.057 0.0000000000
141201  -42.119  39.505  9.930 0.0000000000
141391  -47.676  41.834  8.998 0.0000000000
141583  -46.078  40.125  3.968 0.0000000000
141827  -42.823  40.741  2.647 0.0000000000
141852  -44.121  54.136  9.893 0.0000000000
142548  -40.021  32.744  11.298 0.0000000000
142586  -36.717  34.318  5.164 0.0000000000
143059  -44.263  39.454  7.939 0.0000000000
