#!ascii label  , from subject sub_0001 vox2ras=TkReg
1745
117875  -33.441  1.302  63.595 0.0000000000
82525  -45.594  16.891  39.890 0.0000000000
68221  -38.502  1.156  49.171 0.0000000000
56541  -5.412  -9.568  69.900 0.0000000000
63025  -19.554  -3.178  67.334 0.0000000000
66093  -3.052  -0.767  64.419 0.0000000000
67000  -3.290  0.479  73.501 0.0000000000
76481  -41.787  9.968  45.249 0.0000000000
60981  -2.670  -5.429  57.019 0.0000000000
129835  -3.453  -11.435  78.561 0.0000000000
117961  -34.078  -0.273  57.504 0.0000000000
64106  -28.243  -2.135  63.252 0.0000000000
64067  -25.766  -2.035  67.264 0.0000000000
83460  -46.707  18.123  36.825 0.0000000000
70315  -41.615  3.828  45.820 0.0000000000
59780  -12.561  -5.901  66.339 0.0000000000
67118  -7.904  -0.017  56.809 0.0000000000
60858  -3.597  -5.053  67.143 0.0000000000
60897  -4.102  -5.664  64.965 0.0000000000
123622  -4.791  -10.443  65.067 0.0000000000
57574  -11.154  -8.307  78.983 0.0000000000
59675  -6.574  -6.307  79.549 0.0000000000
68161  -36.509  1.438  53.380 0.0000000000
67027  -24.125  1.430  69.331 0.0000000000
60904  -20.819  -4.860  64.295 0.0000000000
67044  -2.611  0.694  68.610 0.0000000000
136924  -4.084  -4.273  72.466 0.0000000000
79986  -44.102  13.720  42.449 0.0000000000
57594  -12.848  -8.075  74.438 0.0000000000
58690  -12.210  -6.116  70.862 0.0000000000
65112  -2.518  -1.832  59.818 0.0000000000
137296  -7.324  -5.655  60.948 0.0000000000
66972  -5.001  -0.582  77.083 0.0000000000
142152  -3.196  -5.519  77.434 0.0000000000
55352  -3.768  -10.730  74.848 0.0000000000
68097  -34.439  1.462  62.596 0.0000000000
134330  -33.087  -0.926  62.321 0.0000000000
134235  -34.615  -0.491  60.860 0.0000000000
134285  -30.815  -0.656  63.593 0.0000000000
117956  -30.010  -2.468  61.880 0.0000000000
66090  -29.703  -0.252  65.579 0.0000000000
83445  -46.423  18.166  38.709 0.0000000000
80008  -42.830  12.985  39.541 0.0000000000
80857  -43.261  14.651  37.756 0.0000000000
81703  -45.399  15.865  36.556 0.0000000000
68238  -39.567  1.663  47.285 0.0000000000
120104  -34.943  1.220  49.964 0.0000000000
67206  -36.773  0.712  47.672 0.0000000000
67244  -37.792  1.105  46.091 0.0000000000
58704  -4.886  -7.158  68.285 0.0000000000
120220  -4.371  -7.618  66.333 0.0000000000
142808  -5.258  -9.906  67.591 0.0000000000
123351  -5.444  -13.202  66.588 0.0000000000
134737  -4.768  -13.208  68.890 0.0000000000
54170  -9.574  -10.107  76.081 0.0000000000
54160  -9.290  -11.026  79.026 0.0000000000
131775  -36.775  2.135  55.333 0.0000000000
69144  -34.883  2.699  58.657 0.0000000000
68133  -33.248  1.504  57.362 0.0000000000
70215  -33.551  4.161  56.791 0.0000000000
69202  -34.052  2.539  54.025 0.0000000000
69029  -26.315  2.908  70.119 0.0000000000
62008  -24.100  -4.299  64.430 0.0000000000
63049  -23.182  -3.273  65.682 0.0000000000
80041  -47.752  13.297  34.261 0.0000000000
79207  -49.279  12.681  33.355 0.0000000000
67021  -3.336  0.405  70.456 0.0000000000
64054  -3.286  -2.516  70.812 0.0000000000
62993  -3.102  -2.636  72.937 0.0000000000
136811  -42.365  12.298  44.000 0.0000000000
125815  -40.357  4.814  42.732 0.0000000000
74429  -39.309  7.942  43.432 0.0000000000
77423  -40.254  11.041  42.920 0.0000000000
59693  -13.775  -6.106  76.920 0.0000000000
59699  -14.924  -5.729  75.238 0.0000000000
68090  -4.090  1.660  62.744 0.0000000000
126807  -4.942  1.297  60.287 0.0000000000
66106  -3.105  -1.113  62.582 0.0000000000
57692  -4.790  -8.229  63.760 0.0000000000
60933  -6.003  -5.532  63.276 0.0000000000
57706  -5.911  -8.429  61.650 0.0000000000
65988  -7.435  -0.812  77.978 0.0000000000
56471  -4.791  -9.171  79.891 0.0000000000
60754  -4.489  -5.515  78.838 0.0000000000
57577  -3.954  -8.014  78.089 0.0000000000
141689  -3.898  -8.279  75.936 0.0000000000
129451  -3.655  -11.202  76.515 0.0000000000
67101  -35.183  1.093  59.600 0.0000000000
127008  -27.999  0.595  70.236 0.0000000000
66062  -29.175  0.031  68.314 0.0000000000
64091  -27.129  -2.119  65.182 0.0000000000
83466  -48.463  17.930  35.298 0.0000000000
136833  -46.581  14.914  35.441 0.0000000000
74406  -41.789  6.451  45.508 0.0000000000
136093  -39.914  3.069  43.869 0.0000000000
121269  -16.742  -5.387  64.821 0.0000000000
60863  -17.031  -5.101  67.224 0.0000000000
65129  -3.647  -0.833  56.190 0.0000000000
63034  -1.650  -3.488  65.860 0.0000000000
63068  -1.970  -3.142  64.405 0.0000000000
60882  -3.602  -5.046  65.534 0.0000000000
56594  -4.362  -8.663  64.925 0.0000000000
128055  -4.668  -10.871  63.584 0.0000000000
61888  -10.663  -4.645  79.592 0.0000000000
139360  -8.379  -4.640  79.721 0.0000000000
58628  -9.099  -7.366  79.977 0.0000000000
55335  -7.240  -10.167  80.514 0.0000000000
68190  -37.788  1.341  51.460 0.0000000000
68172  -34.391  1.385  52.316 0.0000000000
67058  -21.274  0.983  67.203 0.0000000000
65047  -24.973  -0.730  68.979 0.0000000000
65076  -22.956  -0.760  66.151 0.0000000000
63045  -20.012  -2.964  65.388 0.0000000000
69083  -4.619  2.080  64.273 0.0000000000
70104  -4.187  2.898  66.742 0.0000000000
67061  -2.808  -0.235  66.433 0.0000000000
64060  -2.525  -2.607  67.979 0.0000000000
60830  -4.278  -4.882  69.376 0.0000000000
58681  -4.954  -6.960  71.590 0.0000000000
81672  -45.392  14.876  41.421 0.0000000000
78304  -41.324  12.246  40.984 0.0000000000
127331  -12.717  -5.351  78.838 0.0000000000
57582  -11.747  -8.429  76.893 0.0000000000
55353  -10.127  -9.963  74.309 0.0000000000
60833  -15.864  -4.813  69.182 0.0000000000
60818  -15.230  -4.874  70.569 0.0000000000
59725  -14.825  -5.658  72.786 0.0000000000
57613  -12.141  -7.560  73.023 0.0000000000
56515  -10.636  -9.647  72.631 0.0000000000
68114  -8.086  1.693  59.203 0.0000000000
135885  -4.975  0.194  58.091 0.0000000000
63100  -2.691  -3.272  58.211 0.0000000000
139315  -3.589  -3.112  62.736 0.0000000000
62030  -4.322  -3.328  60.911 0.0000000000
60963  -4.953  -5.270  59.045 0.0000000000
66982  -3.688  0.680  75.699 0.0000000000
64010  -5.563  -2.927  79.631 0.0000000000
62973  -3.675  -2.886  78.350 0.0000000000
64034  -3.814  -2.387  75.125 0.0000000000
119948  -4.191  -5.421  74.872 0.0000000000
58664  -4.286  -7.689  74.245 0.0000000000
55381  -4.422  -10.397  72.495 0.0000000000
51913  -3.984  -13.551  76.759 0.0000000000
129973  -3.064  -14.195  74.913 0.0000000000
53094  -4.263  -12.735  70.834 0.0000000000
117866  -33.838  1.313  63.044 0.0000000000
68078  -33.199  1.676  63.481 0.0000000000
117426  -33.449  0.189  63.149 0.0000000000
117437  -34.261  0.301  62.476 0.0000000000
117416  -32.188  0.033  63.885 0.0000000000
141326  -31.826  -0.810  62.843 0.0000000000
68070  -32.536  1.583  64.350 0.0000000000
118169  -31.976  0.594  64.610 0.0000000000
83440  -45.957  17.415  39.472 0.0000000000
80840  -43.748  14.506  39.616 0.0000000000
133066  -43.374  14.600  38.674 0.0000000000
81688  -44.292  15.817  38.747 0.0000000000
81689  -44.937  16.447  38.355 0.0000000000
67192  -38.964  1.212  48.430 0.0000000000
68232  -40.838  1.944  48.417 0.0000000000
142584  -40.168  1.637  49.248 0.0000000000
67188  -35.660  1.111  48.658 0.0000000000
67190  -37.292  0.950  48.364 0.0000000000
67208  -38.535  1.044  47.661 0.0000000000
129391  -5.212  -8.665  69.094 0.0000000000
57630  -5.125  -8.522  68.050 0.0000000000
55412  -5.349  -10.030  68.480 0.0000000000
54241  -5.428  -11.615  68.784 0.0000000000
54230  -5.156  -11.836  69.740 0.0000000000
54172  -9.514  -10.706  75.048 0.0000000000
53046  -9.026  -10.932  76.209 0.0000000000
70192  -35.694  3.871  58.217 0.0000000000
70202  -34.018  4.048  57.300 0.0000000000
70217  -35.281  3.951  57.112 0.0000000000
125627  -35.580  2.887  56.002 0.0000000000
81710  -48.696  15.166  34.699 0.0000000000
123177  -48.721  13.261  34.122 0.0000000000
80052  -50.607  13.629  33.418 0.0000000000
67994  -3.330  1.274  72.294 0.0000000000
65026  -3.309  -1.442  72.595 0.0000000000
66022  -3.305  -0.809  73.004 0.0000000000
77398  -42.097  10.773  45.015 0.0000000000
123640  -42.926  11.980  44.913 0.0000000000
75496  -40.625  7.629  44.786 0.0000000000
74430  -39.846  7.209  43.984 0.0000000000
75510  -40.871  8.681  44.907 0.0000000000
77407  -40.829  10.548  44.009 0.0000000000
61900  -15.177  -4.455  76.376 0.0000000000
60774  -15.563  -4.756  74.935 0.0000000000
65046  -19.498  -1.042  68.418 0.0000000000
131393  -19.442  -3.145  68.306 0.0000000000
63125  -2.903  -3.482  55.409 0.0000000000
67087  -3.821  0.699  63.228 0.0000000000
125540  -3.722  0.299  62.345 0.0000000000
66103  -3.082  -1.113  63.219 0.0000000000
56618  -4.892  -9.267  62.394 0.0000000000
57698  -5.046  -8.540  62.787 0.0000000000
56625  -5.149  -9.465  61.575 0.0000000000
66980  -7.039  -0.918  76.162 0.0000000000
65984  -8.521  -1.437  78.077 0.0000000000
55331  -3.919  -10.597  79.539 0.0000000000
135991  -3.763  -9.069  79.100 0.0000000000
125648  -3.456  -9.766  78.871 0.0000000000
56484  -3.119  -9.593  77.204 0.0000000000
132814  -3.370  -11.422  77.892 0.0000000000
138019  -35.386  0.920  61.163 0.0000000000
122691  -35.078  0.468  60.046 0.0000000000
141521  -36.018  1.714  60.458 0.0000000000
68115  -35.924  2.545  59.298 0.0000000000
118609  -29.008  -0.862  64.785 0.0000000000
65086  -28.518  -1.138  65.191 0.0000000000
64097  -27.350  -2.242  64.381 0.0000000000
64104  -26.863  -2.759  63.903 0.0000000000
83461  -47.399  18.347  36.393 0.0000000000
82542  -45.709  16.834  36.936 0.0000000000
81706  -45.937  15.316  35.906 0.0000000000
82547  -46.782  16.481  35.762 0.0000000000
81707  -47.120  15.617  35.304 0.0000000000
72381  -41.782  4.889  44.911 0.0000000000
74390  -42.724  6.861  46.558 0.0000000000
72375  -42.842  5.635  46.411 0.0000000000
69290  -39.647  2.469  45.219 0.0000000000
69289  -38.689  2.457  45.023 0.0000000000
70323  -40.622  3.353  44.539 0.0000000000
71325  -40.830  4.114  43.674 0.0000000000
66150  -7.396  -0.595  55.542 0.0000000000
65137  -5.942  -1.109  55.183 0.0000000000
66142  -6.473  -0.803  55.958 0.0000000000
61972  -3.303  -4.379  66.894 0.0000000000
61991  -2.036  -4.256  65.397 0.0000000000
60869  -3.531  -5.031  66.444 0.0000000000
56568  -4.640  -9.207  65.672 0.0000000000
57670  -4.295  -7.923  65.812 0.0000000000
56581  -4.469  -9.145  65.139 0.0000000000
56606  -4.542  -9.259  64.256 0.0000000000
55463  -4.726  -10.602  64.382 0.0000000000
54270  -4.914  -11.304  64.747 0.0000000000
58633  -10.956  -6.964  79.776 0.0000000000
59678  -9.661  -6.414  80.031 0.0000000000
57570  -10.065  -8.215  79.915 0.0000000000
53038  -8.902  -11.824  78.628 0.0000000000
129733  -8.785  -10.041  80.170 0.0000000000
53031  -7.860  -11.823  79.972 0.0000000000
54154  -6.687  -10.984  80.391 0.0000000000
119457  -37.343  1.266  52.092 0.0000000000
69203  -34.863  1.633  53.992 0.0000000000
141286  -34.346  1.798  53.580 0.0000000000
68160  -35.606  1.373  53.192 0.0000000000
68188  -35.844  1.256  51.329 0.0000000000
126212  -23.181  2.312  69.628 0.0000000000
68029  -21.259  2.237  68.718 0.0000000000
68040  -22.379  1.404  67.989 0.0000000000
66060  -27.635  -0.500  69.075 0.0000000000
66046  -26.222  -0.456  69.645 0.0000000000
119677  -25.826  -1.581  67.968 0.0000000000
63061  -22.009  -3.314  65.025 0.0000000000
121551  -22.788  -1.419  65.746 0.0000000000
63047  -21.201  -2.061  64.682 0.0000000000
65084  -21.259  -0.773  65.530 0.0000000000
61994  -20.301  -3.278  64.949 0.0000000000
60902  -18.545  -5.497  64.351 0.0000000000
69050  -3.192  1.854  68.565 0.0000000000
69057  -3.231  1.521  67.868 0.0000000000
68052  -3.253  1.117  66.979 0.0000000000
67053  -2.538  0.002  67.369 0.0000000000
136151  -1.874  -1.515  67.357 0.0000000000
65049  -2.118  -1.294  68.013 0.0000000000
61925  -3.613  -3.405  71.740 0.0000000000
61951  -3.630  -3.647  69.404 0.0000000000
118441  -4.233  -4.398  70.590 0.0000000000
59741  -4.875  -5.483  69.878 0.0000000000
59731  -4.640  -5.397  72.111 0.0000000000
79996  -44.524  13.863  41.761 0.0000000000
81674  -46.058  16.002  42.433 0.0000000000
81664  -45.755  15.146  42.631 0.0000000000
78293  -41.422  12.076  43.207 0.0000000000
77424  -40.875  11.846  42.189 0.0000000000
79135  -42.611  12.993  41.320 0.0000000000
79994  -43.216  13.234  40.950 0.0000000000
62975  -13.325  -3.881  78.135 0.0000000000
58647  -13.504  -7.125  75.806 0.0000000000
58643  -12.982  -7.430  77.033 0.0000000000
57586  -12.301  -7.880  75.903 0.0000000000
56491  -10.833  -8.719  75.126 0.0000000000
56493  -11.058  -8.677  74.569 0.0000000000
60871  -14.094  -4.831  66.461 0.0000000000
60848  -16.862  -4.911  68.083 0.0000000000
60860  -14.249  -4.801  67.355 0.0000000000
58698  -11.854  -5.983  69.736 0.0000000000
60831  -13.850  -5.291  69.653 0.0000000000
59742  -13.448  -5.771  71.025 0.0000000000
59735  -14.634  -5.471  71.992 0.0000000000
59734  -14.042  -6.036  71.716 0.0000000000
58675  -13.684  -6.792  72.933 0.0000000000
58683  -12.025  -6.597  71.725 0.0000000000
55393  -10.273  -9.755  71.382 0.0000000000
69120  -8.108  2.635  60.328 0.0000000000
130677  -3.185  -0.533  59.838 0.0000000000
67105  -5.343  0.722  58.818 0.0000000000
66123  -3.337  -0.543  58.537 0.0000000000
65117  -3.118  -1.249  58.283 0.0000000000
64127  -2.618  -2.529  59.437 0.0000000000
60913  -3.124  -4.428  64.986 0.0000000000
63075  -3.228  -2.981  63.156 0.0000000000
62016  -3.650  -4.153  63.912 0.0000000000
60934  -6.540  -5.494  62.382 0.0000000000
123764  -5.242  -3.937  62.417 0.0000000000
62032  -5.770  -4.316  61.556 0.0000000000
62048  -4.641  -4.473  59.430 0.0000000000
62050  -6.074  -4.888  60.139 0.0000000000
60965  -6.681  -5.267  59.524 0.0000000000
66978  -3.349  0.734  76.440 0.0000000000
60751  -7.680  -5.635  79.636 0.0000000000
62959  -6.828  -3.846  80.159 0.0000000000
129005  -6.099  -5.003  79.852 0.0000000000
60760  -3.684  -5.630  78.193 0.0000000000
61891  -3.819  -4.508  78.791 0.0000000000
120679  -3.509  -4.243  77.673 0.0000000000
64029  -3.594  -2.669  76.977 0.0000000000
128955  -3.913  -3.850  76.517 0.0000000000
118458  -4.059  -4.113  75.466 0.0000000000
60769  -3.551  -5.671  76.114 0.0000000000
56490  -3.670  -9.328  75.368 0.0000000000
57592  -4.012  -8.060  74.972 0.0000000000
56503  -4.178  -9.067  74.087 0.0000000000
56513  -4.239  -9.104  73.526 0.0000000000
126910  -4.144  -9.848  73.627 0.0000000000
49598  -2.883  -15.280  75.940 0.0000000000
51917  -3.642  -13.598  76.064 0.0000000000
68106  -36.207  1.975  61.660 0.0000000000
117831  -32.990  -2.122  61.657 0.0000000000
134331  -33.679  -1.930  61.261 0.0000000000
117433  -33.636  -0.815  61.894 0.0000000000
117780  -34.996  0.619  61.620 0.0000000000
117427  -29.168  -1.271  63.698 0.0000000000
117734  -30.338  -1.180  63.067 0.0000000000
134270  -31.787  -1.435  62.426 0.0000000000
134417  -30.564  -0.349  64.434 0.0000000000
83454  -46.713  18.340  37.888 0.0000000000
80026  -42.299  13.540  37.883 0.0000000000
80029  -42.408  13.520  37.046 0.0000000000
80031  -43.723  14.247  35.939 0.0000000000
80858  -43.885  15.129  37.262 0.0000000000
81699  -45.071  16.309  37.377 0.0000000000
122749  -41.104  3.026  46.057 0.0000000000
71310  -42.364  4.190  46.532 0.0000000000
69275  -42.150  3.076  47.520 0.0000000000
70303  -43.018  3.888  48.904 0.0000000000
68205  -34.166  1.024  50.471 0.0000000000
68218  -34.358  1.092  49.476 0.0000000000
119213  -35.029  0.843  48.251 0.0000000000
125125  -35.172  0.557  47.421 0.0000000000
132418  -36.173  0.515  46.338 0.0000000000
67225  -37.085  0.680  46.656 0.0000000000
68248  -39.431  1.881  46.314 0.0000000000
59758  -3.861  -5.971  67.792 0.0000000000
59770  -3.909  -6.391  66.767 0.0000000000
57646  -4.533  -7.587  66.890 0.0000000000
55422  -4.981  -9.407  66.911 0.0000000000
120073  -5.098  -10.304  65.834 0.0000000000
54264  -5.200  -11.157  65.488 0.0000000000
54259  -5.487  -11.144  66.448 0.0000000000
51991  -5.140  -13.308  67.913 0.0000000000
56482  -10.979  -9.326  77.954 0.0000000000
56477  -10.295  -9.418  79.210 0.0000000000
120223  -9.874  -10.649  77.359 0.0000000000
69191  -36.218  1.802  54.717 0.0000000000
134329  -34.448  0.873  58.346 0.0000000000
142789  -33.721  0.725  57.321 0.0000000000
68125  -33.776  2.406  57.789 0.0000000000
68124  -33.089  2.751  57.378 0.0000000000
70214  -32.703  4.097  56.530 0.0000000000
70229  -34.042  3.834  56.064 0.0000000000
69177  -34.966  2.836  55.452 0.0000000000
68006  -25.119  2.113  69.803 0.0000000000
64089  -25.667  -2.957  65.932 0.0000000000
64074  -24.458  -2.583  66.730 0.0000000000
61996  -23.656  -3.875  65.100 0.0000000000
62006  -22.375  -4.426  64.560 0.0000000000
79204  -46.711  12.242  33.280 0.0000000000
79212  -47.742  12.154  32.094 0.0000000000
79223  -48.181  12.321  31.316 0.0000000000
79231  -48.800  12.808  30.606 0.0000000000
140550  -2.654  0.629  69.229 0.0000000000
65036  -3.226  -1.329  69.707 0.0000000000
65031  -3.255  -1.217  70.946 0.0000000000
64051  -3.263  -2.224  71.886 0.0000000000
62994  -3.271  -3.009  72.754 0.0000000000
79115  -42.781  12.826  43.455 0.0000000000
79117  -44.019  13.192  43.880 0.0000000000
73404  -39.157  6.614  42.383 0.0000000000
74436  -38.724  7.397  42.685 0.0000000000
75531  -38.356  8.838  42.358 0.0000000000
76509  -39.853  10.065  43.397 0.0000000000
77408  -40.882  11.500  43.390 0.0000000000
61896  -14.117  -3.973  77.825 0.0000000000
141265  -15.091  -4.283  77.027 0.0000000000
59696  -14.465  -6.056  75.751 0.0000000000
58649  -13.811  -7.064  75.029 0.0000000000
125525  -11.206  -7.198  68.654 0.0000000000
57624  -10.695  -7.691  70.801 0.0000000000
69112  -6.577  2.533  61.479 0.0000000000
137797  -6.258  2.191  60.877 0.0000000000
68107  -4.719  1.382  60.990 0.0000000000
127489  -3.716  0.109  60.895 0.0000000000
65108  -2.617  -1.644  60.765 0.0000000000
139667  -4.605  -7.713  64.337 0.0000000000
60915  -4.401  -4.952  64.311 0.0000000000
58751  -5.375  -7.645  63.147 0.0000000000
58752  -6.261  -7.157  62.462 0.0000000000
140594  -7.052  -7.302  61.457 0.0000000000
67971  -6.656  -0.091  75.561 0.0000000000
66979  -6.747  -0.798  76.297 0.0000000000
66969  -6.122  -0.892  78.162 0.0000000000
57568  -5.623  -7.586  79.909 0.0000000000
59681  -5.662  -6.044  79.214 0.0000000000
58631  -5.219  -7.387  79.347 0.0000000000
58634  -4.375  -7.311  78.414 0.0000000000
59688  -3.164  -6.551  77.581 0.0000000000
120246  -2.951  -6.896  76.905 0.0000000000
57581  -2.931  -8.520  77.168 0.0000000000
130541  -3.306  -9.816  76.294 0.0000000000
55350  -3.617  -10.429  75.457 0.0000000000
134182  -34.307  -0.681  58.193 0.0000000000
118062  -34.583  -0.958  60.329 0.0000000000
134430  -34.806  -0.513  58.821 0.0000000000
117829  -34.712  0.085  58.564 0.0000000000
68119  -34.761  1.723  58.799 0.0000000000
69145  -35.863  2.912  58.722 0.0000000000
65070  -27.836  -1.023  67.728 0.0000000000
66070  -30.091  0.177  67.039 0.0000000000
66080  -28.718  -0.610  66.905 0.0000000000
64077  -26.998  -2.115  66.019 0.0000000000
63052  -25.983  -3.139  65.102 0.0000000000
126973  -44.867  13.513  34.795 0.0000000000
80868  -46.631  13.977  35.059 0.0000000000
81708  -47.919  15.462  34.965 0.0000000000
75482  -41.617  7.580  45.877 0.0000000000
76468  -41.937  9.428  45.889 0.0000000000
75484  -42.231  8.735  46.477 0.0000000000
67255  -36.735  1.071  45.291 0.0000000000
70335  -40.069  3.749  43.301 0.0000000000
73400  -41.014  5.689  43.829 0.0000000000
61983  -18.685  -4.639  66.484 0.0000000000
61974  -18.553  -4.514  67.421 0.0000000000
60885  -16.572  -5.289  65.726 0.0000000000
131640  -14.826  -4.909  65.248 0.0000000000
64149  -3.661  -1.913  55.095 0.0000000000
63115  -2.690  -3.176  56.173 0.0000000000
65082  -1.830  -2.069  64.861 0.0000000000
65089  -2.385  -1.930  64.267 0.0000000000
63058  -1.347  -3.501  64.909 0.0000000000
60894  -2.447  -4.409  65.255 0.0000000000
59790  -4.024  -5.807  65.377 0.0000000000
59779  -4.075  -6.386  66.186 0.0000000000
58740  -4.223  -6.995  65.376 0.0000000000
58741  -4.189  -6.771  65.199 0.0000000000
58745  -4.501  -8.154  64.468 0.0000000000
64014  -8.965  -3.127  79.295 0.0000000000
61886  -9.448  -4.248  79.454 0.0000000000
60752  -9.005  -5.505  79.659 0.0000000000
58626  -7.675  -7.391  79.589 0.0000000000
56475  -9.226  -9.389  80.135 0.0000000000
56468  -7.944  -8.516  80.268 0.0000000000
57561  -6.924  -8.039  80.307 0.0000000000
139711  -6.088  -9.051  80.547 0.0000000000
54152  -4.977  -10.832  80.196 0.0000000000
54158  -4.069  -11.724  79.424 0.0000000000
118307  -38.020  1.246  49.909 0.0000000000
68209  -39.845  1.855  50.430 0.0000000000
68192  -39.234  1.831  51.112 0.0000000000
66144  -33.738  -0.054  56.234 0.0000000000
68186  -33.242  1.424  51.607 0.0000000000
68207  -36.572  1.298  50.517 0.0000000000
133105  -19.902  0.779  68.417 0.0000000000
65064  -20.041  -0.712  66.937 0.0000000000
67020  -27.019  1.782  70.590 0.0000000000
67030  -26.134  0.783  70.648 0.0000000000
127213  -24.679  -0.074  69.475 0.0000000000
64065  -23.961  -1.986  66.892 0.0000000000
143047  -24.027  -0.580  67.100 0.0000000000
66056  -23.452  0.533  67.583 0.0000000000
130408  -22.155  0.446  66.830 0.0000000000
65074  -20.687  -0.451  66.102 0.0000000000
63035  -19.762  -3.036  66.255 0.0000000000
61992  -18.902  -4.803  65.660 0.0000000000
80067  -49.519  13.564  29.852 0.0000000000
80076  -50.230  14.123  29.237 0.0000000000
80898  -50.890  14.357  28.687 0.0000000000
69093  -4.381  2.055  63.536 0.0000000000
67080  -3.917  0.771  64.016 0.0000000000
70113  -4.751  2.730  65.912 0.0000000000
67070  -3.594  0.971  65.008 0.0000000000
67078  -2.916  -0.535  65.390 0.0000000000
136266  -1.658  -2.022  66.327 0.0000000000
119988  -2.011  -2.905  66.628 0.0000000000
119152  -3.301  -3.739  67.620 0.0000000000
64057  -2.984  -2.494  68.681 0.0000000000
63016  -3.378  -3.526  68.497 0.0000000000
60843  -3.694  -4.914  68.447 0.0000000000
59748  -4.392  -5.566  68.934 0.0000000000
58696  -5.241  -6.760  69.233 0.0000000000
57623  -5.436  -8.698  70.284 0.0000000000
81682  -44.968  15.211  40.629 0.0000000000
76521  -38.555  9.813  41.844 0.0000000000
77443  -39.913  11.521  40.762 0.0000000000
78309  -40.811  11.982  40.219 0.0000000000
79139  -42.488  12.455  39.870 0.0000000000
80837  -44.083  13.999  40.481 0.0000000000
139926  -11.653  -4.878  79.401 0.0000000000
58636  -11.953  -7.165  78.759 0.0000000000
60764  -13.229  -5.529  78.293 0.0000000000
58641  -12.706  -7.070  77.638 0.0000000000
57579  -11.600  -8.112  77.610 0.0000000000
55351  -10.148  -9.943  74.944 0.0000000000
61965  -18.388  -4.390  68.382 0.0000000000
61954  -18.122  -4.219  69.274 0.0000000000
61942  -17.776  -4.032  70.118 0.0000000000
125434  -14.377  -5.071  69.006 0.0000000000
121678  -15.729  -4.695  69.887 0.0000000000
130645  -17.027  -4.103  71.278 0.0000000000
61927  -16.636  -4.068  71.908 0.0000000000
60796  -15.809  -4.653  72.899 0.0000000000
60777  -15.906  -4.227  74.283 0.0000000000
59715  -14.936  -5.804  73.616 0.0000000000
58666  -13.922  -6.871  73.569 0.0000000000
57605  -12.965  -7.722  73.753 0.0000000000
132149  -10.571  -7.987  71.670 0.0000000000
57612  -11.185  -8.249  73.020 0.0000000000
122195  -11.112  -8.653  73.389 0.0000000000
55361  -10.341  -9.992  73.558 0.0000000000
68117  -8.072  0.739  58.043 0.0000000000
68112  -6.520  1.435  59.543 0.0000000000
67100  -6.832  0.989  58.905 0.0000000000
67111  -6.841  -0.079  57.692 0.0000000000
66140  -4.295  -0.505  56.730 0.0000000000
64136  -2.998  -2.073  57.126 0.0000000000
63107  -2.436  -3.530  57.462 0.0000000000
64108  -2.760  -2.122  63.023 0.0000000000
64116  -3.078  -1.922  62.076 0.0000000000
64117  -3.274  -2.262  61.414 0.0000000000
62017  -4.466  -3.969  63.287 0.0000000000
63081  -4.087  -2.944  61.928 0.0000000000
63086  -2.967  -2.984  59.909 0.0000000000
63094  -3.416  -3.481  59.445 0.0000000000
62047  -4.045  -4.040  58.968 0.0000000000
60970  -3.943  -5.631  57.874 0.0000000000
60972  -5.265  -5.832  58.567 0.0000000000
64973  -8.042  -2.367  79.589 0.0000000000
64972  -6.868  -2.106  79.600 0.0000000000
123941  -5.361  -1.396  79.079 0.0000000000
61883  -4.950  -4.694  79.224 0.0000000000
64017  -4.200  -2.457  79.123 0.0000000000
64983  -4.701  -1.775  78.073 0.0000000000
139282  -3.786  -2.052  77.284 0.0000000000
65996  -4.026  -1.012  75.579 0.0000000000
65005  -3.713  -1.004  74.661 0.0000000000
64040  -3.514  -2.163  73.666 0.0000000000
62986  -3.836  -3.459  73.459 0.0000000000
60784  -4.412  -5.107  73.795 0.0000000000
142568  -3.782  -6.901  75.454 0.0000000000
60775  -4.273  -6.012  74.498 0.0000000000
59722  -4.570  -5.896  73.365 0.0000000000
58674  -4.639  -7.431  72.823 0.0000000000
123185  -4.678  -8.766  72.602 0.0000000000
55392  -4.905  -10.274  71.751 0.0000000000
53032  -3.961  -12.804  78.597 0.0000000000
50771  -4.152  -14.413  77.609 0.0000000000
53039  -3.664  -12.788  77.521 0.0000000000
53043  -3.919  -12.763  76.783 0.0000000000
54168  -3.889  -11.707  76.007 0.0000000000
54174  -3.760  -12.074  74.826 0.0000000000
51929  -3.184  -14.010  74.615 0.0000000000
125758  -3.690  -12.123  74.054 0.0000000000
133306  -4.081  -11.208  73.167 0.0000000000
54219  -4.422  -12.019  71.610 0.0000000000
54220  -4.801  -11.762  70.678 0.0000000000
53095  -4.604  -12.669  70.145 0.0000000000
51990  -4.368  -13.887  69.109 0.0000000000
68086  -33.488  1.531  63.327 0.0000000000
68077  -33.106  1.513  63.836 0.0000000000
118033  -33.309  0.782  63.730 0.0000000000
134236  -33.746  0.820  63.207 0.0000000000
118025  -32.739  0.711  64.228 0.0000000000
118190  -32.885  0.128  63.552 0.0000000000
67077  -33.013  1.329  64.142 0.0000000000
83441  -46.284  17.878  39.412 0.0000000000
82526  -46.173  17.433  40.183 0.0000000000
81686  -44.415  15.465  39.701 0.0000000000
82524  -44.893  16.390  39.364 0.0000000000
82528  -45.542  17.022  38.977 0.0000000000
122084  -39.628  1.410  48.862 0.0000000000
132102  -39.148  1.336  49.201 0.0000000000
67179  -37.675  1.104  49.108 0.0000000000
67178  -36.854  1.235  49.042 0.0000000000
67191  -38.133  1.007  48.381 0.0000000000
56542  -5.231  -9.378  68.774 0.0000000000
55402  -5.383  -10.260  69.509 0.0000000000
131960  -5.465  -10.903  69.149 0.0000000000
132679  -5.294  -11.104  70.000 0.0000000000
53051  -8.765  -11.376  75.083 0.0000000000
70204  -35.571  3.997  57.703 0.0000000000
136082  -2.976  0.918  72.918 0.0000000000
67007  -3.189  0.203  72.863 0.0000000000
139629  -3.290  -0.275  73.342 0.0000000000
76482  -42.255  10.305  45.547 0.0000000000
75497  -41.147  7.944  45.358 0.0000000000
76493  -41.224  9.706  44.828 0.0000000000
127066  -15.496  -3.611  75.123 0.0000000000
61901  -15.298  -3.938  75.816 0.0000000000
61904  -15.747  -4.059  75.152 0.0000000000
64063  -19.617  -2.365  67.780 0.0000000000
64061  -19.430  -2.322  68.605 0.0000000000
62064  -2.283  -4.945  56.537 0.0000000000
62070  -2.336  -5.323  55.743 0.0000000000
123885  -3.417  0.074  63.728 0.0000000000
67086  -3.378  0.037  63.097 0.0000000000
66100  -3.226  -0.587  63.536 0.0000000000
56624  -4.795  -9.873  61.969 0.0000000000
64984  -9.155  -1.865  78.087 0.0000000000
54150  -3.738  -11.298  79.196 0.0000000000
55339  -3.535  -10.620  79.054 0.0000000000
55342  -3.364  -10.623  78.351 0.0000000000
68111  -36.048  1.437  61.044 0.0000000000
134240  -35.423  1.083  60.432 0.0000000000
136119  -36.343  2.137  60.789 0.0000000000
68116  -35.993  2.364  60.033 0.0000000000
131336  -28.591  -1.621  63.635 0.0000000000
128995  -28.623  -1.300  64.343 0.0000000000
64098  -27.999  -1.820  64.004 0.0000000000
82543  -46.352  17.238  36.500 0.0000000000
81704  -46.105  16.236  36.210 0.0000000000
82544  -47.069  17.517  36.035 0.0000000000
71317  -41.422  4.184  44.993 0.0000000000
72382  -42.250  5.305  45.676 0.0000000000
71318  -41.992  4.547  45.668 0.0000000000
69291  -40.481  2.952  45.160 0.0000000000
69292  -41.054  3.511  45.089 0.0000000000
68127  -8.871  1.192  55.890 0.0000000000
67127  -7.990  -0.091  55.957 0.0000000000
66143  -7.323  -0.470  56.420 0.0000000000
59769  -3.650  -5.724  66.997 0.0000000000
55447  -4.706  -9.747  65.384 0.0000000000
55462  -4.579  -9.854  64.765 0.0000000000
58635  -11.359  -7.488  79.139 0.0000000000
57571  -10.664  -7.818  79.497 0.0000000000
54159  -8.507  -11.453  79.484 0.0000000000
68175  -37.364  1.358  52.878 0.0000000000
68162  -37.295  1.706  53.722 0.0000000000
134429  -34.110  -1.066  57.432 0.0000000000
68174  -36.429  1.239  52.369 0.0000000000
68005  -24.347  2.446  69.692 0.0000000000
68017  -23.881  2.083  69.602 0.0000000000
67026  -23.327  1.874  69.307 0.0000000000
67040  -23.596  1.363  68.859 0.0000000000
65069  -26.521  -1.557  67.675 0.0000000000
65058  -26.260  -1.291  68.445 0.0000000000
62005  -21.333  -3.918  64.766 0.0000000000
63060  -21.291  -2.628  64.746 0.0000000000
63059  -20.733  -2.783  64.701 0.0000000000
62004  -20.479  -3.996  64.799 0.0000000000
60903  -19.480  -5.336  64.191 0.0000000000
124596  -20.158  -4.874  64.376 0.0000000000
68043  -2.906  1.112  68.297 0.0000000000
68051  -2.959  0.735  67.649 0.0000000000
131040  -2.731  0.010  68.127 0.0000000000
129496  -2.203  -0.756  67.508 0.0000000000
129497  -2.530  -0.501  68.356 0.0000000000
61926  -3.902  -4.096  71.646 0.0000000000
60805  -4.304  -4.630  71.763 0.0000000000
60816  -4.701  -5.002  70.781 0.0000000000
80821  -45.551  14.643  42.210 0.0000000000
80820  -44.945  14.144  42.550 0.0000000000
79124  -42.620  13.002  42.405 0.0000000000
78294  -41.854  12.512  41.960 0.0000000000
79136  -43.285  13.370  41.858 0.0000000000
79995  -43.925  13.564  41.383 0.0000000000
135949  -12.996  -7.750  75.690 0.0000000000
57588  -12.575  -8.112  75.166 0.0000000000
136108  -11.605  -8.291  75.357 0.0000000000
57593  -12.031  -8.481  74.520 0.0000000000
60870  -13.165  -5.004  66.898 0.0000000000
59751  -13.012  -5.656  70.173 0.0000000000
59733  -13.090  -6.263  71.722 0.0000000000
58689  -11.419  -6.860  71.040 0.0000000000
66115  -2.758  -1.116  60.250 0.0000000000
66116  -3.472  -0.158  59.156 0.0000000000
65113  -2.967  -1.065  59.233 0.0000000000
128471  -2.683  -1.934  58.877 0.0000000000
60914  -3.627  -4.660  64.766 0.0000000000
62015  -3.027  -4.056  64.492 0.0000000000
60948  -7.042  -5.557  61.577 0.0000000000
62033  -6.508  -4.830  61.632 0.0000000000
62041  -6.354  -4.672  60.883 0.0000000000
62034  -6.985  -5.084  60.966 0.0000000000
60955  -6.865  -5.100  60.296 0.0000000000
60956  -7.273  -5.490  60.489 0.0000000000
67961  -5.203  -0.020  76.796 0.0000000000
66971  -4.224  -0.408  76.528 0.0000000000
60750  -7.068  -5.952  79.584 0.0000000000
61878  -7.055  -5.171  79.989 0.0000000000
60749  -6.445  -5.611  79.710 0.0000000000
60763  -3.303  -5.873  77.712 0.0000000000
61894  -3.418  -5.074  77.885 0.0000000000
61897  -3.441  -4.923  77.291 0.0000000000
120400  -3.657  -4.270  77.113 0.0000000000
61899  -3.714  -4.831  76.471 0.0000000000
60766  -3.245  -5.544  76.870 0.0000000000
128370  -3.587  -9.842  75.142 0.0000000000
119055  -3.834  -9.008  74.828 0.0000000000
56492  -3.921  -9.808  74.423 0.0000000000
55360  -3.889  -10.542  74.032 0.0000000000
48539  -2.013  -16.963  76.374 0.0000000000
137290  -2.777  -16.187  76.300 0.0000000000
135134  -2.189  -16.015  75.976 0.0000000000
68098  -35.281  1.632  62.302 0.0000000000
117893  -32.641  -1.498  62.146 0.0000000000
134266  -33.314  -1.432  61.808 0.0000000000
118019  -34.289  0.810  62.709 0.0000000000
134326  -34.560  0.390  62.153 0.0000000000
134239  -34.929  0.953  62.173 0.0000000000
117768  -35.475  1.261  61.691 0.0000000000
65091  -29.905  -0.851  63.826 0.0000000000
117791  -32.409  -0.885  62.589 0.0000000000
134333  -32.191  -2.085  61.874 0.0000000000
134416  -31.399  -0.127  64.159 0.0000000000
117955  -31.174  0.314  64.960 0.0000000000
83453  -46.246  17.820  38.149 0.0000000000
84387  -46.829  18.605  38.544 0.0000000000
79147  -41.921  12.093  39.382 0.0000000000
78319  -41.087  12.189  39.055 0.0000000000
79148  -42.348  12.475  39.093 0.0000000000
80027  -42.771  14.070  38.289 0.0000000000
122635  -42.786  14.052  37.349 0.0000000000
80860  -43.421  14.487  36.801 0.0000000000
82537  -45.662  17.145  37.957 0.0000000000
82538  -46.193  17.657  37.341 0.0000000000
69282  -40.757  2.371  46.891 0.0000000000
132138  -41.456  2.797  47.109 0.0000000000
69274  -41.118  2.253  47.775 0.0000000000
69264  -42.113  2.950  49.196 0.0000000000
136713  -42.457  3.449  48.803 0.0000000000
70294  -42.559  3.609  49.504 0.0000000000
138715  -34.951  1.309  49.377 0.0000000000
67189  -36.452  0.935  48.457 0.0000000000
67205  -35.873  0.651  47.952 0.0000000000
120803  -36.074  0.632  47.056 0.0000000000
67209  -39.117  1.357  47.703 0.0000000000
67227  -38.899  1.351  47.020 0.0000000000
58695  -4.426  -6.216  68.242 0.0000000000
57637  -4.465  -6.944  67.449 0.0000000000
57638  -4.836  -7.702  67.606 0.0000000000
56550  -5.172  -9.281  67.761 0.0000000000
56549  -4.835  -8.470  67.071 0.0000000000
120219  -5.253  -10.261  66.922 0.0000000000
53113  -5.402  -12.414  68.371 0.0000000000
140015  -4.693  -13.633  68.573 0.0000000000
55346  -9.990  -10.017  77.052 0.0000000000
55344  -10.626  -9.860  77.695 0.0000000000
68126  -34.250  2.126  58.434 0.0000000000
138040  -33.960  1.291  57.822 0.0000000000
69156  -33.717  3.441  57.483 0.0000000000
69155  -33.249  3.865  57.126 0.0000000000
70228  -33.088  4.261  55.999 0.0000000000
130158  -25.527  2.366  69.988 0.0000000000
68007  -26.053  2.292  70.378 0.0000000000
63062  -24.588  -3.864  64.904 0.0000000000
63050  -24.162  -3.536  65.681 0.0000000000
80040  -46.965  13.335  34.434 0.0000000000
80050  -47.252  12.744  33.848 0.0000000000
79206  -48.494  12.580  33.409 0.0000000000
79205  -47.705  12.307  33.076 0.0000000000
79214  -49.656  12.513  32.629 0.0000000000
129499  -3.263  -0.483  70.087 0.0000000000
129500  -3.414  -0.501  71.263 0.0000000000
123955  -3.311  -1.728  71.889 0.0000000000
64048  -3.155  -2.156  72.716 0.0000000000
79116  -43.454  13.100  43.867 0.0000000000
78285  -42.900  12.437  44.327 0.0000000000
72393  -40.326  5.824  42.686 0.0000000000
128904  -39.214  7.163  43.162 0.0000000000
73398  -39.680  6.530  43.092 0.0000000000
75522  -38.797  8.378  42.826 0.0000000000
75523  -39.554  8.968  43.521 0.0000000000
77409  -41.893  11.176  44.563 0.0000000000
78284  -41.877  11.879  44.045 0.0000000000
130038  -42.113  12.503  43.181 0.0000000000
61898  -14.823  -3.728  77.200 0.0000000000
60771  -15.016  -5.323  76.014 0.0000000000
121470  -14.060  -6.648  75.556 0.0000000000
59698  -14.353  -6.355  74.903 0.0000000000
57639  -11.005  -7.977  68.368 0.0000000000
69104  -5.282  2.205  62.126 0.0000000000
69111  -5.784  2.238  61.441 0.0000000000
68100  -4.342  1.336  61.837 0.0000000000
67091  -3.447  -0.151  62.614 0.0000000000
66108  -3.433  -0.267  61.662 0.0000000000
66107  -3.181  -0.806  62.164 0.0000000000
66110  -2.734  -0.939  61.188 0.0000000000
65104  -2.962  -1.432  61.804 0.0000000000
59798  -4.956  -7.083  64.080 0.0000000000
57705  -5.293  -8.798  61.957 0.0000000000
57699  -5.639  -8.074  62.274 0.0000000000
135799  -6.326  -7.843  61.767 0.0000000000
57707  -6.659  -8.377  61.090 0.0000000000
66976  -7.175  -1.215  77.114 0.0000000000
66975  -6.780  -1.073  77.270 0.0000000000
66974  -6.296  -0.990  77.334 0.0000000000
66970  -6.811  -0.739  78.186 0.0000000000
118853  -5.610  -8.542  80.252 0.0000000000
57567  -4.935  -8.150  79.767 0.0000000000
56480  -3.616  -8.895  78.489 0.0000000000
57572  -4.047  -8.274  78.817 0.0000000000
58639  -3.604  -7.036  77.908 0.0000000000
58638  -3.521  -7.855  77.504 0.0000000000
138242  -3.179  -7.186  77.431 0.0000000000
55345  -3.407  -10.514  76.760 0.0000000000
129012  -3.493  -9.859  75.668 0.0000000000
55347  -3.567  -10.653  75.991 0.0000000000
134354  -34.331  -1.756  58.164 0.0000000000
117860  -34.388  -1.961  59.003 0.0000000000
137729  -34.282  -0.977  60.939 0.0000000000
117383  -34.185  -1.507  60.725 0.0000000000
134328  -35.059  0.120  59.236 0.0000000000
67108  -35.019  0.913  58.903 0.0000000000
66061  -28.464  -0.283  68.731 0.0000000000
66068  -28.496  -0.570  67.755 0.0000000000
67059  -30.848  0.644  66.750 0.0000000000
66082  -30.174  0.205  66.114 0.0000000000
119698  -28.026  -1.439  65.631 0.0000000000
65079  -28.467  -0.941  66.113 0.0000000000
126609  -27.520  -1.760  65.603 0.0000000000
65078  -27.644  -1.584  66.377 0.0000000000
64090  -26.475  -2.591  65.563 0.0000000000
64096  -26.687  -2.684  64.739 0.0000000000
63070  -25.712  -3.681  63.721 0.0000000000
80861  -44.156  14.836  36.394 0.0000000000
80034  -43.406  13.631  35.437 0.0000000000
80864  -44.443  14.409  35.803 0.0000000000
80865  -45.853  14.448  35.487 0.0000000000
80036  -45.068  14.091  35.439 0.0000000000
80039  -45.716  13.703  34.971 0.0000000000
127532  -46.246  13.367  34.547 0.0000000000
82548  -47.641  16.645  35.242 0.0000000000
82549  -48.345  17.211  35.044 0.0000000000
82551  -48.621  16.335  34.745 0.0000000000
75483  -41.794  8.478  46.171 0.0000000000
138048  -42.198  6.864  46.028 0.0000000000
142675  -42.823  6.195  46.393 0.0000000000
74391  -42.790  7.968  46.997 0.0000000000
71304  -42.934  4.225  47.441 0.0000000000
72363  -42.915  4.914  46.924 0.0000000000
67243  -37.127  0.898  45.850 0.0000000000
67242  -36.517  0.581  45.843 0.0000000000
69300  -39.403  2.664  44.325 0.0000000000
69308  -39.304  2.846  43.625 0.0000000000
136755  -41.421  5.241  44.335 0.0000000000
72388  -41.136  4.881  43.549 0.0000000000
73392  -41.293  6.014  44.767 0.0000000000
74420  -41.170  6.962  45.219 0.0000000000
60874  -18.065  -5.167  66.028 0.0000000000
60886  -17.454  -5.387  65.472 0.0000000000
64159  -6.279  -1.304  54.429 0.0000000000
65136  -5.033  -1.177  55.295 0.0000000000
65135  -4.083  -1.251  55.493 0.0000000000
64148  -3.097  -2.413  55.578 0.0000000000
64143  -3.309  -1.532  55.841 0.0000000000
64084  -1.357  -2.750  65.182 0.0000000000
63044  -1.283  -3.345  65.418 0.0000000000
60881  -3.118  -4.631  65.731 0.0000000000
60895  -3.212  -4.680  65.351 0.0000000000
58713  -4.269  -6.949  66.777 0.0000000000
58725  -4.251  -7.049  66.240 0.0000000000
57681  -4.272  -7.869  65.329 0.0000000000
57682  -4.250  -7.826  64.986 0.0000000000
57690  -4.463  -8.697  64.567 0.0000000000
55475  -4.568  -9.928  64.075 0.0000000000
56607  -4.595  -9.515  63.605 0.0000000000
53132  -5.369  -12.100  66.026 0.0000000000
53142  -5.098  -12.107  65.172 0.0000000000
126130  -5.252  -13.058  65.567 0.0000000000
62963  -9.743  -3.993  79.227 0.0000000000
61887  -10.117  -4.457  79.633 0.0000000000
58629  -9.627  -7.077  80.053 0.0000000000
59677  -9.053  -6.216  79.726 0.0000000000
125900  -9.083  -6.841  79.877 0.0000000000
119196  -7.947  -6.738  79.535 0.0000000000
58627  -8.439  -7.279  79.689 0.0000000000
56476  -9.967  -9.024  79.927 0.0000000000
55337  -9.333  -10.228  79.654 0.0000000000
55336  -8.101  -10.315  80.336 0.0000000000
56474  -8.402  -9.395  80.337 0.0000000000
56473  -7.705  -9.361  80.545 0.0000000000
57562  -7.525  -7.927  79.862 0.0000000000
56467  -7.384  -8.499  80.554 0.0000000000
135289  -6.715  -8.778  80.715 0.0000000000
56472  -7.102  -9.310  80.711 0.0000000000
54153  -6.052  -11.742  80.314 0.0000000000
125522  -5.818  -10.792  80.353 0.0000000000
137602  -5.334  -11.483  80.253 0.0000000000
53027  -4.641  -11.658  80.037 0.0000000000
68208  -37.459  1.303  50.637 0.0000000000
118668  -38.318  1.453  50.762 0.0000000000
67121  -33.423  0.561  56.757 0.0000000000
69219  -33.813  1.929  53.109 0.0000000000
68171  -33.501  1.627  52.228 0.0000000000
68189  -36.911  1.259  51.406 0.0000000000
68039  -21.477  1.695  68.166 0.0000000000
68038  -20.356  1.618  68.547 0.0000000000
67057  -20.216  0.579  67.575 0.0000000000
66065  -20.038  -0.122  67.321 0.0000000000
65048  -25.826  -0.898  69.080 0.0000000000
66037  -25.825  -0.040  70.328 0.0000000000
66045  -25.444  -0.382  69.612 0.0000000000
66036  -25.123  0.076  70.177 0.0000000000
63037  -23.750  -2.817  66.379 0.0000000000
64066  -24.751  -2.166  67.221 0.0000000000
65066  -23.793  -1.093  66.713 0.0000000000
65054  -23.829  0.051  67.312 0.0000000000
65065  -23.296  -0.210  66.775 0.0000000000
141739  -23.102  0.328  67.167 0.0000000000
66079  -22.408  -0.058  66.406 0.0000000000
63046  -20.476  -2.197  64.946 0.0000000000
64085  -20.494  -1.310  65.489 0.0000000000
63036  -19.866  -2.069  65.669 0.0000000000
64071  -19.961  -1.337  66.321 0.0000000000
61984  -19.461  -3.996  65.983 0.0000000000
61993  -19.758  -4.166  65.299 0.0000000000
60920  -17.791  -5.585  63.622 0.0000000000
79232  -49.875  12.705  30.729 0.0000000000
80899  -51.725  14.453  28.856 0.0000000000
69084  -4.819  2.506  64.226 0.0000000000
68080  -4.215  1.549  63.490 0.0000000000
68072  -4.235  1.543  64.545 0.0000000000
70103  -3.704  2.580  67.584 0.0000000000
68061  -3.204  0.437  66.481 0.0000000000
68062  -3.560  0.981  66.035 0.0000000000
67069  -3.269  0.256  65.671 0.0000000000
66084  -2.461  -0.905  66.018 0.0000000000
129495  -1.981  -1.458  66.167 0.0000000000
123518  -2.007  -2.021  67.671 0.0000000000
123517  -1.651  -2.137  66.888 0.0000000000
138767  -2.064  -2.568  67.325 0.0000000000
119989  -2.636  -3.108  67.377 0.0000000000
119990  -3.080  -3.084  68.167 0.0000000000
140548  -3.024  -1.858  68.993 0.0000000000
123520  -3.147  -2.297  69.677 0.0000000000
61939  -4.083  -4.176  69.684 0.0000000000
60829  -3.786  -4.381  69.021 0.0000000000
61962  -3.602  -4.126  68.422 0.0000000000
119872  -3.952  -5.537  68.385 0.0000000000
58688  -5.224  -6.361  70.262 0.0000000000
122860  -5.438  -7.606  70.658 0.0000000000
81683  -45.703  15.712  41.118 0.0000000000
82509  -46.074  16.307  41.539 0.0000000000
76508  -39.043  9.463  42.753 0.0000000000
77422  -39.461  10.453  42.350 0.0000000000
78303  -40.569  11.829  41.149 0.0000000000
78310  -41.760  12.175  40.047 0.0000000000
78305  -42.140  12.582  40.703 0.0000000000
80829  -44.389  13.845  41.109 0.0000000000
80004  -43.736  13.453  40.685 0.0000000000
123753  -44.802  14.363  40.895 0.0000000000
124475  -12.092  -4.454  79.067 0.0000000000
61892  -12.174  -5.136  79.222 0.0000000000
60762  -12.152  -5.950  79.262 0.0000000000
137644  -12.257  -6.566  78.942 0.0000000000
60765  -13.925  -4.925  77.973 0.0000000000
59690  -13.578  -5.761  77.693 0.0000000000
57583  -12.423  -7.943  76.673 0.0000000000
57580  -12.323  -7.804  77.268 0.0000000000
58640  -12.020  -7.397  77.958 0.0000000000
56483  -11.215  -8.836  77.392 0.0000000000
56486  -10.901  -8.770  76.748 0.0000000000
55354  -10.499  -9.350  74.695 0.0000000000
55349  -10.276  -9.122  75.357 0.0000000000
54176  -9.765  -10.509  74.613 0.0000000000
61973  -17.684  -4.779  67.791 0.0000000000
121133  -16.028  -4.898  68.368 0.0000000000
61964  -17.524  -4.643  68.678 0.0000000000
61963  -16.684  -4.740  68.922 0.0000000000
61953  -17.298  -4.478  69.541 0.0000000000
61952  -16.463  -4.595  69.739 0.0000000000
60859  -13.275  -5.050  67.827 0.0000000000
60845  -13.467  -5.187  68.729 0.0000000000
60817  -14.449  -5.179  70.269 0.0000000000
60832  -14.997  -5.025  69.598 0.0000000000
60819  -16.116  -4.532  70.488 0.0000000000
122926  -15.771  -4.591  71.154 0.0000000000
61940  -16.428  -4.322  71.204 0.0000000000
60795  -15.283  -5.054  72.424 0.0000000000
60785  -15.353  -5.173  73.238 0.0000000000
60786  -15.759  -4.709  73.581 0.0000000000
60776  -15.413  -5.136  74.138 0.0000000000
131304  -12.878  -6.866  72.475 0.0000000000
129966  -13.207  -7.198  73.250 0.0000000000
56535  -10.294  -8.619  70.250 0.0000000000
56534  -10.403  -8.845  71.301 0.0000000000
56525  -10.506  -9.380  72.085 0.0000000000
56516  -10.778  -9.036  72.788 0.0000000000
55373  -10.707  -9.361  73.281 0.0000000000
55372  -10.537  -10.062  72.842 0.0000000000
69130  -9.181  2.710  59.296 0.0000000000
69137  -8.814  2.070  58.886 0.0000000000
69147  -9.086  1.877  58.075 0.0000000000
68118  -8.430  1.418  58.461 0.0000000000
68108  -5.520  1.771  60.706 0.0000000000
68109  -6.319  1.885  60.207 0.0000000000
67098  -5.655  1.340  59.801 0.0000000000
66118  -4.647  0.425  58.805 0.0000000000
67106  -6.181  0.432  58.351 0.0000000000
67107  -7.244  0.484  58.265 0.0000000000
66125  -5.843  -0.136  57.503 0.0000000000
66132  -4.955  -0.289  57.306 0.0000000000
66131  -4.106  -0.241  57.522 0.0000000000
65116  -2.959  -2.031  57.968 0.0000000000
65122  -3.080  -1.176  57.348 0.0000000000
64135  -2.570  -2.747  57.698 0.0000000000
64141  -2.427  -2.878  56.925 0.0000000000
64103  -2.487  -2.383  64.005 0.0000000000
64109  -3.205  -2.392  62.523 0.0000000000
137618  -3.673  -2.602  61.882 0.0000000000
60916  -5.240  -5.824  64.033 0.0000000000
60932  -5.277  -4.700  63.437 0.0000000000
62031  -4.945  -3.904  61.316 0.0000000000
125684  -4.529  -3.405  62.149 0.0000000000
137500  -3.939  -2.789  61.044 0.0000000000
63087  -3.630  -3.194  60.287 0.0000000000
62038  -4.144  -3.709  59.851 0.0000000000
62049  -5.218  -4.759  59.868 0.0000000000
60962  -4.419  -4.983  58.647 0.0000000000
62055  -3.660  -4.544  58.278 0.0000000000
60971  -4.622  -5.893  58.286 0.0000000000
66985  -3.636  0.670  74.736 0.0000000000
62962  -9.059  -3.582  79.384 0.0000000000
64013  -8.538  -2.965  79.648 0.0000000000
62961  -8.338  -3.507  79.834 0.0000000000
121881  -6.218  -3.333  79.984 0.0000000000
64011  -7.005  -2.922  80.064 0.0000000000
64971  -6.230  -2.500  79.678 0.0000000000
64977  -6.147  -1.574  79.249 0.0000000000
137154  -5.533  -2.132  79.308 0.0000000000
60755  -5.122  -5.805  79.002 0.0000000000
60756  -5.477  -5.261  79.414 0.0000000000
140488  -4.895  -5.217  79.070 0.0000000000
62966  -3.700  -3.568  78.757 0.0000000000
62967  -3.989  -3.208  79.188 0.0000000000
142888  -3.700  -2.832  78.919 0.0000000000
64975  -4.367  -1.802  78.801 0.0000000000
64982  -4.364  -2.057  78.279 0.0000000000
129612  -4.314  -1.803  77.577 0.0000000000
64024  -4.140  -2.414  77.888 0.0000000000
64035  -4.283  -2.508  76.028 0.0000000000
64996  -4.169  -1.928  76.367 0.0000000000
64995  -3.935  -1.782  75.359 0.0000000000
142836  -3.729  -1.165  74.738 0.0000000000
134707  -3.658  -1.577  74.555 0.0000000000
137085  -3.654  -1.484  74.330 0.0000000000
64037  -3.675  -2.129  74.352 0.0000000000
138009  -4.176  -4.643  74.857 0.0000000000
62982  -4.119  -3.764  74.328 0.0000000000
61905  -4.272  -4.417  74.176 0.0000000000
61907  -4.191  -4.195  73.640 0.0000000000
121941  -4.359  -5.023  74.231 0.0000000000
58645  -3.596  -7.625  76.348 0.0000000000
118980  -3.498  -6.929  76.071 0.0000000000
119432  -3.928  -7.633  75.568 0.0000000000
59703  -4.156  -7.007  74.667 0.0000000000
59713  -4.313  -6.828  74.082 0.0000000000
142593  -4.374  -5.969  74.047 0.0000000000
136473  -4.487  -6.913  73.373 0.0000000000
58673  -4.423  -7.841  73.701 0.0000000000
56523  -4.191  -9.713  73.150 0.0000000000
56514  -4.271  -9.044  73.230 0.0000000000
56524  -4.690  -9.535  72.376 0.0000000000
51904  -4.298  -13.597  78.691 0.0000000000
50770  -3.989  -14.470  76.893 0.0000000000
49580  -3.914  -15.436  77.100 0.0000000000
51909  -3.941  -13.541  77.513 0.0000000000
51923  -3.402  -13.651  75.396 0.0000000000
53047  -3.764  -12.717  76.040 0.0000000000
53050  -3.747  -12.488  75.444 0.0000000000
127682  -3.368  -13.297  74.960 0.0000000000
53053  -3.490  -13.097  74.422 0.0000000000
53056  -3.674  -12.967  73.717 0.0000000000
130523  -4.047  -12.050  73.403 0.0000000000
125996  -4.245  -12.188  72.300 0.0000000000
68088  -34.658  2.010  62.526 0.0000000000
68087  -33.907  1.655  62.790 0.0000000000
68079  -33.578  1.774  62.940 0.0000000000
134269  -32.964  -0.402  62.886 0.0000000000
118113  -33.561  -0.364  62.547 0.0000000000
118150  -33.948  0.250  62.746 0.0000000000
134209  -31.605  -0.516  63.399 0.0000000000
134207  -32.295  -0.422  63.159 0.0000000000
68069  -31.836  1.642  64.830 0.0000000000
67076  -32.254  1.320  64.724 0.0000000000
68071  -32.660  1.726  63.988 0.0000000000
83444  -46.022  17.641  38.811 0.0000000000
80021  -43.082  13.835  39.142 0.0000000000
81685  -43.830  15.193  39.014 0.0000000000
80848  -43.774  15.244  38.202 0.0000000000
81698  -44.397  15.770  37.779 0.0000000000
68230  -39.612  1.542  48.099 0.0000000000
68239  -40.348  1.856  47.700 0.0000000000
68231  -40.237  1.683  48.606 0.0000000000
68223  -40.851  1.968  49.237 0.0000000000
69263  -41.540  2.554  49.637 0.0000000000
67176  -35.517  1.347  49.369 0.0000000000
67177  -36.161  1.307  49.014 0.0000000000
67207  -37.718  0.817  47.571 0.0000000000
134864  -5.090  -7.920  68.402 0.0000000000
121780  -5.544  -10.617  68.097 0.0000000000
53106  -4.918  -12.560  69.345 0.0000000000
54169  -9.426  -10.616  75.692 0.0000000000
54167  -9.452  -10.504  76.611 0.0000000000
53049  -9.130  -10.925  75.335 0.0000000000
53048  -8.639  -11.431  75.852 0.0000000000
70191  -35.034  3.639  58.092 0.0000000000
69157  -34.392  3.298  57.871 0.0000000000
70203  -34.810  3.975  57.502 0.0000000000
70216  -34.413  4.158  56.990 0.0000000000
70230  -34.984  3.615  56.409 0.0000000000
70231  -35.701  3.378  56.563 0.0000000000
70061  -26.605  3.244  70.002 0.0000000000
62019  -23.764  -4.754  63.914 0.0000000000
80042  -48.152  13.829  34.531 0.0000000000
80871  -48.751  14.234  34.551 0.0000000000
80876  -49.411  13.956  34.343 0.0000000000
81718  -50.527  15.740  33.588 0.0000000000
67999  -3.398  1.073  71.261 0.0000000000
137186  -3.412  -0.615  72.315 0.0000000000
65020  -3.251  -1.621  73.074 0.0000000000
77410  -42.376  11.642  44.647 0.0000000000
78275  -43.185  11.958  45.318 0.0000000000
73399  -40.354  6.195  43.501 0.0000000000
75509  -40.060  8.347  44.263 0.0000000000
76492  -40.412  9.419  44.214 0.0000000000
76494  -41.619  10.539  44.654 0.0000000000
122034  -15.128  -3.747  76.606 0.0000000000
61903  -15.347  -4.598  75.633 0.0000000000
60773  -15.234  -5.169  75.339 0.0000000000
66043  -19.496  0.142  69.228 0.0000000000
64156  -3.408  -2.791  54.821 0.0000000000
130300  -3.108  -3.799  54.631 0.0000000000
62071  -2.549  -4.625  55.185 0.0000000000
68089  -4.040  1.352  62.907 0.0000000000
68099  -3.942  0.993  62.513 0.0000000000
67092  -3.689  0.567  62.829 0.0000000000
66104  -3.243  -0.608  62.920 0.0000000000
57697  -4.718  -9.060  63.237 0.0000000000
138259  -5.769  -8.998  61.259 0.0000000000
65989  -7.916  -1.151  77.717 0.0000000000
65983  -8.058  -1.254  78.406 0.0000000000
55332  -4.511  -10.190  79.974 0.0000000000
57566  -4.359  -8.698  79.376 0.0000000000
56470  -3.930  -9.725  79.473 0.0000000000
57576  -3.406  -8.726  77.804 0.0000000000
56479  -3.400  -9.700  78.043 0.0000000000
55341  -3.352  -10.548  77.566 0.0000000000
131589  -3.527  -11.314  77.163 0.0000000000
134253  -35.038  0.267  60.844 0.0000000000
67102  -35.649  1.764  59.830 0.0000000000
134364  -30.905  -2.486  61.701 0.0000000000
66098  -29.694  -0.564  64.793 0.0000000000
65087  -29.075  -0.619  65.439 0.0000000000
65085  -27.839  -1.617  64.879 0.0000000000
83465  -47.812  17.758  35.601 0.0000000000
80862  -45.088  14.891  36.070 0.0000000000
141204  -46.507  15.689  35.689 0.0000000000
73384  -41.925  5.659  45.082 0.0000000000
73385  -42.417  6.114  45.914 0.0000000000
73370  -43.114  6.340  46.954 0.0000000000
68257  -38.190  1.781  45.570 0.0000000000
69301  -40.118  2.955  44.434 0.0000000000
70328  -40.456  3.475  43.967 0.0000000000
70329  -41.020  3.785  44.322 0.0000000000
71326  -41.302  4.470  44.234 0.0000000000
60900  -15.919  -5.188  64.077 0.0000000000
65138  -6.789  -0.946  55.013 0.0000000000
65130  -4.637  -0.769  55.955 0.0000000000
137349  -1.916  -4.010  65.765 0.0000000000
61981  -2.701  -4.310  66.039 0.0000000000
59783  -3.813  -5.592  66.187 0.0000000000
57656  -4.412  -8.243  66.071 0.0000000000
57657  -4.462  -8.624  65.680 0.0000000000
56580  -4.359  -8.442  65.297 0.0000000000
138858  -4.468  -9.032  64.605 0.0000000000
133343  -4.503  -9.332  64.630 0.0000000000
54282  -4.779  -11.575  64.034 0.0000000000
60758  -11.022  -5.655  80.064 0.0000000000
60757  -10.427  -5.130  80.036 0.0000000000
138944  -10.833  -6.294  80.047 0.0000000000
59682  -10.275  -6.696  80.068 0.0000000000
57565  -9.537  -7.748  80.047 0.0000000000
136138  -8.180  -11.130  80.124 0.0000000000
54155  -7.533  -11.125  80.301 0.0000000000
53030  -6.963  -12.017  80.208 0.0000000000
119249  -38.192  1.537  52.293 0.0000000000
134732  -32.449  2.049  57.184 0.0000000000
128323  -34.698  2.333  54.635 0.0000000000
68159  -34.690  1.488  53.097 0.0000000000
68173  -35.331  1.271  52.310 0.0000000000
135483  -34.934  1.184  51.648 0.0000000000
121190  -22.365  2.469  69.221 0.0000000000
68030  -22.600  1.743  68.646 0.0000000000
67050  -21.676  1.334  67.668 0.0000000000
66048  -28.278  0.060  69.656 0.0000000000
66047  -27.497  -0.094  70.087 0.0000000000
66059  -26.675  -0.771  68.967 0.0000000000
65057  -25.447  -1.248  68.472 0.0000000000
63048  -22.347  -2.659  65.283 0.0000000000
64088  -22.904  -2.183  65.838 0.0000000000
132507  -21.694  -2.294  64.852 0.0000000000
64087  -22.044  -1.703  65.103 0.0000000000
64072  -22.109  -0.896  65.454 0.0000000000
65075  -21.852  -0.284  65.913 0.0000000000
64086  -21.235  -1.361  65.008 0.0000000000
62003  -19.928  -4.526  64.750 0.0000000000
78399  -46.172  12.340  31.014 0.0000000000
69066  -3.613  2.065  67.141 0.0000000000
137324  -2.836  0.404  67.032 0.0000000000
66071  -2.200  -0.794  66.764 0.0000000000
123519  -2.562  -1.943  68.379 0.0000000000
63007  -3.310  -2.949  69.872 0.0000000000
63003  -3.515  -3.160  70.689 0.0000000000
61938  -3.808  -3.840  70.575 0.0000000000
59732  -4.794  -5.938  71.160 0.0000000000
80830  -45.058  14.218  41.598 0.0000000000
81673  -45.906  15.490  41.947 0.0000000000
61893  -12.586  -4.711  78.853 0.0000000000
58644  -13.432  -6.890  76.623 0.0000000000
59692  -13.258  -6.591  77.329 0.0000000000
58646  -13.005  -7.546  76.338 0.0000000000
57585  -11.669  -8.008  76.159 0.0000000000
56489  -10.776  -8.288  75.981 0.0000000000
55362  -10.505  -9.280  74.033 0.0000000000
123269  -15.253  -4.907  66.813 0.0000000000
60862  -16.162  -5.012  67.499 0.0000000000
60861  -15.223  -4.844  67.823 0.0000000000
59750  -12.695  -5.596  69.186 0.0000000000
139121  -13.862  -5.511  70.432 0.0000000000
60806  -14.393  -5.390  71.074 0.0000000000
60807  -15.191  -4.957  71.534 0.0000000000
139974  -14.369  -6.040  72.361 0.0000000000
59714  -14.318  -6.314  73.080 0.0000000000
59724  -13.776  -6.425  72.366 0.0000000000
139603  -11.733  -7.025  72.345 0.0000000000
132249  -10.213  -9.423  70.719 0.0000000000
55382  -10.376  -9.971  72.140 0.0000000000
54209  -10.228  -10.285  72.390 0.0000000000
69129  -8.456  2.352  59.603 0.0000000000
67097  -3.828  0.096  59.988 0.0000000000
137173  -4.768  0.807  59.562 0.0000000000
66117  -4.159  0.235  59.196 0.0000000000
66124  -3.970  0.030  58.400 0.0000000000
66130  -3.507  -0.583  57.829 0.0000000000
64131  -2.638  -2.633  58.549 0.0000000000
63069  -2.576  -3.515  64.203 0.0000000000
62024  -3.298  -3.516  63.661 0.0000000000
62026  -5.995  -4.647  62.526 0.0000000000
62039  -4.788  -4.050  60.359 0.0000000000
62040  -5.526  -4.373  60.712 0.0000000000
60964  -5.719  -5.246  59.332 0.0000000000
61879  -7.786  -4.881  79.868 0.0000000000
62960  -7.571  -3.617  80.097 0.0000000000
62954  -7.323  -4.403  80.147 0.0000000000
62953  -6.678  -4.641  80.115 0.0000000000
61885  -6.158  -4.194  79.931 0.0000000000
138049  -4.118  -5.772  78.523 0.0000000000
61882  -4.279  -4.889  79.065 0.0000000000
60761  -3.903  -5.198  78.738 0.0000000000
62965  -3.667  -4.298  78.245 0.0000000000
62972  -3.550  -3.511  78.010 0.0000000000
64023  -3.600  -2.849  77.633 0.0000000000
62976  -3.520  -3.467  77.275 0.0000000000
137365  -3.894  -3.119  76.595 0.0000000000
62979  -4.180  -3.174  75.771 0.0000000000
62981  -3.946  -3.038  74.749 0.0000000000
61902  -3.891  -5.146  75.550 0.0000000000
57587  -3.879  -8.604  75.377 0.0000000000
57603  -4.188  -8.306  74.429 0.0000000000
119854  -4.334  -8.442  73.863 0.0000000000
55380  -4.111  -10.452  73.093 0.0000000000
49591  -3.420  -15.388  76.522 0.0000000000
50776  -3.521  -14.452  76.236 0.0000000000
50783  -3.178  -14.472  75.610 0.0000000000
50792  -3.002  -14.509  75.175 0.0000000000
53070  -3.937  -12.876  72.735 0.0000000000
134477  -32.443  -2.639  61.236 0.0000000000
134489  -33.222  -2.544  60.913 0.0000000000
118105  -33.852  -1.201  61.334 0.0000000000
117439  -34.158  -0.662  61.416 0.0000000000
118096  -34.132  -0.196  62.134 0.0000000000
117874  -34.598  -0.062  61.509 0.0000000000
117428  -29.637  -1.326  63.225 0.0000000000
117435  -29.824  -1.792  62.644 0.0000000000
117434  -30.801  -1.813  62.438 0.0000000000
117804  -31.176  -1.013  62.917 0.0000000000
134492  -31.655  -2.591  61.469 0.0000000000
66083  -30.999  0.579  65.838 0.0000000000
67075  -31.680  0.980  65.407 0.0000000000
66091  -30.373  -0.011  65.284 0.0000000000
65090  -29.269  -0.945  64.274 0.0000000000
83455  -47.186  18.708  37.285 0.0000000000
84402  -47.171  18.737  37.980 0.0000000000
80020  -42.549  13.285  38.678 0.0000000000
79161  -41.991  12.874  38.265 0.0000000000
79169  -41.387  12.550  37.816 0.0000000000
79170  -41.956  13.027  37.380 0.0000000000
80030  -42.916  13.802  36.345 0.0000000000
81702  -44.630  15.502  36.866 0.0000000000
70311  -41.881  3.411  46.681 0.0000000000
70312  -42.420  3.684  47.217 0.0000000000
70302  -42.663  3.640  48.041 0.0000000000
137760  -41.687  2.671  47.879 0.0000000000
69267  -42.184  2.934  48.335 0.0000000000
68229  -34.953  1.280  48.928 0.0000000000
67187  -34.283  0.943  48.675 0.0000000000
67224  -35.462  0.309  46.592 0.0000000000
68247  -38.585  1.432  46.278 0.0000000000
69281  -40.275  2.423  46.029 0.0000000000
122891  -8.805  1.181  56.774 0.0000000000
60844  -3.664  -5.476  67.704 0.0000000000
130230  -3.742  -6.052  67.324 0.0000000000
120509  -4.026  -6.412  67.354 0.0000000000
56558  -4.527  -8.133  66.498 0.0000000000
56567  -4.655  -8.820  66.266 0.0000000000
55434  -4.900  -9.597  66.116 0.0000000000
54251  -5.694  -11.331  67.646 0.0000000000
53123  -5.559  -12.238  67.165 0.0000000000
51999  -4.990  -14.099  67.120 0.0000000000
57578  -11.130  -8.522  78.134 0.0000000000
56478  -10.899  -9.055  78.780 0.0000000000
56481  -10.554  -9.744  78.470 0.0000000000
55343  -10.313  -10.364  77.992 0.0000000000
54164  -9.875  -10.961  78.179 0.0000000000
54166  -9.215  -11.042  77.250 0.0000000000
54163  -9.335  -11.402  78.151 0.0000000000
138147  -36.566  1.663  54.073 0.0000000000
68151  -37.092  1.856  54.554 0.0000000000
67114  -34.046  0.429  57.658 0.0000000000
69167  -32.317  3.109  56.887 0.0000000000
70213  -31.837  3.811  56.248 0.0000000000
133330  -32.275  4.250  55.763 0.0000000000
70244  -33.453  3.897  55.356 0.0000000000
69189  -34.121  3.176  55.009 0.0000000000
69190  -35.374  1.949  54.712 0.0000000000
68018  -24.670  1.790  69.605 0.0000000000
64076  -26.200  -2.379  66.387 0.0000000000
64075  -25.291  -2.544  66.618 0.0000000000
63038  -24.732  -3.152  66.234 0.0000000000
62007  -23.207  -4.288  64.619 0.0000000000
61995  -22.774  -3.601  65.170 0.0000000000
60905  -21.690  -5.049  64.226 0.0000000000
79211  -46.960  11.973  32.379 0.0000000000
125716  -47.981  12.773  33.797 0.0000000000
79222  -47.108  12.236  31.338 0.0000000000
135612  -49.035  12.416  31.310 0.0000000000
79224  -49.701  12.429  31.764 0.0000000000
80054  -50.164  12.838  33.146 0.0000000000
135438  -2.537  0.947  69.004 0.0000000000
131041  -2.558  0.295  68.805 0.0000000000
129498  -2.910  -0.451  69.117 0.0000000000
123521  -3.194  -1.882  70.839 0.0000000000
138914  -3.411  -1.167  71.872 0.0000000000
62997  -3.386  -2.741  71.848 0.0000000000
61914  -3.749  -3.720  72.577 0.0000000000
79125  -43.347  13.315  42.881 0.0000000000
142185  -45.036  14.126  43.284 0.0000000000
79126  -43.999  13.526  43.383 0.0000000000
78276  -43.544  12.669  44.694 0.0000000000
72402  -40.015  6.040  42.265 0.0000000000
121491  -14.497  -4.502  77.381 0.0000000000
60767  -14.181  -5.333  77.244 0.0000000000
60768  -14.880  -4.996  76.853 0.0000000000
60770  -14.354  -5.710  76.486 0.0000000000
59695  -13.968  -6.455  76.211 0.0000000000
58648  -13.229  -7.628  75.106 0.0000000000
58726  -12.219  -6.867  66.080 0.0000000000
141724  -12.172  -6.426  66.778 0.0000000000
124964  -12.021  -6.430  67.512 0.0000000000
130734  -11.765  -6.349  68.569 0.0000000000
58705  -11.288  -6.767  69.332 0.0000000000
58697  -11.240  -6.778  70.227 0.0000000000
57631  -10.740  -7.640  69.530 0.0000000000
69113  -7.279  2.769  61.509 0.0000000000
69119  -7.118  2.381  60.638 0.0000000000
67095  -3.982  0.568  61.618 0.0000000000
67096  -4.306  0.797  60.614 0.0000000000
66111  -3.097  -0.438  60.630 0.0000000000
121333  -4.607  -6.151  64.596 0.0000000000
59805  -5.731  -6.589  63.371 0.0000000000
59806  -6.377  -6.257  62.819 0.0000000000
59820  -6.874  -6.392  62.074 0.0000000000
59821  -7.377  -6.308  61.241 0.0000000000
67968  -6.667  -0.312  75.912 0.0000000000
67967  -6.408  0.194  76.230 0.0000000000
67963  -6.371  -0.588  76.489 0.0000000000
67962  -5.876  -0.376  76.687 0.0000000000
66973  -5.688  -0.873  77.257 0.0000000000
120131  -6.329  -7.016  79.686 0.0000000000
59674  -6.094  -6.237  79.452 0.0000000000
58624  -5.696  -6.851  79.422 0.0000000000
142235  -4.923  -7.120  78.845 0.0000000000
58630  -4.663  -7.844  79.067 0.0000000000
59679  -4.643  -6.339  78.661 0.0000000000
59685  -3.962  -6.370  78.239 0.0000000000
59684  -3.492  -6.283  77.925 0.0000000000
59691  -2.994  -6.104  77.235 0.0000000000
58642  -3.023  -7.744  76.971 0.0000000000
57584  -3.447  -8.358  76.470 0.0000000000
138624  -2.970  -9.051  76.596 0.0000000000
56487  -3.682  -9.059  75.939 0.0000000000
134480  -33.903  -2.224  60.447 0.0000000000
134206  -34.449  -1.632  59.784 0.0000000000
117430  -34.862  -0.242  60.120 0.0000000000
134353  -34.848  -0.775  59.474 0.0000000000
117853  -34.628  -1.259  58.881 0.0000000000
138315  -34.289  0.056  58.028 0.0000000000
68120  -35.286  1.970  59.223 0.0000000000
67041  -28.798  0.777  69.922 0.0000000000
66067  -27.926  -0.696  68.276 0.0000000000
123656  -27.365  -1.451  67.329 0.0000000000
66069  -29.314  -0.204  67.389 0.0000000000
66081  -29.349  -0.326  66.355 0.0000000000
65071  -28.125  -1.129  67.052 0.0000000000
65077  -26.756  -1.843  66.826 0.0000000000
63063  -25.470  -3.602  64.584 0.0000000000
63064  -26.244  -3.265  64.261 0.0000000000
80035  -44.254  13.873  35.325 0.0000000000
80038  -43.960  13.236  34.655 0.0000000000
80869  -47.489  13.907  34.742 0.0000000000
80866  -47.326  14.679  35.100 0.0000000000
80870  -48.062  14.530  34.780 0.0000000000
75498  -41.432  8.887  45.574 0.0000000000
76469  -42.398  9.812  46.261 0.0000000000
74407  -42.240  7.681  46.403 0.0000000000
72364  -43.261  5.669  47.346 0.0000000000
71332  -40.656  4.585  43.178 0.0000000000
72394  -40.842  5.366  43.030 0.0000000000
74419  -40.641  6.573  44.456 0.0000000000
61975  -19.271  -3.973  66.917 0.0000000000
61982  -17.837  -4.939  66.893 0.0000000000
60872  -16.357  -5.140  66.616 0.0000000000
121940  -15.800  -5.175  65.041 0.0000000000
60884  -15.633  -5.088  65.930 0.0000000000
135788  -14.781  -4.894  66.022 0.0000000000
122466  -13.827  -4.909  65.573 0.0000000000
59785  -12.901  -5.631  65.565 0.0000000000
123423  -12.506  -6.455  65.625 0.0000000000
64151  -5.447  -1.538  54.599 0.0000000000
127508  -2.256  -3.897  56.761 0.0000000000
129143  -2.574  -1.513  64.566 0.0000000000
64095  -1.691  -2.665  64.579 0.0000000000
121990  -1.416  -3.928  65.364 0.0000000000
62001  -1.696  -4.141  65.064 0.0000000000
62014  -1.821  -3.806  64.689 0.0000000000
62002  -2.316  -4.210  64.924 0.0000000000
60896  -3.825  -5.014  65.122 0.0000000000
59778  -3.793  -5.861  66.515 0.0000000000
58735  -4.238  -7.109  65.747 0.0000000000
59784  -4.119  -6.165  65.696 0.0000000000
59791  -4.107  -6.118  65.212 0.0000000000
139917  -4.357  -7.029  64.811 0.0000000000
57691  -4.600  -8.877  63.995 0.0000000000
55491  -4.643  -9.711  62.807 0.0000000000
61880  -8.946  -4.768  79.589 0.0000000000
60753  -9.675  -5.685  79.953 0.0000000000
121685  -8.356  -5.268  79.653 0.0000000000
59676  -8.298  -6.074  79.557 0.0000000000
119193  -7.619  -6.243  79.528 0.0000000000
137589  -7.150  -6.743  79.613 0.0000000000
57573  -10.480  -8.627  79.361 0.0000000000
57569  -9.412  -8.501  80.126 0.0000000000
56469  -8.637  -8.586  80.246 0.0000000000
57564  -8.833  -7.892  80.037 0.0000000000
57563  -8.121  -7.950  79.729 0.0000000000
122557  -6.999  -7.462  79.853 0.0000000000
58625  -6.308  -7.747  80.199 0.0000000000
56466  -6.325  -8.341  80.560 0.0000000000
55333  -5.460  -9.779  80.297 0.0000000000
55334  -6.431  -9.845  80.546 0.0000000000
54151  -4.239  -11.059  79.799 0.0000000000
118667  -38.958  1.489  50.016 0.0000000000
68191  -38.514  1.595  51.532 0.0000000000
67122  -33.916  0.178  56.969 0.0000000000
67131  -33.209  0.379  55.941 0.0000000000
68204  -33.321  1.082  50.951 0.0000000000
68206  -34.952  1.157  50.859 0.0000000000
125570  -35.697  1.286  50.274 0.0000000000
68219  -36.331  1.321  49.661 0.0000000000
68220  -37.165  1.248  49.808 0.0000000000
66055  -19.733  -0.220  68.268 0.0000000000
65053  -19.771  -0.907  67.775 0.0000000000
64064  -19.736  -1.542  67.326 0.0000000000
68008  -26.542  2.359  70.444 0.0000000000
67031  -27.070  0.729  70.561 0.0000000000
67019  -26.378  1.654  70.675 0.0000000000
67018  -25.664  1.693  70.384 0.0000000000
67028  -24.707  0.867  69.793 0.0000000000
66044  -24.224  0.650  68.860 0.0000000000
65068  -25.050  -1.663  67.836 0.0000000000
65056  -24.623  -1.058  68.257 0.0000000000
64073  -23.439  -1.711  66.296 0.0000000000
65067  -24.286  -1.311  67.404 0.0000000000
66058  -24.425  -0.254  68.558 0.0000000000
66057  -24.037  0.286  68.006 0.0000000000
67039  -23.373  1.047  68.155 0.0000000000
67051  -22.560  0.922  67.433 0.0000000000
66066  -20.805  0.448  66.870 0.0000000000
66078  -21.372  0.112  66.446 0.0000000000
66077  -20.488  -0.069  66.686 0.0000000000
63026  -19.678  -2.211  66.697 0.0000000000
60887  -18.304  -5.339  65.186 0.0000000000
60888  -19.170  -5.067  64.922 0.0000000000
60901  -17.647  -5.507  64.582 0.0000000000
80066  -48.468  13.715  29.848 0.0000000000
80075  -49.249  14.209  29.182 0.0000000000
80904  -51.440  14.523  28.049 0.0000000000
124275  -5.421  2.596  62.791 0.0000000000
69094  -4.186  2.014  63.148 0.0000000000
68081  -4.115  1.751  63.085 0.0000000000
69076  -4.956  2.579  65.099 0.0000000000
69067  -4.209  2.239  66.144 0.0000000000
68063  -4.053  1.616  65.534 0.0000000000
67079  -3.293  0.162  64.620 0.0000000000
66092  -2.379  -1.384  65.292 0.0000000000
123516  -1.643  -2.086  65.613 0.0000000000
120308  -1.486  -2.669  65.957 0.0000000000
65060  -1.828  -1.444  66.855 0.0000000000
119198  -2.567  -3.698  66.572 0.0000000000
119636  -3.523  -4.632  67.722 0.0000000000
65042  -2.843  -1.200  68.693 0.0000000000
136887  -3.247  -3.030  69.015 0.0000000000
57629  -5.298  -7.824  69.297 0.0000000000
81687  -45.211  16.094  40.285 0.0000000000
82519  -45.921  16.576  40.723 0.0000000000
68222  -39.672  1.592  49.601 0.0000000000
69262  -41.044  2.213  50.034 0.0000000000
77434  -40.028  11.279  41.767 0.0000000000
77433  -39.225  10.783  41.312 0.0000000000
77442  -39.046  11.175  40.315 0.0000000000
124891  -39.916  11.732  39.875 0.0000000000
124375  -41.318  12.080  39.620 0.0000000000
131953  -42.718  12.833  40.503 0.0000000000
80003  -43.045  13.034  40.266 0.0000000000
80009  -43.391  13.572  40.016 0.0000000000
80838  -44.362  14.721  40.284 0.0000000000
129225  -11.156  -4.975  79.837 0.0000000000
59683  -11.405  -6.174  79.709 0.0000000000
59686  -11.684  -6.724  79.275 0.0000000000
61895  -13.200  -4.620  78.321 0.0000000000
59689  -13.073  -6.337  78.062 0.0000000000
59687  -12.711  -6.096  78.706 0.0000000000
58637  -12.425  -6.737  78.323 0.0000000000
57575  -11.463  -7.788  78.391 0.0000000000
56485  -10.584  -9.375  77.065 0.0000000000
124294  -9.825  -9.520  76.465 0.0000000000
55348  -9.775  -9.630  75.611 0.0000000000
54173  -9.670  -10.327  75.223 0.0000000000
53052  -9.352  -10.964  74.649 0.0000000000
61966  -19.132  -3.914  67.920 0.0000000000
63017  -18.926  -3.666  68.949 0.0000000000
61929  -17.503  -3.797  70.944 0.0000000000
60846  -14.306  -4.893  68.264 0.0000000000
60847  -15.178  -4.936  68.714 0.0000000000
61941  -17.000  -4.335  70.475 0.0000000000
61928  -17.248  -3.517  71.795 0.0000000000
60808  -15.921  -4.513  71.981 0.0000000000
61915  -16.250  -4.094  72.626 0.0000000000
61906  -16.287  -3.460  73.817 0.0000000000
121469  -15.226  -5.336  74.819 0.0000000000
59705  -14.941  -5.848  74.464 0.0000000000
59704  -14.424  -6.361  73.986 0.0000000000
58656  -13.999  -6.974  74.300 0.0000000000
58655  -13.381  -7.404  74.434 0.0000000000
58682  -11.099  -7.187  71.664 0.0000000000
57618  -11.009  -7.633  72.434 0.0000000000
56526  -10.629  -8.576  72.240 0.0000000000
57604  -12.077  -8.312  73.699 0.0000000000
56504  -11.138  -8.606  73.922 0.0000000000
54199  -10.220  -10.443  73.185 0.0000000000
54184  -9.911  -10.446  73.906 0.0000000000
68122  -9.252  1.760  57.222 0.0000000000
67113  -8.307  0.591  57.221 0.0000000000
69128  -7.648  2.105  59.826 0.0000000000
68113  -7.305  1.498  59.374 0.0000000000
141909  -5.445  1.056  59.260 0.0000000000
122976  -7.695  1.075  58.756 0.0000000000
67112  -7.661  0.154  57.574 0.0000000000
136315  -7.300  -0.255  57.121 0.0000000000
66133  -6.575  -0.434  56.904 0.0000000000
66141  -5.492  -0.580  56.601 0.0000000000
65123  -3.399  -0.605  56.960 0.0000000000
65128  -3.071  -1.242  56.587 0.0000000000
64142  -2.895  -2.144  56.330 0.0000000000
62060  -2.449  -4.525  57.284 0.0000000000
66099  -2.954  -1.262  63.951 0.0000000000
65093  -2.803  -1.711  63.537 0.0000000000
65098  -2.946  -1.545  62.693 0.0000000000
63074  -2.829  -2.716  63.677 0.0000000000
64121  -2.871  -1.976  61.262 0.0000000000
64122  -2.773  -2.347  60.444 0.0000000000
62025  -3.865  -3.488  62.974 0.0000000000
63080  -3.439  -2.638  60.750 0.0000000000
63093  -2.842  -3.120  59.040 0.0000000000
62046  -3.258  -3.715  58.628 0.0000000000
62054  -2.948  -4.054  57.899 0.0000000000
60969  -3.005  -5.043  57.679 0.0000000000
60984  -4.778  -6.448  57.801 0.0000000000
119031  -5.691  -6.108  57.971 0.0000000000
60973  -6.341  -5.577  58.668 0.0000000000
140028  -6.396  -5.885  58.090 0.0000000000
135725  -3.441  0.921  73.848 0.0000000000
64980  -8.752  -1.965  78.616 0.0000000000
64979  -8.086  -1.779  79.051 0.0000000000
64978  -7.460  -1.842  79.358 0.0000000000
64012  -7.852  -2.921  79.965 0.0000000000
134045  -7.449  -2.417  79.798 0.0000000000
132134  -6.874  -1.460  79.187 0.0000000000
65981  -6.481  -0.835  78.899 0.0000000000
65980  -5.678  -0.933  78.858 0.0000000000
65987  -5.446  -1.188  77.926 0.0000000000
60748  -5.942  -5.605  79.544 0.0000000000
61884  -5.554  -4.524  79.619 0.0000000000
62958  -5.576  -3.734  79.657 0.0000000000
133253  -5.077  -4.080  79.314 0.0000000000
64009  -4.808  -3.292  79.336 0.0000000000
64976  -4.798  -1.813  79.065 0.0000000000
65979  -4.993  -1.421  78.643 0.0000000000
65986  -5.078  -0.992  77.566 0.0000000000
65985  -4.233  -1.220  77.118 0.0000000000
65992  -3.745  -0.473  76.339 0.0000000000
133252  -3.728  -0.582  76.686 0.0000000000
64987  -3.894  -2.199  77.247 0.0000000000
65991  -3.933  -1.430  76.902 0.0000000000
122174  -3.684  -0.045  75.844 0.0000000000
66981  -3.780  -0.073  75.074 0.0000000000
66011  -3.679  -0.586  74.627 0.0000000000
66017  -3.508  -0.376  73.918 0.0000000000
122612  -3.692  -1.017  74.352 0.0000000000
65013  -3.488  -1.591  73.660 0.0000000000
64044  -3.164  -2.249  73.085 0.0000000000
62985  -3.829  -2.848  73.807 0.0000000000
62989  -3.290  -2.773  73.136 0.0000000000
62990  -3.679  -3.497  73.166 0.0000000000
125992  -4.104  -4.180  73.167 0.0000000000
59694  -3.252  -6.236  76.488 0.0000000000
60772  -3.837  -5.847  75.481 0.0000000000
118976  -3.994  -6.442  75.120 0.0000000000
59697  -3.986  -7.254  75.047 0.0000000000
60794  -4.420  -4.829  72.866 0.0000000000
59723  -4.680  -6.420  72.457 0.0000000000
57617  -4.969  -7.996  72.166 0.0000000000
57611  -4.502  -8.329  73.177 0.0000000000
122618  -5.170  -8.746  71.598 0.0000000000
56533  -5.297  -9.615  71.144 0.0000000000
55401  -5.208  -10.574  70.685 0.0000000000
53033  -4.335  -12.404  79.394 0.0000000000
54157  -3.721  -12.059  78.775 0.0000000000
51910  -3.948  -13.589  78.146 0.0000000000
53040  -3.543  -12.862  78.081 0.0000000000
54162  -3.465  -12.168  78.106 0.0000000000
54161  -3.646  -12.082  77.402 0.0000000000
54165  -3.935  -11.945  76.697 0.0000000000
54171  -3.825  -11.318  75.455 0.0000000000
141846  -3.753  -11.313  74.299 0.0000000000
54182  -3.853  -11.262  73.684 0.0000000000
55371  -3.998  -10.579  73.444 0.0000000000
131102  -4.314  -11.311  72.507 0.0000000000
54207  -4.674  -11.080  71.660 0.0000000000
54156  -8.737  -10.739  79.911 0.0000000000
54197  -4.258  -11.922  72.866 0.0000000000
55338  -9.789  -9.697  79.610 0.0000000000
58632  -10.188  -7.420  79.954 0.0000000000
58654  -4.148  -7.634  74.696 0.0000000000
58665  -13.479  -7.206  73.877 0.0000000000
59680  -5.289  -6.612  79.030 0.0000000000
59749  -4.964  -5.934  69.187 0.0000000000
60759  -11.620  -5.463  79.609 0.0000000000
60873  -17.230  -5.252  66.347 0.0000000000
60883  -13.200  -5.081  66.142 0.0000000000
60983  -4.234  -6.592  57.686 0.0000000000
61881  -9.635  -4.934  79.749 0.0000000000
61890  -3.645  -4.946  78.410 0.0000000000
61908  -16.066  -4.143  73.398 0.0000000000
62955  -8.033  -4.189  79.920 0.0000000000
62956  -8.721  -4.117  79.588 0.0000000000
62957  -4.316  -4.050  79.119 0.0000000000
63051  -25.123  -3.486  65.454 0.0000000000
63124  -2.330  -4.262  55.975 0.0000000000
64016  -3.921  -2.306  78.697 0.0000000000
64018  -4.986  -2.535  79.282 0.0000000000
64062  -19.563  -1.652  68.171 0.0000000000
64974  -8.600  -2.538  79.204 0.0000000000
65055  -24.262  -0.463  67.729 0.0000000000
65059  -27.177  -1.121  68.230 0.0000000000
65131  -5.518  -0.855  55.775 0.0000000000
65982  -7.370  -1.040  78.834 0.0000000000
65995  -3.564  -0.622  74.947 0.0000000000
66038  -26.659  -0.092  70.313 0.0000000000
66994  -3.501  0.189  74.083 0.0000000000
67013  -3.474  0.294  71.806 0.0000000000
67029  -25.388  0.865  70.364 0.0000000000
67032  -28.339  1.207  70.188 0.0000000000
67034  -3.015  0.874  69.508 0.0000000000
67049  -20.668  1.270  67.838 0.0000000000
67099  -5.986  1.095  59.045 0.0000000000
67119  -8.406  0.564  56.346 0.0000000000
67960  -4.488  0.181  76.475 0.0000000000
67970  -6.409  0.603  75.668 0.0000000000
68004  -23.521  2.692  69.694 0.0000000000
68009  -26.936  2.404  70.355 0.0000000000
68019  -25.149  1.490  70.032 0.0000000000
68033  -2.832  1.366  68.861 0.0000000000
68091  -4.621  1.840  62.173 0.0000000000
68101  -5.046  1.813  61.519 0.0000000000
68110  -6.950  1.917  59.874 0.0000000000
68121  -8.693  1.230  57.646 0.0000000000
68210  -40.396  1.881  49.891 0.0000000000
68224  -41.451  2.463  48.658 0.0000000000
68249  -40.123  1.940  46.813 0.0000000000
69075  -4.626  2.163  65.206 0.0000000000
69085  -5.125  2.975  64.096 0.0000000000
69138  -9.506  2.530  58.514 0.0000000000
118977  -3.634  -6.337  75.783 0.0000000000
121082  -3.149  -2.522  72.671 0.0000000000
122728  -3.756  1.627  66.377 0.0000000000
126439  -10.340  -5.980  80.119 0.0000000000
129463  -3.483  -0.958  73.550 0.0000000000
131042  -2.900  0.223  69.452 0.0000000000
132359  -41.412  11.320  44.103 0.0000000000
132373  -2.864  0.454  67.853 0.0000000000
135104  -8.553  -6.656  79.637 0.0000000000
136291  -42.509  4.913  46.210 0.0000000000
137530  -3.982  -1.316  76.945 0.0000000000
139614  -3.277  -3.008  73.049 0.0000000000
139812  -6.564  -5.094  79.993 0.0000000000
139864  -4.334  -8.621  73.595 0.0000000000
140152  -2.348  -16.562  76.363 0.0000000000
140368  -26.953  -0.425  69.619 0.0000000000
141164  -4.341  1.027  61.251 0.0000000000
141445  -22.554  -3.907  64.979 0.0000000000
142998  -3.566  -12.437  78.381 0.0000000000
