#!ascii label  , from subject sub_0001 vox2ras=TkReg
867
123421  -19.922  -19.157  71.595 0.0000000000
117412  -38.055  -0.857  60.383 0.0000000000
67154  -43.938  -0.592  52.182 0.0000000000
65221  -49.711  -2.233  45.529 0.0000000000
134342  -34.506  -2.670  62.973 0.0000000000
64221  -47.739  -2.991  49.691 0.0000000000
73406  -45.283  7.088  43.112 0.0000000000
78311  -48.342  12.436  41.232 0.0000000000
63092  -40.066  -4.463  59.287 0.0000000000
136317  -42.974  -4.290  55.320 0.0000000000
67125  -41.243  0.004  56.362 0.0000000000
50835  -16.764  -14.411  71.515 0.0000000000
54201  -19.170  -11.399  72.017 0.0000000000
58669  -20.576  -7.617  73.240 0.0000000000
61919  -24.740  -6.310  72.246 0.0000000000
61948  -29.000  -4.779  69.662 0.0000000000
61979  -33.001  -4.921  66.907 0.0000000000
63067  -37.020  -4.055  63.581 0.0000000000
58866  -46.296  -6.705  52.416 0.0000000000
79152  -51.067  13.031  39.337 0.0000000000
65107  -39.246  -2.202  60.287 0.0000000000
65120  -40.849  -1.797  58.072 0.0000000000
67110  -39.949  0.007  58.251 0.0000000000
54200  -15.838  -13.020  71.602 0.0000000000
54223  -18.345  -12.508  70.510 0.0000000000
139622  -29.565  -3.448  67.931 0.0000000000
63015  -31.137  -4.480  68.265 0.0000000000
64078  -31.301  -2.941  66.500 0.0000000000
134514  -36.072  -1.938  61.697 0.0000000000
120192  -36.155  -2.213  63.848 0.0000000000
65102  -37.913  -1.865  61.796 0.0000000000
128160  -38.836  -4.420  61.776 0.0000000000
64162  -43.913  -2.596  54.053 0.0000000000
61020  -44.606  -5.611  53.701 0.0000000000
63158  -45.653  -3.865  52.772 0.0000000000
63253  -49.209  -3.779  46.986 0.0000000000
61066  -49.845  -5.231  49.291 0.0000000000
61107  -51.078  -5.009  45.452 0.0000000000
124041  -49.868  -2.613  43.977 0.0000000000
74422  -47.931  8.142  44.854 0.0000000000
72377  -47.564  5.996  46.299 0.0000000000
117873  -31.782  -4.405  63.503 0.0000000000
64260  -47.044  -2.161  45.325 0.0000000000
75533  -46.328  9.265  42.126 0.0000000000
76512  -49.157  9.698  42.825 0.0000000000
75554  -52.003  9.646  39.161 0.0000000000
58787  -40.018  -6.772  58.482 0.0000000000
133127  -41.206  -4.193  57.167 0.0000000000
65134  -42.256  -1.449  56.188 0.0000000000
48583  -17.280  -16.410  71.242 0.0000000000
54188  -20.090  -11.177  72.276 0.0000000000
57606  -19.652  -8.983  72.659 0.0000000000
56507  -20.604  -9.197  73.271 0.0000000000
56497  -22.814  -8.377  74.012 0.0000000000
57591  -24.481  -7.849  74.187 0.0000000000
58663  -26.825  -7.785  73.696 0.0000000000
61922  -27.002  -5.306  71.570 0.0000000000
59740  -30.415  -6.919  70.152 0.0000000000
117420  -33.983  -2.551  65.362 0.0000000000
61990  -35.416  -4.162  65.345 0.0000000000
124929  -35.828  -6.821  65.038 0.0000000000
58750  -37.706  -7.222  62.722 0.0000000000
58762  -39.161  -7.304  60.849 0.0000000000
62112  -48.152  -4.823  51.220 0.0000000000
70313  -47.004  2.841  46.635 0.0000000000
125968  -48.939  0.527  44.516 0.0000000000
46511  -17.763  -19.002  71.598 0.0000000000
66113  -38.892  -1.172  60.103 0.0000000000
66122  -39.259  -1.106  58.674 0.0000000000
67103  -38.999  -0.842  58.816 0.0000000000
61998  -29.229  -4.007  65.502 0.0000000000
63040  -30.612  -3.142  66.714 0.0000000000
63054  -30.716  -3.253  65.787 0.0000000000
140760  -37.132  -1.046  60.977 0.0000000000
120517  -37.299  -1.582  62.019 0.0000000000
140602  -38.186  -1.076  61.065 0.0000000000
65106  -38.659  -1.854  60.740 0.0000000000
64163  -44.524  -2.953  53.317 0.0000000000
65159  -44.737  -2.176  52.746 0.0000000000
63269  -49.440  -2.899  46.249 0.0000000000
63254  -49.846  -4.253  46.654 0.0000000000
63271  -50.155  -3.096  45.614 0.0000000000
63293  -49.845  -3.952  44.974 0.0000000000
65236  -50.451  -1.837  45.051 0.0000000000
74432  -48.811  8.165  43.907 0.0000000000
73395  -48.305  7.330  45.026 0.0000000000
72406  -48.356  6.210  43.278 0.0000000000
121162  -46.237  9.814  40.961 0.0000000000
77436  -47.379  11.125  41.401 0.0000000000
77411  -48.080  10.193  43.287 0.0000000000
77437  -48.448  11.317  42.448 0.0000000000
76525  -49.755  9.984  42.044 0.0000000000
78308  -49.257  11.805  41.740 0.0000000000
77452  -51.573  10.830  39.649 0.0000000000
59857  -40.218  -6.141  58.709 0.0000000000
60979  -40.521  -5.741  58.119 0.0000000000
62053  -40.322  -4.858  58.643 0.0000000000
66138  -40.869  -0.315  57.577 0.0000000000
65127  -41.574  -1.868  56.854 0.0000000000
66148  -42.067  -0.363  56.061 0.0000000000
66149  -42.596  -0.694  55.542 0.0000000000
67134  -42.151  0.235  55.295 0.0000000000
49636  -18.563  -15.772  70.597 0.0000000000
50850  -17.778  -14.511  70.596 0.0000000000
54214  -18.742  -11.962  71.180 0.0000000000
58677  -19.661  -7.303  72.048 0.0000000000
58668  -20.024  -7.949  72.764 0.0000000000
56495  -20.370  -9.161  73.162 0.0000000000
57596  -20.637  -8.410  73.616 0.0000000000
56508  -21.647  -8.582  73.618 0.0000000000
58659  -21.680  -7.381  74.035 0.0000000000
59710  -24.823  -6.746  73.426 0.0000000000
58662  -26.093  -7.739  74.080 0.0000000000
59719  -26.127  -6.541  73.047 0.0000000000
142118  -28.677  -3.938  69.770 0.0000000000
61947  -27.485  -4.592  70.490 0.0000000000
61935  -28.184  -5.150  70.659 0.0000000000
60803  -27.792  -5.875  71.724 0.0000000000
60813  -28.672  -6.028  70.500 0.0000000000
59739  -29.787  -7.110  70.722 0.0000000000
60826  -29.781  -5.808  69.502 0.0000000000
61970  -31.756  -4.816  67.763 0.0000000000
60841  -31.745  -6.102  68.648 0.0000000000
60856  -32.762  -5.577  67.531 0.0000000000
60867  -33.698  -5.872  66.780 0.0000000000
117945  -33.050  -2.560  64.913 0.0000000000
140862  -34.074  -2.271  64.457 0.0000000000
64094  -36.228  -3.371  64.105 0.0000000000
63056  -35.457  -3.435  65.116 0.0000000000
128549  -36.448  -4.468  64.604 0.0000000000
60880  -35.512  -5.020  65.473 0.0000000000
60893  -36.545  -5.072  64.627 0.0000000000
59797  -37.216  -5.872  63.467 0.0000000000
124938  -39.527  -5.145  60.497 0.0000000000
60954  -39.011  -5.770  61.510 0.0000000000
59844  -39.788  -5.729  59.876 0.0000000000
58777  -39.699  -7.585  59.291 0.0000000000
51956  -16.083  -13.604  72.215 0.0000000000
122880  -16.381  -14.916  72.902 0.0000000000
48565  -16.673  -15.877  72.656 0.0000000000
61000  -41.924  -5.031  56.388 0.0000000000
61009  -42.510  -4.998  54.934 0.0000000000
123358  -46.154  -6.266  53.864 0.0000000000
64202  -47.277  -2.667  50.199 0.0000000000
63176  -47.028  -3.148  51.234 0.0000000000
63189  -48.209  -3.679  50.166 0.0000000000
59986  -48.909  -6.319  47.518 0.0000000000
137961  -48.642  -6.425  49.474 0.0000000000
71321  -48.020  4.787  45.681 0.0000000000
71313  -46.999  4.371  46.463 0.0000000000
69286  -48.061  2.929  45.664 0.0000000000
130032  -47.738  2.261  45.908 0.0000000000
68263  -48.782  1.982  44.415 0.0000000000
67268  -49.615  0.019  43.693 0.0000000000
78320  -47.439  12.395  39.691 0.0000000000
79142  -49.465  13.097  40.655 0.0000000000
79163  -49.411  13.729  38.942 0.0000000000
80022  -51.151  13.677  38.509 0.0000000000
64126  -39.872  -3.187  59.769 0.0000000000
63099  -40.078  -3.572  59.025 0.0000000000
65115  -40.082  -2.172  58.629 0.0000000000
66128  -40.525  -0.227  58.101 0.0000000000
66137  -40.534  0.076  57.795 0.0000000000
51967  -16.592  -13.771  71.409 0.0000000000
51977  -17.778  -13.705  70.448 0.0000000000
122023  -18.647  -11.024  71.072 0.0000000000
63020  -29.751  -3.613  68.793 0.0000000000
61959  -30.194  -4.256  69.400 0.0000000000
63021  -30.634  -3.633  68.679 0.0000000000
63030  -31.492  -3.444  67.477 0.0000000000
63031  -32.072  -3.475  67.125 0.0000000000
134484  -35.076  -2.674  62.348 0.0000000000
117762  -35.005  -2.253  63.574 0.0000000000
65100  -36.757  -1.849  62.726 0.0000000000
65096  -37.003  -2.153  63.052 0.0000000000
131231  -37.295  -3.508  62.979 0.0000000000
63073  -38.281  -4.186  62.552 0.0000000000
64115  -38.497  -3.020  61.827 0.0000000000
63085  -39.299  -3.419  60.796 0.0000000000
53075  -15.772  -13.589  72.439 0.0000000000
63134  -43.369  -3.611  55.106 0.0000000000
61010  -43.236  -4.588  54.252 0.0000000000
63135  -43.847  -4.047  53.887 0.0000000000
62087  -45.727  -5.428  53.629 0.0000000000
61029  -47.102  -5.598  53.131 0.0000000000
63225  -48.638  -4.057  48.570 0.0000000000
63201  -49.061  -4.294  49.011 0.0000000000
62140  -50.051  -4.631  48.079 0.0000000000
61084  -50.622  -5.076  47.330 0.0000000000
74421  -46.677  7.952  44.641 0.0000000000
73393  -45.777  6.531  45.150 0.0000000000
73388  -47.677  6.984  45.773 0.0000000000
128671  -48.220  6.293  45.628 0.0000000000
65109  -37.165  -1.098  59.945 0.0000000000
134171  -36.133  -2.133  60.298 0.0000000000
66195  -45.293  -1.026  51.436 0.0000000000
63224  -47.601  -3.859  48.364 0.0000000000
63251  -48.009  -3.995  47.733 0.0000000000
64251  -48.453  -3.161  46.517 0.0000000000
64261  -48.254  -2.303  45.578 0.0000000000
75524  -46.077  8.355  42.927 0.0000000000
124778  -47.593  9.102  43.998 0.0000000000
75513  -48.428  8.961  43.913 0.0000000000
74439  -48.637  8.056  42.880 0.0000000000
78314  -50.339  12.157  40.590 0.0000000000
76542  -50.904  10.103  40.135 0.0000000000
59872  -40.574  -5.940  57.371 0.0000000000
60990  -41.301  -5.102  56.850 0.0000000000
63114  -42.212  -3.979  56.364 0.0000000000
64134  -40.970  -2.736  57.727 0.0000000000
64139  -41.631  -2.835  57.076 0.0000000000
142862  -42.975  -3.199  55.870 0.0000000000
64154  -43.261  -2.593  55.429 0.0000000000
65147  -43.374  -0.857  54.360 0.0000000000
66135  -38.554  -0.377  57.368 0.0000000000
66136  -39.290  -0.125  57.177 0.0000000000
67140  -40.918  0.320  55.192 0.0000000000
46519  -18.257  -18.316  71.045 0.0000000000
47555  -18.878  -17.428  70.742 0.0000000000
54203  -20.798  -11.491  72.228 0.0000000000
56528  -17.214  -10.314  69.711 0.0000000000
55374  -18.826  -9.951  71.373 0.0000000000
123820  -19.558  -10.217  72.557 0.0000000000
55366  -20.460  -10.251  72.886 0.0000000000
55367  -24.178  -9.998  73.261 0.0000000000
56498  -24.894  -9.789  74.111 0.0000000000
132840  -25.304  -5.836  71.526 0.0000000000
61945  -25.756  -5.027  71.053 0.0000000000
61913  -25.697  -6.254  72.284 0.0000000000
59720  -26.884  -6.682  72.878 0.0000000000
58671  -27.785  -7.707  72.734 0.0000000000
60827  -30.599  -6.108  69.375 0.0000000000
124127  -31.913  -3.288  64.832 0.0000000000
118074  -32.467  -2.790  66.064 0.0000000000
63041  -33.261  -3.352  66.290 0.0000000000
65088  -35.170  -2.487  64.746 0.0000000000
64083  -34.506  -3.089  65.607 0.0000000000
61988  -34.217  -4.528  66.122 0.0000000000
60879  -34.899  -5.634  65.934 0.0000000000
59782  -34.882  -6.567  65.986 0.0000000000
57696  -37.647  -8.859  62.573 0.0000000000
60947  -38.494  -5.587  62.319 0.0000000000
134709  -38.670  -7.536  61.427 0.0000000000
55503  -38.386  -9.350  61.373 0.0000000000
55524  -38.719  -8.897  59.887 0.0000000000
47541  -16.977  -17.227  71.754 0.0000000000
126132  -46.002  -2.237  51.688 0.0000000000
63160  -47.000  -4.560  52.284 0.0000000000
59942  -47.661  -5.682  52.101 0.0000000000
61054  -49.208  -5.173  49.908 0.0000000000
59961  -48.217  -6.114  50.901 0.0000000000
58892  -46.786  -6.729  51.142 0.0000000000
65231  -46.362  -0.957  44.808 0.0000000000
66245  -48.293  -0.352  44.866 0.0000000000
72383  -45.847  5.793  45.838 0.0000000000
71311  -45.505  4.130  46.212 0.0000000000
68253  -46.327  1.823  46.851 0.0000000000
120709  -48.222  0.602  44.887 0.0000000000
66247  -49.468  -0.670  44.626 0.0000000000
66272  -50.996  -1.390  44.119 0.0000000000
45584  -19.333  -19.718  71.757 0.0000000000
66112  -38.598  -0.974  60.262 0.0000000000
66121  -38.851  -1.054  59.381 0.0000000000
66120  -38.548  -0.907  59.603 0.0000000000
127618  -28.645  -4.606  64.984 0.0000000000
61999  -30.072  -3.775  65.136 0.0000000000
129572  -37.417  -0.960  60.444 0.0000000000
117418  -37.637  -0.949  60.967 0.0000000000
66109  -38.624  -1.288  60.601 0.0000000000
66174  -43.830  -0.720  52.797 0.0000000000
66175  -44.582  -1.268  52.352 0.0000000000
65220  -49.416  -2.296  45.646 0.0000000000
64253  -49.859  -2.853  45.986 0.0000000000
64262  -50.089  -2.257  45.271 0.0000000000
73408  -48.508  7.190  43.229 0.0000000000
142709  -48.541  6.699  43.881 0.0000000000
122368  -47.451  11.955  40.687 0.0000000000
78306  -48.069  11.753  41.769 0.0000000000
137881  -47.920  11.194  42.301 0.0000000000
78307  -48.736  11.879  41.879 0.0000000000
78295  -48.896  11.302  42.328 0.0000000000
60961  -40.088  -5.274  59.243 0.0000000000
60968  -40.305  -5.534  58.682 0.0000000000
67117  -40.894  -0.209  57.116 0.0000000000
141296  -41.001  -0.689  57.030 0.0000000000
66147  -41.211  -0.341  56.550 0.0000000000
67126  -41.899  0.131  55.964 0.0000000000
50836  -17.204  -14.879  71.137 0.0000000000
53076  -19.172  -12.237  71.845 0.0000000000
59716  -20.114  -7.387  72.626 0.0000000000
136862  -19.677  -7.709  72.355 0.0000000000
58657  -20.375  -8.202  73.291 0.0000000000
58658  -20.882  -7.764  73.863 0.0000000000
57597  -21.290  -8.003  74.231 0.0000000000
59706  -21.289  -7.328  73.544 0.0000000000
61910  -23.991  -6.392  72.356 0.0000000000
60791  -24.007  -6.484  72.725 0.0000000000
60782  -24.781  -6.419  72.745 0.0000000000
60783  -25.419  -6.496  73.088 0.0000000000
61912  -25.185  -6.317  72.487 0.0000000000
63002  -28.934  -4.807  70.098 0.0000000000
63011  -28.575  -4.294  70.166 0.0000000000
61924  -28.153  -5.591  70.964 0.0000000000
61936  -28.612  -5.342  70.164 0.0000000000
61937  -29.023  -5.516  69.754 0.0000000000
61971  -32.441  -4.943  67.336 0.0000000000
60866  -33.195  -5.551  67.028 0.0000000000
118061  -33.460  -2.591  64.219 0.0000000000
134225  -34.214  -2.389  63.820 0.0000000000
64102  -36.691  -3.422  63.596 0.0000000000
63066  -36.519  -4.003  64.203 0.0000000000
62012  -36.771  -4.561  64.129 0.0000000000
60911  -36.984  -5.164  63.872 0.0000000000
62013  -37.303  -4.631  63.430 0.0000000000
62045  -39.732  -4.389  60.011 0.0000000000
60960  -39.876  -5.019  59.751 0.0000000000
59845  -40.031  -5.944  59.228 0.0000000000
50821  -16.390  -14.255  72.221 0.0000000000
49634  -16.714  -15.130  71.910 0.0000000000
61001  -42.436  -4.684  55.914 0.0000000000
131132  -42.397  -4.975  55.816 0.0000000000
119373  -42.682  -4.664  54.928 0.0000000000
123241  -46.311  -6.387  53.044 0.0000000000
58851  -45.675  -6.531  53.319 0.0000000000
58865  -45.663  -7.049  52.420 0.0000000000
58881  -46.098  -7.110  51.654 0.0000000000
64203  -47.835  -3.002  50.154 0.0000000000
63200  -48.354  -3.544  49.447 0.0000000000
73401  -45.042  6.419  43.605 0.0000000000
70325  -48.644  3.549  44.939 0.0000000000
70320  -47.790  3.821  45.839 0.0000000000
69295  -48.581  2.792  45.040 0.0000000000
64129  -39.702  -2.555  59.853 0.0000000000
64130  -39.888  -2.839  59.184 0.0000000000
141715  -39.671  -2.321  59.343 0.0000000000
67104  -39.294  -0.552  58.480 0.0000000000
120320  -39.877  -0.483  58.310 0.0000000000
67116  -39.704  0.178  57.955 0.0000000000
139084  -16.046  -13.142  71.667 0.0000000000
55386  -18.040  -10.422  70.180 0.0000000000
61987  -29.019  -3.703  66.426 0.0000000000
61978  -28.958  -3.623  67.353 0.0000000000
63027  -28.950  -3.614  68.208 0.0000000000
63028  -30.298  -3.346  68.072 0.0000000000
63029  -30.686  -3.155  67.514 0.0000000000
64068  -31.418  -3.013  67.258 0.0000000000
64069  -32.186  -2.981  67.136 0.0000000000
134110  -35.732  -2.106  62.439 0.0000000000
65099  -36.428  -1.809  62.260 0.0000000000
65101  -37.326  -1.908  62.456 0.0000000000
65097  -37.486  -2.285  62.506 0.0000000000
64107  -37.063  -2.799  62.985 0.0000000000
64114  -37.684  -2.979  62.542 0.0000000000
142189  -38.210  -3.259  62.264 0.0000000000
131608  -38.065  -2.564  62.084 0.0000000000
64120  -38.920  -2.735  60.998 0.0000000000
64125  -39.552  -2.929  60.326 0.0000000000
63091  -39.649  -3.644  60.220 0.0000000000
64155  -43.663  -2.800  54.856 0.0000000000
132084  -43.723  -3.377  54.352 0.0000000000
63147  -45.006  -3.873  53.178 0.0000000000
63148  -45.772  -4.682  53.018 0.0000000000
62096  -46.571  -5.270  53.249 0.0000000000
125905  -46.713  -4.765  52.911 0.0000000000
63252  -48.761  -4.058  47.634 0.0000000000
125593  -49.222  -4.413  47.969 0.0000000000
139265  -50.321  -4.467  46.413 0.0000000000
62158  -50.275  -4.694  47.208 0.0000000000
59994  -50.823  -5.110  46.426 0.0000000000
59988  -50.351  -5.355  47.134 0.0000000000
61106  -50.171  -5.265  45.317 0.0000000000
75499  -47.608  8.527  44.566 0.0000000000
74408  -47.436  7.678  45.344 0.0000000000
74409  -47.990  7.540  45.187 0.0000000000
72385  -48.487  4.884  44.818 0.0000000000
64128  -36.661  -1.701  59.709 0.0000000000
62157  -47.107  -4.092  47.616 0.0000000000
63281  -46.360  -3.071  45.635 0.0000000000
64250  -47.494  -3.149  45.972 0.0000000000
76523  -46.582  9.802  41.740 0.0000000000
76522  -46.032  9.227  41.329 0.0000000000
75532  -45.788  8.589  42.015 0.0000000000
75525  -46.556  8.931  42.816 0.0000000000
75511  -46.798  8.620  43.775 0.0000000000
76495  -47.208  9.230  43.461 0.0000000000
77412  -48.321  10.273  43.136 0.0000000000
76497  -48.158  9.648  43.568 0.0000000000
76498  -48.610  9.705  43.355 0.0000000000
75526  -48.979  8.739  43.394 0.0000000000
75514  -48.961  9.242  43.364 0.0000000000
75534  -48.964  8.767  42.612 0.0000000000
75527  -49.202  9.094  42.944 0.0000000000
76526  -50.059  10.567  41.381 0.0000000000
80005  -49.957  13.561  40.107 0.0000000000
78315  -50.833  12.342  39.875 0.0000000000
76543  -51.563  10.134  39.680 0.0000000000
57730  -39.751  -7.165  58.394 0.0000000000
57740  -39.730  -7.019  57.678 0.0000000000
129762  -40.413  -6.280  57.900 0.0000000000
62059  -40.913  -4.793  57.237 0.0000000000
60980  -40.685  -5.371  57.469 0.0000000000
62063  -41.754  -4.453  56.698 0.0000000000
64133  -40.423  -2.798  58.424 0.0000000000
63105  -40.527  -3.556  58.158 0.0000000000
64146  -42.102  -2.419  56.517 0.0000000000
64140  -42.322  -3.279  56.390 0.0000000000
64147  -42.688  -2.450  56.029 0.0000000000
66156  -42.849  -0.352  54.822 0.0000000000
136947  -42.997  -1.050  54.980 0.0000000000
47554  -17.674  -17.400  70.869 0.0000000000
47566  -18.262  -17.040  70.559 0.0000000000
53101  -17.669  -13.029  70.315 0.0000000000
53102  -18.297  -13.229  70.636 0.0000000000
53063  -20.366  -12.355  72.074 0.0000000000
54189  -20.480  -11.689  72.196 0.0000000000
130836  -20.333  -10.836  72.427 0.0000000000
56529  -18.426  -9.520  70.644 0.0000000000
56505  -19.780  -9.635  72.783 0.0000000000
55365  -20.167  -9.817  72.973 0.0000000000
119056  -21.094  -9.366  72.974 0.0000000000
56518  -21.594  -9.569  72.393 0.0000000000
57598  -22.012  -8.012  74.310 0.0000000000
123876  -22.707  -8.774  73.378 0.0000000000
122230  -23.656  -9.122  73.691 0.0000000000
58660  -24.194  -7.185  73.757 0.0000000000
58653  -23.584  -7.505  73.992 0.0000000000
57600  -24.454  -8.577  74.208 0.0000000000
135572  -24.290  -9.179  74.074 0.0000000000
141944  -24.701  -9.179  74.151 0.0000000000
57601  -25.069  -8.460  74.250 0.0000000000
56500  -26.553  -9.677  74.061 0.0000000000
135348  -26.770  -8.652  73.839 0.0000000000
56501  -27.062  -9.581  73.699 0.0000000000
57608  -27.350  -8.167  73.278 0.0000000000
61946  -26.654  -4.777  70.399 0.0000000000
61933  -26.707  -4.898  71.199 0.0000000000
61932  -25.888  -5.655  71.691 0.0000000000
143126  -26.482  -5.434  71.667 0.0000000000
60801  -26.222  -6.156  72.174 0.0000000000
60802  -26.991  -5.855  71.911 0.0000000000
59729  -28.622  -6.951  71.633 0.0000000000
59728  -28.022  -6.527  72.008 0.0000000000
58678  -28.160  -7.276  72.137 0.0000000000
58672  -28.239  -8.016  72.206 0.0000000000
58686  -29.574  -7.911  70.707 0.0000000000
58687  -30.232  -7.661  70.174 0.0000000000
63014  -30.743  -4.083  68.954 0.0000000000
61950  -30.102  -5.294  69.063 0.0000000000
61960  -30.536  -4.925  68.649 0.0000000000
63065  -31.050  -3.615  64.753 0.0000000000
120662  -31.810  -3.808  64.077 0.0000000000
117934  -32.468  -2.814  65.289 0.0000000000
118059  -33.183  -2.701  65.618 0.0000000000
64081  -33.231  -3.179  66.328 0.0000000000
65080  -33.602  -2.928  65.955 0.0000000000
117786  -35.376  -2.158  63.953 0.0000000000
134210  -34.866  -2.307  64.539 0.0000000000
117764  -35.608  -2.277  64.230 0.0000000000
142424  -35.036  -3.092  65.325 0.0000000000
63043  -34.881  -3.531  65.456 0.0000000000
63042  -34.073  -3.626  65.846 0.0000000000
125938  -34.701  -4.129  65.675 0.0000000000
61989  -34.931  -4.772  65.905 0.0000000000
124940  -35.479  -5.990  65.327 0.0000000000
124947  -35.278  -6.896  65.487 0.0000000000
58749  -37.277  -7.283  63.194 0.0000000000
121825  -37.762  -7.937  62.424 0.0000000000
60931  -38.486  -4.662  62.433 0.0000000000
60930  -38.153  -5.169  62.676 0.0000000000
62029  -38.795  -5.104  61.949 0.0000000000
59834  -39.141  -6.664  61.150 0.0000000000
59819  -38.631  -6.521  61.876 0.0000000000
57704  -38.580  -8.611  61.395 0.0000000000
57712  -38.839  -8.053  60.850 0.0000000000
56633  -38.676  -9.163  60.837 0.0000000000
57713  -38.933  -8.152  60.344 0.0000000000
57723  -40.008  -7.171  59.126 0.0000000000
57722  -39.688  -7.862  59.117 0.0000000000
142240  -39.829  -7.367  58.871 0.0000000000
48566  -16.890  -16.486  72.032 0.0000000000
120496  -17.235  -18.148  71.562 0.0000000000
62078  -44.076  -4.934  53.656 0.0000000000
61019  -43.691  -5.223  53.733 0.0000000000
59914  -43.790  -5.893  53.782 0.0000000000
66196  -46.021  -1.118  51.140 0.0000000000
66186  -45.781  -1.372  51.518 0.0000000000
63169  -47.450  -4.134  51.440 0.0000000000
62107  -47.637  -4.996  51.978 0.0000000000
61040  -47.490  -5.468  52.501 0.0000000000
61041  -47.784  -5.343  51.923 0.0000000000
62125  -49.588  -4.833  49.478 0.0000000000
62120  -49.030  -4.908  50.083 0.0000000000
59974  -48.442  -6.272  50.181 0.0000000000
59973  -47.773  -6.660  49.714 0.0000000000
59960  -47.757  -6.507  50.827 0.0000000000
120030  -46.983  -6.910  50.293 0.0000000000
66244  -46.921  -0.142  45.054 0.0000000000
67249  -47.422  0.490  45.283 0.0000000000
73386  -46.446  6.621  45.917 0.0000000000
72376  -46.918  6.165  46.326 0.0000000000
70318  -46.757  3.303  46.594 0.0000000000
71312  -46.231  3.819  46.463 0.0000000000
142317  -46.000  3.016  46.581 0.0000000000
70317  -45.465  3.106  46.523 0.0000000000
69284  -45.563  2.389  46.957 0.0000000000
68240  -45.828  2.090  47.069 0.0000000000
68241  -46.554  2.298  46.771 0.0000000000
67250  -48.272  1.486  45.120 0.0000000000
67233  -47.623  1.407  45.670 0.0000000000
139743  -49.853  -0.830  44.316 0.0000000000
134691  -49.542  0.007  44.181 0.0000000000
65110  -39.027  -1.496  60.202 0.0000000000
65111  -39.385  -1.899  59.804 0.0000000000
66114  -39.088  -1.367  59.667 0.0000000000
67109  -39.294  -0.170  58.330 0.0000000000
63039  -29.832  -3.342  67.149 0.0000000000
63053  -29.832  -3.399  66.063 0.0000000000
117745  -36.728  -1.436  61.412 0.0000000000
118176  -36.963  -1.533  61.957 0.0000000000
117423  -37.356  -1.229  61.461 0.0000000000
66105  -37.761  -1.416  61.636 0.0000000000
140016  -38.049  -1.435  61.416 0.0000000000
65103  -38.353  -2.195  61.461 0.0000000000
65105  -38.264  -1.552  61.181 0.0000000000
65148  -43.965  -1.450  54.017 0.0000000000
65149  -44.217  -2.098  53.477 0.0000000000
64168  -45.178  -3.163  52.728 0.0000000000
63268  -48.877  -3.366  46.861 0.0000000000
64241  -49.584  -3.586  46.550 0.0000000000
63270  -50.010  -3.854  46.020 0.0000000000
62177  -50.174  -4.215  45.731 0.0000000000
62203  -50.941  -4.720  44.896 0.0000000000
63282  -50.009  -3.603  45.208 0.0000000000
63294  -50.248  -2.856  44.674 0.0000000000
63308  -50.535  -2.039  44.243 0.0000000000
74423  -48.382  8.124  44.609 0.0000000000
73402  -48.579  7.472  44.326 0.0000000000
77435  -46.744  10.358  41.122 0.0000000000
76524  -47.395  10.486  42.240 0.0000000000
76511  -47.806  10.257  43.092 0.0000000000
77425  -48.131  10.763  42.916 0.0000000000
77413  -48.759  10.261  42.983 0.0000000000
77427  -49.144  10.534  42.573 0.0000000000
77438  -49.503  10.978  42.008 0.0000000000
79153  -51.694  12.767  38.938 0.0000000000
78321  -51.497  11.956  39.424 0.0000000000
77453  -52.079  11.172  39.128 0.0000000000
130963  -52.106  10.230  39.210 0.0000000000
129942  -52.691  8.227  38.369 0.0000000000
59863  -40.348  -6.273  58.242 0.0000000000
62058  -40.518  -5.155  58.010 0.0000000000
121995  -40.592  -4.360  57.863 0.0000000000
65126  -41.077  -1.177  57.446 0.0000000000
65121  -41.258  -2.060  57.499 0.0000000000
66139  -41.441  -1.002  56.593 0.0000000000
66155  -42.393  -0.067  55.490 0.0000000000
67135  -42.579  0.036  54.961 0.0000000000
48601  -17.927  -16.504  70.535 0.0000000000
49652  -17.708  -15.523  70.758 0.0000000000
50851  -18.385  -14.884  70.720 0.0000000000
54187  -19.652  -10.931  72.288 0.0000000000
56506  -19.939  -9.107  72.888 0.0000000000
57595  -20.221  -8.828  73.099 0.0000000000
56496  -20.916  -8.547  73.785 0.0000000000
142178  -21.372  -8.225  74.159 0.0000000000
137575  -21.930  -7.605  74.243 0.0000000000
118797  -25.347  -8.031  74.213 0.0000000000
58661  -25.114  -7.382  73.936 0.0000000000
59711  -25.704  -6.928  73.599 0.0000000000
59712  -26.486  -7.131  73.454 0.0000000000
61958  -27.959  -3.990  69.048 0.0000000000
61957  -27.359  -4.587  69.631 0.0000000000
63010  -28.047  -4.247  69.902 0.0000000000
63000  -27.906  -4.506  70.349 0.0000000000
61923  -27.663  -5.375  71.310 0.0000000000
60814  -29.547  -6.444  70.158 0.0000000000
60815  -30.327  -6.460  69.772 0.0000000000
61961  -31.296  -5.309  68.316 0.0000000000
60855  -32.147  -5.574  67.947 0.0000000000
60857  -33.178  -6.247  67.438 0.0000000000
117405  -32.475  -3.977  63.386 0.0000000000
117410  -32.592  -3.175  64.327 0.0000000000
117414  -33.120  -3.326  63.634 0.0000000000
117425  -33.697  -2.399  64.945 0.0000000000
64100  -36.089  -2.712  63.936 0.0000000000
64099  -35.623  -2.584  64.299 0.0000000000
64093  -35.867  -3.303  64.557 0.0000000000
63057  -36.024  -3.904  64.731 0.0000000000
62000  -36.085  -4.618  65.014 0.0000000000
60892  -36.039  -5.298  65.066 0.0000000000
59788  -36.185  -5.924  64.784 0.0000000000
59789  -36.619  -5.868  64.139 0.0000000000
59803  -37.520  -6.555  63.081 0.0000000000
125033  -39.337  -4.235  60.895 0.0000000000
139728  -39.325  -5.497  61.046 0.0000000000
124939  -39.448  -6.002  60.686 0.0000000000
124932  -39.482  -6.767  60.415 0.0000000000
122469  -39.360  -7.721  59.807 0.0000000000
138532  -39.742  -6.397  59.734 0.0000000000
58778  -39.932  -6.584  59.182 0.0000000000
50810  -16.097  -14.094  73.146 0.0000000000
49622  -16.933  -15.907  71.836 0.0000000000
59916  -45.600  -5.917  54.091 0.0000000000
59929  -44.520  -6.360  53.729 0.0000000000
129403  -44.873  -6.629  53.395 0.0000000000
65192  -46.838  -2.135  50.506 0.0000000000
64186  -46.660  -2.358  51.177 0.0000000000
64187  -47.114  -2.646  50.665 0.0000000000
64188  -47.627  -3.355  50.673 0.0000000000
63177  -47.978  -4.119  50.765 0.0000000000
121078  -49.671  -6.095  48.131 0.0000000000
59980  -49.817  -5.786  48.805 0.0000000000
72378  -47.965  5.765  45.977 0.0000000000
131554  -47.161  5.368  46.365 0.0000000000
71314  -47.544  4.913  46.160 0.0000000000
70319  -47.340  3.691  46.390 0.0000000000
69285  -47.544  3.005  46.289 0.0000000000
68242  -47.141  2.438  46.568 0.0000000000
68262  -48.364  2.194  45.149 0.0000000000
67251  -49.379  1.040  44.138 0.0000000000
67258  -49.608  0.235  44.036 0.0000000000
79140  -47.926  12.726  40.481 0.0000000000
78312  -49.051  12.549  41.337 0.0000000000
79149  -48.189  13.089  39.803 0.0000000000
79150  -49.198  13.485  39.873 0.0000000000
80010  -50.080  13.875  39.487 0.0000000000
79164  -50.329  13.904  38.704 0.0000000000
80011  -51.001  13.541  39.089 0.0000000000
79165  -51.489  13.298  38.696 0.0000000000
142821  -39.881  -3.818  59.635 0.0000000000
135920  -39.452  -1.787  58.952 0.0000000000
65119  -40.111  -1.195  58.346 0.0000000000
66129  -40.878  -0.767  58.015 0.0000000000
67124  -40.640  -0.032  56.898 0.0000000000
50849  -17.206  -14.102  70.930 0.0000000000
51976  -17.107  -13.502  70.708 0.0000000000
54213  -18.318  -11.842  70.377 0.0000000000
61969  -28.246  -3.990  68.413 0.0000000000
63019  -28.891  -3.718  69.112 0.0000000000
63012  -29.377  -3.895  69.790 0.0000000000
63006  -29.686  -4.147  69.796 0.0000000000
63013  -30.220  -3.861  69.459 0.0000000000
122920  -31.033  -3.262  67.999 0.0000000000
63022  -31.082  -3.798  68.196 0.0000000000
63023  -31.535  -4.073  67.616 0.0000000000
63032  -32.634  -4.010  66.725 0.0000000000
134112  -35.231  -2.286  62.921 0.0000000000
134226  -35.883  -1.986  63.201 0.0000000000
127127  -36.060  -1.737  63.743 0.0000000000
65095  -36.736  -2.076  63.332 0.0000000000
65092  -36.514  -2.265  63.481 0.0000000000
63072  -37.659  -4.124  62.922 0.0000000000
63078  -38.031  -3.686  62.573 0.0000000000
63079  -38.464  -3.867  62.266 0.0000000000
63084  -38.910  -3.596  61.486 0.0000000000
62077  -43.411  -4.399  54.275 0.0000000000
138862  -44.006  -4.806  53.670 0.0000000000
63146  -44.206  -3.635  53.696 0.0000000000
63136  -44.695  -4.650  53.490 0.0000000000
62086  -44.869  -5.289  53.600 0.0000000000
61028  -46.401  -5.819  53.679 0.0000000000
59931  -46.795  -6.053  53.252 0.0000000000
135705  -48.209  -3.417  48.968 0.0000000000
62139  -49.720  -4.633  48.761 0.0000000000
61067  -50.142  -4.921  48.845 0.0000000000
63226  -49.597  -4.309  47.179 0.0000000000
61078  -50.429  -4.956  48.114 0.0000000000
59981  -50.266  -5.501  48.002 0.0000000000
59987  -49.785  -5.852  47.318 0.0000000000
74431  -45.932  7.865  43.571 0.0000000000
120878  -45.705  7.121  44.301 0.0000000000
73394  -46.559  7.261  45.419 0.0000000000
73387  -47.148  6.971  46.048 0.0000000000
73371  -47.466  6.566  46.172 0.0000000000
73389  -48.108  6.899  45.563 0.0000000000
73372  -47.888  6.492  45.997 0.0000000000
72384  -48.278  5.403  45.413 0.0000000000
71322  -48.406  4.477  45.152 0.0000000000
66119  -37.925  -0.879  59.672 0.0000000000
65114  -37.400  -1.383  59.207 0.0000000000
134373  -34.504  -3.279  62.228 0.0000000000
134467  -35.460  -2.582  61.739 0.0000000000
134279  -35.778  -2.490  61.013 0.0000000000
117723  -36.249  -1.781  61.005 0.0000000000
117901  -36.703  -1.281  60.541 0.0000000000
67160  -44.182  -0.452  51.554 0.0000000000
66184  -44.509  -0.806  51.869 0.0000000000
66204  -45.499  -0.906  51.048 0.0000000000
65191  -45.926  -1.161  50.741 0.0000000000
64220  -46.970  -2.492  49.883 0.0000000000
64235  -47.472  -3.187  49.228 0.0000000000
129395  -48.380  -3.969  48.286 0.0000000000
120721  -48.425  -3.692  47.219 0.0000000000
63267  -47.571  -3.797  46.946 0.0000000000
64252  -49.117  -2.671  46.063 0.0000000000
65233  -49.070  -1.883  45.474 0.0000000000
74438  -45.497  7.783  42.518 0.0000000000
76496  -47.804  9.659  43.575 0.0000000000
75512  -47.961  9.105  44.092 0.0000000000
75500  -48.069  8.605  44.463 0.0000000000
75535  -49.322  9.359  42.313 0.0000000000
78313  -49.669  12.397  41.072 0.0000000000
77439  -49.866  11.535  41.374 0.0000000000
77445  -50.363  11.028  40.706 0.0000000000
77446  -50.891  11.431  40.068 0.0000000000
76534  -50.959  10.548  40.166 0.0000000000
59873  -40.624  -5.719  57.491 0.0000000000
59886  -41.153  -5.388  56.822 0.0000000000
62068  -42.003  -4.735  56.370 0.0000000000
62069  -42.410  -4.364  56.135 0.0000000000
135836  -40.324  -4.195  58.623 0.0000000000
63106  -41.078  -3.577  57.427 0.0000000000
63113  -41.751  -3.741  56.855 0.0000000000
63123  -42.880  -3.857  56.034 0.0000000000
65143  -43.522  -1.828  54.795 0.0000000000
65142  -42.961  -1.638  55.550 0.0000000000
66127  -38.673  -0.731  58.711 0.0000000000
67115  -38.919  -0.048  58.013 0.0000000000
67123  -40.083  0.093  57.364 0.0000000000
66146  -39.909  0.083  56.446 0.0000000000
67132  -40.776  0.199  56.026 0.0000000000
67133  -41.550  0.278  55.641 0.0000000000
46512  -18.843  -19.047  71.387 0.0000000000
46520  -19.495  -18.104  71.229 0.0000000000
51978  -18.296  -14.016  70.691 0.0000000000
55375  -18.985  -10.619  71.940 0.0000000000
55364  -19.954  -10.334  72.761 0.0000000000
55355  -20.023  -9.777  72.920 0.0000000000
135694  -20.064  -10.364  72.705 0.0000000000
56519  -22.084  -9.075  72.810 0.0000000000
58650  -22.207  -7.331  74.058 0.0000000000
58651  -22.452  -7.585  74.193 0.0000000000
57589  -23.066  -8.069  74.292 0.0000000000
57599  -23.686  -8.499  74.140 0.0000000000
119821  -25.852  -8.792  74.232 0.0000000000
61931  -24.579  -6.164  71.795 0.0000000000
136821  -25.131  -6.110  71.812 0.0000000000
61956  -26.599  -4.964  69.646 0.0000000000
61920  -25.489  -6.232  72.220 0.0000000000
121858  -25.768  -6.381  72.644 0.0000000000
60792  -26.528  -6.294  72.437 0.0000000000
60793  -27.301  -6.315  72.229 0.0000000000
59721  -27.550  -6.972  72.506 0.0000000000
58670  -27.188  -7.387  73.136 0.0000000000
57609  -27.859  -8.506  72.711 0.0000000000
61949  -29.505  -4.860  69.379 0.0000000000
60840  -30.824  -5.724  68.816 0.0000000000
60828  -31.203  -6.344  69.160 0.0000000000
59746  -31.019  -6.691  69.638 0.0000000000
63055  -31.694  -3.002  65.727 0.0000000000
64079  -32.034  -2.811  66.696 0.0000000000
64080  -32.822  -2.974  66.500 0.0000000000
64070  -32.691  -3.171  66.754 0.0000000000
134187  -34.681  -2.220  64.287 0.0000000000
136371  -34.355  -2.300  64.834 0.0000000000
134516  -34.616  -2.471  65.084 0.0000000000
64092  -35.370  -2.867  64.958 0.0000000000
65081  -34.841  -2.762  65.244 0.0000000000
139541  -34.255  -2.814  65.570 0.0000000000
64082  -33.825  -3.121  65.963 0.0000000000
63033  -33.443  -4.243  66.341 0.0000000000
61980  -33.679  -5.071  66.595 0.0000000000
60878  -34.324  -5.354  66.330 0.0000000000
60868  -34.277  -6.306  66.525 0.0000000000
60912  -37.581  -5.210  63.172 0.0000000000
128591  -37.864  -5.786  62.858 0.0000000000
59804  -38.102  -6.460  62.520 0.0000000000
58757  -38.171  -7.299  62.154 0.0000000000
55535  -39.446  -9.633  58.915 0.0000000000
56639  -39.321  -8.721  59.048 0.0000000000
65170  -45.366  -1.707  52.097 0.0000000000
65160  -45.447  -2.511  52.288 0.0000000000
64169  -45.897  -3.288  52.157 0.0000000000
64178  -46.442  -2.957  51.583 0.0000000000
63168  -46.702  -3.701  51.901 0.0000000000
63159  -46.299  -4.163  52.544 0.0000000000
62097  -47.276  -5.040  52.914 0.0000000000
127167  -47.380  -5.852  52.731 0.0000000000
59941  -46.962  -6.288  52.562 0.0000000000
63190  -48.774  -4.320  49.752 0.0000000000
62119  -48.496  -4.546  50.470 0.0000000000
61048  -48.623  -5.092  50.755 0.0000000000
61053  -48.642  -5.604  50.439 0.0000000000
61047  -48.148  -5.524  51.347 0.0000000000
59950  -47.849  -6.084  51.563 0.0000000000
59949  -47.222  -6.286  51.681 0.0000000000
58882  -46.640  -6.608  51.921 0.0000000000
65232  -47.550  -1.225  44.991 0.0000000000
125865  -48.395  -1.223  45.203 0.0000000000
135169  -48.912  -1.055  45.198 0.0000000000
123956  -45.266  6.339  44.358 0.0000000000
72390  -45.265  5.773  44.787 0.0000000000
71328  -45.210  5.044  45.145 0.0000000000
71320  -46.329  4.993  46.289 0.0000000000
121110  -45.557  4.877  45.874 0.0000000000
71319  -45.008  4.279  45.548 0.0000000000
68252  -45.414  1.561  47.097 0.0000000000
67231  -45.840  1.108  46.736 0.0000000000
68254  -47.125  1.943  46.500 0.0000000000
67232  -46.803  1.261  46.220 0.0000000000
66246  -48.920  -0.433  44.826 0.0000000000
65234  -49.443  -1.486  45.210 0.0000000000
65235  -49.813  -1.544  44.955 0.0000000000
65251  -50.933  -1.282  44.187 0.0000000000
65261  -50.772  -1.375  44.202 0.0000000000
66271  -50.037  -0.860  43.860 0.0000000000
128363  -50.416  -1.252  43.990 0.0000000000
64285  -49.915  -2.025  43.706 0.0000000000
55534  -38.414  -9.869  59.254 0.0000000000
56494  -19.897  -9.074  73.024 0.0000000000
56623  -38.463  -9.152  61.492 0.0000000000
56634  -38.793  -8.498  60.453 0.0000000000
57718  -39.243  -8.194  59.652 0.0000000000
58763  -39.231  -7.520  60.316 0.0000000000
58770  -39.622  -7.094  59.657 0.0000000000
58795  -40.179  -6.590  57.871 0.0000000000
59915  -44.766  -5.968  53.809 0.0000000000
59930  -45.421  -6.305  53.946 0.0000000000
61077  -50.225  -5.233  48.711 0.0000000000
61085  -50.625  -4.843  46.704 0.0000000000
61094  -50.869  -4.735  46.045 0.0000000000
61122  -50.852  -5.015  44.811 0.0000000000
61911  -24.570  -6.357  72.361 0.0000000000
61921  -26.274  -5.930  71.934 0.0000000000
61934  -27.687  -4.812  70.927 0.0000000000
61944  -24.942  -5.825  71.233 0.0000000000
62023  -37.926  -4.659  62.774 0.0000000000
62037  -39.177  -5.041  61.324 0.0000000000
62192  -50.740  -4.641  45.335 0.0000000000
62204  -49.971  -4.300  45.136 0.0000000000
63001  -28.253  -4.681  70.379 0.0000000000
63024  -32.038  -4.294  67.225 0.0000000000
64101  -36.545  -3.108  63.614 0.0000000000
64263  -50.302  -2.508  45.100 0.0000000000
64274  -50.609  -1.760  44.265 0.0000000000
64286  -50.625  -1.951  43.841 0.0000000000
65180  -46.700  -2.002  50.858 0.0000000000
65260  -50.578  -1.453  43.863 0.0000000000
66185  -45.144  -1.163  51.830 0.0000000000
66248  -50.263  -0.982  44.051 0.0000000000
66261  -49.829  -0.506  44.041 0.0000000000
69277  -46.301  2.543  46.758 0.0000000000
71329  -48.635  4.108  44.720 0.0000000000
75568  -51.945  8.814  38.750 0.0000000000
76510  -47.102  9.672  42.738 0.0000000000
77426  -48.542  10.819  42.767 0.0000000000
78322  -52.074  12.117  38.928 0.0000000000
79141  -48.675  13.016  40.665 0.0000000000
79143  -50.071  13.016  40.354 0.0000000000
79144  -50.525  12.899  39.956 0.0000000000
79151  -50.485  13.521  39.656 0.0000000000
120388  -40.015  -6.738  58.768 0.0000000000
120930  -37.772  -1.095  61.332 0.0000000000
127363  -19.794  -19.891  71.940 0.0000000000
128320  -48.089  -5.135  51.471 0.0000000000
130358  -50.677  13.800  39.149 0.0000000000
130456  -48.700  1.475  44.576 0.0000000000
131185  -25.131  -9.135  74.215 0.0000000000
132891  -48.478  6.698  44.611 0.0000000000
133057  -48.255  4.016  45.382 0.0000000000
136148  -47.748  -0.446  44.912 0.0000000000
139358  -38.855  -8.818  61.023 0.0000000000
139664  -47.427  -6.008  52.174 0.0000000000
140583  -39.623  -6.251  60.175 0.0000000000
141021  -39.867  -7.117  59.104 0.0000000000
141773  -45.960  -6.628  52.785 0.0000000000
142693  -46.857  2.094  46.697 0.0000000000
