#!ascii label  , from subject sub_0001 vox2ras=TkReg
1518
87024  -42.256  21.092  23.934 0.0000000000
85582  -46.730  20.316  7.104 0.0000000000
93068  -45.827  30.221  23.049 0.0000000000
119383  -48.679  22.930  18.284 0.0000000000
83577  -47.971  17.191  23.328 0.0000000000
125347  -39.087  22.675  16.004 0.0000000000
89923  -46.282  26.714  4.981 0.0000000000
128187  -40.854  31.150  13.320 0.0000000000
82606  -40.780  16.350  30.094 0.0000000000
87051  -44.910  21.976  21.181 0.0000000000
88499  -44.665  24.274  18.467 0.0000000000
89113  -41.170  24.077  21.628 0.0000000000
93723  -50.294  31.101  18.390 0.0000000000
140173  -45.470  28.844  14.555 0.0000000000
92528  -49.960  29.245  10.109 0.0000000000
91894  -43.835  28.246  9.484 0.0000000000
93777  -44.611  31.549  11.995 0.0000000000
83798  -43.500  16.602  6.775 0.0000000000
87740  -39.513  22.919  27.999 0.0000000000
122768  -42.186  25.806  25.832 0.0000000000
128599  -52.950  19.533  16.677 0.0000000000
83658  -48.435  17.582  18.507 0.0000000000
82746  -43.102  17.000  20.848 0.0000000000
82672  -42.203  16.360  25.582 0.0000000000
122129  -43.814  20.653  11.774 0.0000000000
86389  -39.614  20.315  9.727 0.0000000000
91813  -40.867  28.706  19.100 0.0000000000
89208  -42.359  25.000  11.224 0.0000000000
124657  -40.159  22.124  5.245 0.0000000000
89907  -38.946  26.325  6.966 0.0000000000
91234  -38.207  27.194  11.608 0.0000000000
87039  -43.529  21.025  22.438 0.0000000000
88468  -44.444  23.585  22.127 0.0000000000
122456  -43.725  22.874  23.865 0.0000000000
95096  -49.015  33.114  15.340 0.0000000000
93135  -49.587  30.594  14.725 0.0000000000
93769  -49.452  31.727  12.042 0.0000000000
93154  -47.692  31.144  11.034 0.0000000000
84716  -45.076  18.669  6.887 0.0000000000
131100  -38.990  24.384  29.322 0.0000000000
89072  -42.030  24.274  29.470 0.0000000000
83618  -48.417  17.154  20.694 0.0000000000
82761  -45.805  16.908  19.826 0.0000000000
120290  -45.688  16.331  21.961 0.0000000000
82633  -41.880  16.658  28.155 0.0000000000
83558  -36.555  17.763  25.968 0.0000000000
86232  -36.725  19.828  26.398 0.0000000000
84513  -34.735  18.497  27.778 0.0000000000
89181  -48.697  25.041  16.201 0.0000000000
87071  -41.699  21.802  17.449 0.0000000000
87100  -44.295  21.333  15.626 0.0000000000
86335  -41.184  20.682  14.159 0.0000000000
136197  -41.721  20.186  10.985 0.0000000000
87136  -39.389  21.403  12.239 0.0000000000
91785  -43.857  28.079  24.727 0.0000000000
91156  -41.050  27.630  22.845 0.0000000000
92444  -43.015  29.958  20.625 0.0000000000
90568  -46.928  26.471  10.305 0.0000000000
90549  -44.173  26.367  13.196 0.0000000000
89890  -44.207  25.466  9.037 0.0000000000
89236  -41.391  23.970  7.178 0.0000000000
89255  -43.900  24.727  3.833 0.0000000000
89252  -39.579  23.810  4.686 0.0000000000
90621  -43.078  27.100  3.866 0.0000000000
135338  -42.016  29.053  12.280 0.0000000000
91246  -40.327  27.490  10.280 0.0000000000
91870  -40.094  28.467  12.782 0.0000000000
91867  -37.220  27.832  13.124 0.0000000000
93138  -38.683  30.303  13.890 0.0000000000
87058  -46.421  22.465  19.372 0.0000000000
89154  -47.312  25.423  18.923 0.0000000000
89129  -46.070  24.182  20.378 0.0000000000
88488  -42.869  23.903  19.526 0.0000000000
88485  -39.623  24.022  18.916 0.0000000000
127652  -47.937  31.317  21.563 0.0000000000
136018  -45.512  30.795  18.547 0.0000000000
93102  -47.583  30.595  17.062 0.0000000000
91873  -48.432  28.406  12.368 0.0000000000
91261  -48.602  27.797  8.194 0.0000000000
91268  -45.464  27.691  7.172 0.0000000000
91889  -46.984  29.264  9.473 0.0000000000
92518  -44.250  29.544  11.667 0.0000000000
120250  -42.849  31.436  12.439 0.0000000000
82851  -41.526  15.907  8.416 0.0000000000
87001  -40.958  21.541  25.928 0.0000000000
87761  -43.609  21.972  26.050 0.0000000000
88446  -42.621  23.490  27.849 0.0000000000
89795  -44.634  24.958  28.573 0.0000000000
91137  -47.093  27.721  27.559 0.0000000000
92391  -46.193  29.617  28.149 0.0000000000
93046  -48.893  30.332  26.279 0.0000000000
85492  -49.870  20.199  15.681 0.0000000000
84608  -50.530  18.603  17.359 0.0000000000
85468  -47.257  19.279  16.982 0.0000000000
142298  -45.121  19.113  18.365 0.0000000000
85436  -43.199  19.625  20.154 0.0000000000
83562  -47.886  17.675  25.190 0.0000000000
82622  -44.592  16.968  29.455 0.0000000000
137796  -45.299  16.876  26.703 0.0000000000
82688  -45.273  16.555  24.216 0.0000000000
82697  -42.216  16.154  23.551 0.0000000000
86252  -39.443  20.217  23.339 0.0000000000
87172  -48.115  22.042  9.435 0.0000000000
87819  -45.826  23.567  16.120 0.0000000000
87137  -46.257  21.295  12.362 0.0000000000
87161  -45.738  21.192  9.097 0.0000000000
86412  -43.984  19.885  7.969 0.0000000000
118689  -41.907  18.918  8.448 0.0000000000
85560  -40.263  18.180  8.345 0.0000000000
89100  -40.934  24.929  23.966 0.0000000000
122302  -39.233  26.243  21.003 0.0000000000
125026  -39.312  25.779  17.023 0.0000000000
92477  -43.524  29.657  16.711 0.0000000000
91205  -41.881  26.736  14.929 0.0000000000
89194  -40.535  24.754  13.396 0.0000000000
89212  -39.755  23.889  10.160 0.0000000000
87187  -39.208  21.498  7.082 0.0000000000
85587  -38.741  19.921  6.877 0.0000000000
90588  -42.167  26.774  7.640 0.0000000000
90575  -38.953  26.573  9.022 0.0000000000
89879  -36.631  25.615  10.659 0.0000000000
140857  -35.814  26.777  12.133 0.0000000000
91204  -35.102  27.549  13.749 0.0000000000
87033  -43.461  21.088  23.308 0.0000000000
87026  -44.312  21.736  23.973 0.0000000000
87014  -43.958  21.635  24.632 0.0000000000
139578  -49.026  32.822  13.904 0.0000000000
94408  -47.921  32.623  11.851 0.0000000000
85581  -46.128  20.073  6.530 0.0000000000
83587  -48.690  17.325  22.483 0.0000000000
82734  -47.126  16.594  21.725 0.0000000000
82717  -47.214  16.711  22.713 0.0000000000
82652  -35.983  16.793  27.073 0.0000000000
84519  -35.643  18.161  27.115 0.0000000000
87820  -49.732  23.016  17.103 0.0000000000
88510  -49.405  24.832  17.590 0.0000000000
87815  -40.002  21.872  17.146 0.0000000000
87097  -41.865  21.038  16.129 0.0000000000
87096  -40.041  21.119  15.031 0.0000000000
138776  -40.236  20.880  13.375 0.0000000000
119691  -39.483  21.804  13.792 0.0000000000
135112  -44.947  29.279  23.937 0.0000000000
92436  -43.644  29.343  22.798 0.0000000000
93067  -44.996  30.116  22.615 0.0000000000
90577  -46.313  25.738  8.205 0.0000000000
89891  -45.715  25.682  9.382 0.0000000000
89910  -45.320  25.511  6.575 0.0000000000
89908  -43.745  24.794  6.105 0.0000000000
142147  -45.344  25.625  4.652 0.0000000000
89942  -43.613  25.793  3.403 0.0000000000
119275  -45.152  26.788  4.486 0.0000000000
92501  -41.664  30.019  12.961 0.0000000000
120582  -40.961  28.679  12.441 0.0000000000
91860  -40.157  29.425  13.334 0.0000000000
92500  -39.235  29.575  13.581 0.0000000000
140118  -39.872  29.996  13.563 0.0000000000
87057  -45.651  22.066  19.671 0.0000000000
87777  -46.306  23.579  20.162 0.0000000000
87776  -45.644  22.806  20.651 0.0000000000
88467  -43.439  23.889  22.172 0.0000000000
89114  -44.147  24.190  21.346 0.0000000000
89125  -42.258  24.062  20.664 0.0000000000
88487  -41.083  23.761  19.451 0.0000000000
88477  -40.718  24.073  19.979 0.0000000000
93711  -49.377  31.164  19.984 0.0000000000
93721  -48.224  30.997  18.899 0.0000000000
142937  -49.479  30.736  17.872 0.0000000000
92513  -50.128  29.534  11.764 0.0000000000
92505  -49.687  29.610  13.135 0.0000000000
91883  -49.865  28.531  10.681 0.0000000000
91250  -48.650  27.497  9.946 0.0000000000
123320  -49.062  28.186  9.073 0.0000000000
91897  -47.582  28.915  8.037 0.0000000000
92526  -48.182  29.670  9.587 0.0000000000
118863  -46.514  31.381  11.459 0.0000000000
92519  -46.179  30.187  11.158 0.0000000000
93147  -44.629  31.046  12.242 0.0000000000
93146  -43.770  30.603  12.426 0.0000000000
93776  -43.636  31.682  12.033 0.0000000000
83790  -42.304  16.089  7.770 0.0000000000
87756  -40.167  21.952  27.119 0.0000000000
87752  -42.033  22.312  27.302 0.0000000000
87742  -41.320  22.981  27.803 0.0000000000
119251  -43.325  25.387  29.928 0.0000000000
89074  -43.965  24.680  29.404 0.0000000000
118469  -45.359  25.897  29.431 0.0000000000
90478  -45.772  26.366  28.375 0.0000000000
90446  -46.774  26.961  29.417 0.0000000000
93034  -44.891  30.254  26.791 0.0000000000
93027  -48.517  30.125  27.469 0.0000000000
142926  -48.908  31.325  26.577 0.0000000000
93687  -49.202  31.848  24.234 0.0000000000
95011  -49.178  33.055  25.085 0.0000000000
86325  -51.489  20.583  15.180 0.0000000000
85484  -51.862  19.413  16.319 0.0000000000
126249  -51.041  18.486  19.110 0.0000000000
83676  -48.822  18.034  17.809 0.0000000000
84607  -49.137  18.361  16.988 0.0000000000
84605  -47.503  18.537  17.237 0.0000000000
85466  -46.027  19.061  17.681 0.0000000000
84592  -46.221  18.181  17.868 0.0000000000
83617  -44.182  17.177  20.018 0.0000000000
83633  -44.039  17.841  19.595 0.0000000000
84568  -42.681  18.447  20.373 0.0000000000
118425  -42.925  17.054  29.548 0.0000000000
82648  -43.283  16.844  27.563 0.0000000000
139181  -43.754  16.573  26.475 0.0000000000
82675  -45.268  16.677  25.930 0.0000000000
82686  -43.834  16.358  25.276 0.0000000000
118961  -43.932  16.340  24.050 0.0000000000
82685  -42.229  16.154  24.542 0.0000000000
87009  -39.020  20.963  24.974 0.0000000000
86246  -37.819  19.931  25.043 0.0000000000
87877  -48.971  22.244  9.908 0.0000000000
89153  -46.311  25.365  18.745 0.0000000000
89172  -47.022  25.375  17.023 0.0000000000
88517  -45.369  23.635  16.814 0.0000000000
86338  -43.991  20.743  14.120 0.0000000000
87112  -44.613  21.080  14.746 0.0000000000
86355  -44.876  20.883  12.794 0.0000000000
87150  -45.884  21.214  10.564 0.0000000000
86394  -45.073  20.951  10.311 0.0000000000
86401  -44.533  20.373  8.742 0.0000000000
86393  -44.244  20.626  10.141 0.0000000000
126391  -40.944  20.121  10.747 0.0000000000
85546  -42.369  19.471  9.150 0.0000000000
85545  -41.398  19.386  9.037 0.0000000000
85561  -41.223  18.349  8.191 0.0000000000
85543  -39.700  19.522  8.800 0.0000000000
89098  -42.764  24.151  26.033 0.0000000000
88452  -42.686  23.994  25.416 0.0000000000
89805  -41.288  25.078  24.644 0.0000000000
129594  -41.251  28.710  20.810 0.0000000000
91159  -39.899  26.924  21.961 0.0000000000
91804  -39.862  27.878  19.840 0.0000000000
121913  -39.282  26.734  19.179 0.0000000000
91185  -40.158  27.520  17.522 0.0000000000
120531  -45.378  30.474  16.922 0.0000000000
122492  -44.346  30.448  17.906 0.0000000000
91844  -44.422  28.899  15.223 0.0000000000
120273  -43.435  25.445  11.882 0.0000000000
90543  -43.146  26.670  14.231 0.0000000000
119493  -42.185  25.323  13.081 0.0000000000
89852  -41.118  25.694  14.317 0.0000000000
122584  -41.114  24.656  12.073 0.0000000000
140210  -39.590  23.922  11.693 0.0000000000
89213  -40.448  24.420  10.394 0.0000000000
88588  -40.562  22.815  5.823 0.0000000000
88583  -40.089  23.514  7.654 0.0000000000
87920  -39.787  21.550  5.986 0.0000000000
86424  -38.993  20.141  7.137 0.0000000000
87198  -39.126  21.345  6.046 0.0000000000
85586  -38.241  20.076  6.792 0.0000000000
138276  -38.933  22.081  5.544 0.0000000000
89929  -39.842  25.197  5.182 0.0000000000
88581  -38.604  23.826  6.219 0.0000000000
91259  -44.428  28.037  8.611 0.0000000000
91273  -43.393  27.046  7.130 0.0000000000
91266  -42.808  27.168  8.362 0.0000000000
91245  -39.313  27.276  10.550 0.0000000000
91254  -39.531  27.079  9.660 0.0000000000
91253  -38.685  26.814  9.928 0.0000000000
90573  -37.427  26.220  9.798 0.0000000000
90566  -37.054  26.382  10.568 0.0000000000
90565  -36.463  26.299  11.238 0.0000000000
91232  -37.054  27.206  11.908 0.0000000000
91852  -37.440  29.155  14.111 0.0000000000
91213  -36.391  27.784  13.285 0.0000000000
118882  -36.118  28.596  14.345 0.0000000000
91850  -35.482  28.156  14.439 0.0000000000
87050  -44.307  21.369  21.398 0.0000000000
87041  -45.141  22.091  21.826 0.0000000000
87035  -44.764  21.899  22.526 0.0000000000
88464  -44.068  23.256  23.024 0.0000000000
88463  -43.019  23.686  23.148 0.0000000000
93115  -50.472  30.744  16.862 0.0000000000
94367  -49.867  31.951  14.867 0.0000000000
93762  -49.692  31.329  13.253 0.0000000000
93156  -49.639  30.585  10.890 0.0000000000
93162  -48.592  30.264  10.341 0.0000000000
93780  -48.421  31.767  11.445 0.0000000000
93779  -47.391  32.057  11.518 0.0000000000
84725  -44.379  17.971  6.666 0.0000000000
88440  -39.188  23.422  28.572 0.0000000000
88442  -40.996  23.427  28.372 0.0000000000
89071  -40.498  24.408  29.386 0.0000000000
132076  -48.464  17.114  19.908 0.0000000000
83637  -47.119  17.079  19.147 0.0000000000
82762  -46.697  16.845  19.906 0.0000000000
82749  -45.545  16.630  20.593 0.0000000000
82731  -44.336  16.431  21.470 0.0000000000
82620  -42.178  16.899  29.047 0.0000000000
82645  -40.428  16.276  27.514 0.0000000000
84534  -37.622  18.197  24.790 0.0000000000
85394  -37.161  19.103  25.233 0.0000000000
84527  -36.582  18.679  25.838 0.0000000000
85386  -35.781  19.043  27.123 0.0000000000
123343  -43.310  22.586  17.754 0.0000000000
127189  -44.370  22.376  16.806 0.0000000000
87085  -43.221  21.357  16.466 0.0000000000
86321  -42.933  20.711  15.261 0.0000000000
86352  -42.661  20.609  12.999 0.0000000000
86380  -43.087  20.560  11.278 0.0000000000
86366  -41.963  20.471  12.408 0.0000000000
86377  -40.504  20.434  12.140 0.0000000000
121120  -39.609  20.680  10.782 0.0000000000
91146  -43.393  27.268  25.486 0.0000000000
120860  -41.621  26.748  24.389 0.0000000000
91791  -42.711  28.201  23.632 0.0000000000
91802  -42.398  28.984  22.004 0.0000000000
92442  -41.793  29.312  20.186 0.0000000000
91227  -46.451  27.318  12.706 0.0000000000
91215  -45.101  27.269  13.422 0.0000000000
90554  -45.392  26.375  12.304 0.0000000000
142392  -44.607  25.471  11.188 0.0000000000
89881  -43.121  24.829  10.204 0.0000000000
121371  -41.870  24.604  9.430 0.0000000000
89238  -43.040  24.912  7.762 0.0000000000
89246  -42.761  24.376  5.484 0.0000000000
88596  -41.505  22.694  3.982 0.0000000000
88601  -39.794  22.859  3.877 0.0000000000
89266  -41.780  24.347  3.580 0.0000000000
90626  -41.507  26.193  3.946 0.0000000000
90608  -40.602  26.647  5.933 0.0000000000
119702  -43.174  28.554  10.913 0.0000000000
91248  -42.019  27.772  10.240 0.0000000000
91879  -41.724  28.178  10.972 0.0000000000
91878  -40.481  28.056  11.957 0.0000000000
91223  -38.585  27.546  12.260 0.0000000000
91222  -37.604  27.449  12.283 0.0000000000
91869  -39.091  28.035  12.900 0.0000000000
92499  -38.267  29.359  13.820 0.0000000000
92490  -37.871  30.055  14.192 0.0000000000
87065  -47.696  22.408  18.511 0.0000000000
88500  -48.577  24.541  18.968 0.0000000000
138309  -47.565  23.564  19.438 0.0000000000
89142  -46.624  24.508  19.905 0.0000000000
89140  -45.243  24.912  19.628 0.0000000000
140531  -45.267  23.566  21.221 0.0000000000
120279  -44.534  24.782  19.948 0.0000000000
88498  -43.780  23.977  19.060 0.0000000000
88497  -42.770  23.381  18.766 0.0000000000
87792  -40.565  22.852  18.219 0.0000000000
88506  -39.266  23.271  17.434 0.0000000000
93694  -47.195  31.083  22.192 0.0000000000
141113  -45.594  30.811  21.541 0.0000000000
93709  -46.945  30.999  19.884 0.0000000000
93731  -46.913  30.778  17.722 0.0000000000
93122  -46.660  30.016  15.561 0.0000000000
93124  -48.962  30.367  15.624 0.0000000000
92494  -48.071  29.610  14.253 0.0000000000
92503  -46.606  28.680  13.904 0.0000000000
91238  -47.181  27.137  11.805 0.0000000000
90569  -47.952  27.027  9.589 0.0000000000
90602  -47.748  26.936  6.955 0.0000000000
91282  -46.442  27.989  5.029 0.0000000000
91908  -47.571  28.229  6.613 0.0000000000
91260  -45.660  28.293  8.252 0.0000000000
91895  -44.877  28.539  9.502 0.0000000000
123773  -46.880  29.824  10.376 0.0000000000
92525  -45.901  29.570  10.616 0.0000000000
138594  -43.883  28.941  11.080 0.0000000000
91881  -43.386  29.126  11.660 0.0000000000
119535  -43.122  30.107  12.504 0.0000000000
93761  -42.114  31.143  12.853 0.0000000000
119511  -41.589  21.474  25.458 0.0000000000
87013  -43.661  21.758  25.509 0.0000000000
87003  -43.201  21.815  26.346 0.0000000000
87758  -43.265  22.146  26.786 0.0000000000
89095  -43.321  24.056  27.292 0.0000000000
88443  -42.228  23.637  28.408 0.0000000000
88447  -43.261  24.001  28.111 0.0000000000
90489  -43.595  25.771  26.842 0.0000000000
119841  -44.621  26.978  27.009 0.0000000000
91769  -45.950  28.340  26.129 0.0000000000
92411  -46.627  29.454  25.231 0.0000000000
133316  -45.515  28.337  29.081 0.0000000000
91749  -47.793  28.299  28.607 0.0000000000
140826  -48.136  29.084  26.964 0.0000000000
92424  -46.988  30.299  24.620 0.0000000000
93064  -47.982  31.270  23.821 0.0000000000
93695  -48.405  31.814  21.887 0.0000000000
94330  -49.526  32.268  20.424 0.0000000000
86323  -50.105  21.120  15.631 0.0000000000
86322  -49.147  20.584  16.027 0.0000000000
84595  -51.701  18.671  18.633 0.0000000000
85469  -52.074  19.117  17.183 0.0000000000
84620  -50.288  18.902  16.564 0.0000000000
85481  -48.436  19.683  16.392 0.0000000000
86307  -47.460  21.015  17.098 0.0000000000
86299  -46.243  21.082  18.078 0.0000000000
86298  -45.417  20.588  18.425 0.0000000000
86297  -44.747  20.561  19.056 0.0000000000
83654  -45.140  18.064  18.674 0.0000000000
85447  -44.354  19.564  19.032 0.0000000000
86289  -43.856  20.266  20.103 0.0000000000
86281  -42.886  20.257  20.887 0.0000000000
83537  -46.575  17.608  28.277 0.0000000000
82634  -42.979  17.037  28.851 0.0000000000
83543  -44.878  16.931  28.016 0.0000000000
83545  -46.324  17.385  27.593 0.0000000000
83553  -46.556  17.154  26.162 0.0000000000
83561  -46.932  17.163  25.224 0.0000000000
82690  -46.630  16.954  23.897 0.0000000000
82699  -45.204  16.484  23.495 0.0000000000
82698  -44.666  16.337  22.957 0.0000000000
124261  -42.678  16.419  22.056 0.0000000000
87023  -40.951  21.162  23.722 0.0000000000
87010  -39.830  21.156  24.625 0.0000000000
87000  -39.851  21.380  25.619 0.0000000000
86985  -39.246  21.845  27.309 0.0000000000
87749  -38.975  22.277  27.785 0.0000000000
87903  -50.419  22.555  7.855 0.0000000000
87901  -48.614  22.187  7.741 0.0000000000
87900  -47.577  21.777  7.492 0.0000000000
89166  -48.153  25.878  17.709 0.0000000000
88519  -47.408  24.847  16.159 0.0000000000
118791  -45.445  22.510  15.841 0.0000000000
87838  -46.531  22.080  14.802 0.0000000000
87128  -47.523  21.726  13.384 0.0000000000
129747  -46.617  21.416  11.803 0.0000000000
87170  -46.461  21.728  8.319 0.0000000000
87178  -46.068  21.191  6.561 0.0000000000
86414  -45.575  20.832  6.822 0.0000000000
85564  -44.443  19.480  7.043 0.0000000000
85578  -43.889  18.604  6.690 0.0000000000
86399  -42.773  19.945  9.943 0.0000000000
85562  -42.651  18.992  8.062 0.0000000000
84723  -42.897  17.355  6.824 0.0000000000
84713  -41.606  17.362  8.093 0.0000000000
84712  -40.910  17.296  8.422 0.0000000000
119172  -40.024  17.818  8.389 0.0000000000
132419  -43.576  22.836  24.688 0.0000000000
88459  -42.077  23.894  23.503 0.0000000000
89109  -41.125  24.206  22.967 0.0000000000
90499  -40.341  26.126  23.302 0.0000000000
89810  -39.735  25.678  22.281 0.0000000000
89111  -39.626  24.774  21.176 0.0000000000
89826  -39.147  25.386  19.722 0.0000000000
89835  -38.932  25.075  17.882 0.0000000000
89171  -38.909  24.186  16.619 0.0000000000
134734  -43.912  30.542  19.944 0.0000000000
92462  -43.222  30.148  18.464 0.0000000000
92469  -42.355  29.459  17.537 0.0000000000
91208  -44.001  28.166  14.782 0.0000000000
137779  -42.564  27.756  15.433 0.0000000000
91833  -41.677  28.265  16.690 0.0000000000
90535  -40.702  26.756  15.968 0.0000000000
89846  -39.575  24.839  14.989 0.0000000000
128312  -39.419  23.742  14.101 0.0000000000
136876  -39.177  22.882  12.740 0.0000000000
87887  -38.917  21.783  9.738 0.0000000000
88577  -40.003  23.779  8.626 0.0000000000
88571  -39.395  23.009  8.775 0.0000000000
86398  -39.419  20.148  8.804 0.0000000000
86411  -39.207  19.725  7.939 0.0000000000
138302  -39.095  19.020  7.621 0.0000000000
88594  -38.779  22.743  5.270 0.0000000000
90599  -44.086  27.468  5.600 0.0000000000
90598  -42.706  26.993  6.239 0.0000000000
90596  -39.982  26.690  6.906 0.0000000000
91264  -40.785  27.155  8.773 0.0000000000
90586  -40.138  26.885  8.204 0.0000000000
90594  -38.840  26.547  7.583 0.0000000000
89887  -37.584  26.088  9.173 0.0000000000
122624  -37.081  25.237  10.000 0.0000000000
88558  -37.195  23.999  11.761 0.0000000000
91221  -36.723  27.464  12.468 0.0000000000
91212  -35.125  27.156  12.979 0.0000000000
93766  -41.181  31.916  12.695 0.0000000000
94382  -39.959  32.055  13.222 0.0000000000
93758  -39.437  31.574  13.606 0.0000000000
93131  -38.204  31.071  14.257 0.0000000000
93752  -37.430  31.357  14.591 0.0000000000
87025  -43.396  21.103  24.074 0.0000000000
128810  -43.999  21.384  23.975 0.0000000000
83578  -48.934  17.681  23.311 0.0000000000
83586  -47.916  16.917  22.168 0.0000000000
87074  -48.876  22.374  17.448 0.0000000000
87809  -49.513  23.614  17.781 0.0000000000
87081  -39.553  22.035  16.525 0.0000000000
128887  -39.793  21.417  15.820 0.0000000000
87095  -39.460  21.724  15.105 0.0000000000
87110  -39.710  21.460  14.354 0.0000000000
87827  -39.134  22.540  15.194 0.0000000000
92433  -45.900  29.939  24.120 0.0000000000
92437  -44.447  29.649  23.104 0.0000000000
122539  -46.881  26.368  6.851 0.0000000000
89901  -45.872  25.601  7.375 0.0000000000
89911  -46.307  26.145  5.966 0.0000000000
89922  -45.748  25.919  5.278 0.0000000000
89932  -45.645  26.283  4.568 0.0000000000
89933  -46.014  27.112  4.680 0.0000000000
93140  -41.389  30.653  13.167 0.0000000000
125283  -40.998  29.813  13.139 0.0000000000
122289  -40.457  30.422  13.443 0.0000000000
87052  -45.410  22.372  20.560 0.0000000000
87042  -45.187  22.381  21.172 0.0000000000
88466  -42.179  23.998  21.580 0.0000000000
125009  -43.136  24.225  21.040 0.0000000000
89124  -41.255  24.061  20.793 0.0000000000
141875  -40.712  24.118  21.190 0.0000000000
93722  -49.984  31.087  19.108 0.0000000000
93733  -49.460  30.838  18.687 0.0000000000
93094  -50.406  30.927  18.164 0.0000000000
92521  -50.246  29.326  11.041 0.0000000000
91884  -50.249  29.042  11.290 0.0000000000
91891  -50.270  29.022  10.480 0.0000000000
130535  -49.766  28.714  9.795 0.0000000000
92532  -48.936  28.852  9.070 0.0000000000
92527  -49.288  29.379  9.772 0.0000000000
93778  -45.547  31.490  11.742 0.0000000000
93153  -45.537  30.749  11.732 0.0000000000
83792  -43.794  16.709  7.145 0.0000000000
140603  -43.361  16.301  7.640 0.0000000000
82846  -42.873  16.160  8.297 0.0000000000
83791  -43.047  16.075  7.324 0.0000000000
87750  -39.829  22.385  27.624 0.0000000000
87751  -40.841  22.403  27.457 0.0000000000
87741  -40.409  22.972  27.877 0.0000000000
90442  -43.384  26.252  29.771 0.0000000000
90443  -44.146  25.747  29.767 0.0000000000
90444  -45.157  26.262  29.620 0.0000000000
90445  -46.051  26.467  29.514 0.0000000000
124233  -46.035  26.927  29.656 0.0000000000
94282  -48.583  31.919  26.183 0.0000000000
94297  -48.923  32.540  25.656 0.0000000000
125697  -52.844  19.911  15.865 0.0000000000
83675  -47.934  17.971  17.782 0.0000000000
83674  -47.035  17.954  17.714 0.0000000000
83657  -47.519  17.455  18.387 0.0000000000
83616  -43.362  17.552  20.219 0.0000000000
83615  -42.582  17.514  20.742 0.0000000000
84567  -41.959  18.057  20.857 0.0000000000
83598  -42.067  17.426  21.238 0.0000000000
82608  -42.170  16.957  29.973 0.0000000000
82660  -43.157  16.694  26.819 0.0000000000
82673  -43.205  16.411  25.953 0.0000000000
121161  -43.989  16.447  25.954 0.0000000000
118962  -43.044  16.237  24.980 0.0000000000
85402  -38.418  19.291  23.967 0.0000000000
128302  -38.253  19.758  24.384 0.0000000000
87139  -47.994  21.640  12.620 0.0000000000
89164  -45.530  24.881  18.299 0.0000000000
88508  -45.250  24.192  17.568 0.0000000000
86368  -44.218  20.726  12.479 0.0000000000
126146  -44.692  20.888  11.923 0.0000000000
86382  -45.227  21.159  11.319 0.0000000000
86381  -44.382  21.009  11.067 0.0000000000
123055  -43.754  20.759  10.965 0.0000000000
86390  -40.153  20.147  10.404 0.0000000000
85531  -40.778  19.815  9.794 0.0000000000
85530  -40.115  19.749  9.543 0.0000000000
85544  -40.432  19.019  8.748 0.0000000000
89802  -42.209  24.939  25.953 0.0000000000
89097  -41.918  24.691  25.359 0.0000000000
89801  -41.664  25.339  25.291 0.0000000000
91806  -41.003  28.770  19.964 0.0000000000
91805  -40.366  28.212  20.532 0.0000000000
91174  -40.201  28.105  19.123 0.0000000000
91181  -40.007  27.716  18.379 0.0000000000
91820  -40.553  28.296  18.536 0.0000000000
92485  -45.700  29.831  15.451 0.0000000000
92484  -44.798  29.633  15.659 0.0000000000
92491  -45.281  29.208  14.971 0.0000000000
130231  -42.753  25.271  11.768 0.0000000000
89864  -42.832  25.442  12.501 0.0000000000
89863  -42.033  25.066  12.138 0.0000000000
89207  -41.589  24.774  11.281 0.0000000000
89206  -40.739  24.495  11.250 0.0000000000
89214  -41.185  24.632  10.612 0.0000000000
87928  -40.694  22.263  4.477 0.0000000000
87921  -40.163  22.056  5.425 0.0000000000
136437  -39.850  21.970  6.144 0.0000000000
87204  -39.511  22.092  5.287 0.0000000000
89919  -39.377  25.763  6.157 0.0000000000
89918  -38.682  25.338  6.656 0.0000000000
89906  -38.448  25.931  7.653 0.0000000000
91258  -43.373  27.761  9.020 0.0000000000
91235  -38.984  27.424  11.390 0.0000000000
91244  -38.518  26.988  10.834 0.0000000000
90567  -37.889  26.602  10.255 0.0000000000
91243  -37.743  26.819  11.089 0.0000000000
90558  -37.040  26.771  11.410 0.0000000000
91233  -37.562  27.082  11.677 0.0000000000
91851  -36.730  28.925  14.286 0.0000000000
138409  -44.872  21.784  21.965 0.0000000000
87040  -44.284  21.443  22.236 0.0000000000
87767  -44.323  22.251  23.589 0.0000000000
127140  -50.051  31.865  15.822 0.0000000000
139918  -49.678  32.517  15.343 0.0000000000
94384  -49.458  32.130  13.119 0.0000000000
94395  -49.565  31.823  12.650 0.0000000000
93770  -49.791  31.189  12.358 0.0000000000
93781  -49.278  31.398  11.397 0.0000000000
121228  -47.123  33.064  11.538 0.0000000000
118635  -46.464  32.346  11.308 0.0000000000
85548  -46.051  19.039  7.452 0.0000000000
84701  -45.310  18.472  7.412 0.0000000000
88424  -38.743  23.899  29.055 0.0000000000
88425  -39.705  23.934  29.101 0.0000000000
89070  -39.614  24.684  29.472 0.0000000000
125765  -49.020  17.330  21.102 0.0000000000
82763  -47.677  16.876  20.100 0.0000000000
82716  -46.411  16.490  22.288 0.0000000000
82733  -46.216  16.414  21.296 0.0000000000
82732  -45.250  16.419  21.365 0.0000000000
82715  -44.927  16.182  22.135 0.0000000000
82667  -37.689  16.749  25.805 0.0000000000
83559  -37.277  17.552  25.470 0.0000000000
83560  -38.075  17.282  25.108 0.0000000000
84528  -37.014  18.275  25.443 0.0000000000
85380  -35.095  19.199  27.649 0.0000000000
87806  -42.620  22.080  17.606 0.0000000000
87084  -42.447  21.398  16.862 0.0000000000
86319  -41.341  20.741  15.544 0.0000000000
86320  -42.130  20.771  15.423 0.0000000000
86336  -42.376  20.617  14.673 0.0000000000
138492  -42.529  20.586  13.871 0.0000000000
86351  -41.719  20.572  13.389 0.0000000000
86363  -39.826  21.010  12.897 0.0000000000
86364  -40.371  20.654  12.774 0.0000000000
123126  -39.923  20.688  12.177 0.0000000000
135771  -40.198  20.371  11.380 0.0000000000
142642  -39.635  20.839  11.578 0.0000000000
91784  -43.001  27.792  24.441 0.0000000000
92435  -43.224  29.545  22.060 0.0000000000
135161  -43.005  29.018  22.569 0.0000000000
130153  -42.782  29.562  21.291 0.0000000000
138775  -42.067  29.074  21.077 0.0000000000
92443  -42.432  29.567  20.637 0.0000000000
90555  -46.217  26.656  12.183 0.0000000000
141511  -45.896  26.199  11.715 0.0000000000
124253  -44.780  25.423  9.745 0.0000000000
89875  -45.299  25.574  10.535 0.0000000000
129596  -43.950  25.017  9.965 0.0000000000
89882  -43.729  25.059  10.624 0.0000000000
89889  -43.371  25.117  9.326 0.0000000000
89230  -42.950  24.997  8.761 0.0000000000
89899  -43.666  25.309  8.382 0.0000000000
89247  -43.880  24.671  4.612 0.0000000000
89253  -41.926  23.789  4.786 0.0000000000
89254  -42.989  24.334  4.221 0.0000000000
88604  -42.123  23.689  3.719 0.0000000000
89261  -42.970  24.440  3.917 0.0000000000
138919  -43.227  26.428  3.469 0.0000000000
90627  -42.428  26.513  3.572 0.0000000000
90620  -42.016  26.877  4.174 0.0000000000
90619  -41.089  26.536  4.868 0.0000000000
90609  -41.975  27.142  5.077 0.0000000000
91880  -42.450  28.660  11.561 0.0000000000
91887  -42.456  28.259  10.730 0.0000000000
135681  -41.432  28.452  11.829 0.0000000000
91224  -39.536  27.757  12.139 0.0000000000
91858  -38.661  28.628  13.437 0.0000000000
87064  -46.752  22.018  18.640 0.0000000000
87795  -47.351  22.815  19.238 0.0000000000
87784  -46.854  23.191  19.694 0.0000000000
89141  -45.938  24.767  20.008 0.0000000000
134049  -45.927  25.039  19.360 0.0000000000
88469  -44.947  23.156  21.824 0.0000000000
87771  -45.242  22.744  21.318 0.0000000000
89115  -44.975  23.969  21.438 0.0000000000
89126  -43.874  24.489  20.421 0.0000000000
89139  -43.798  24.458  19.760 0.0000000000
88486  -40.308  23.808  19.245 0.0000000000
88496  -40.878  23.375  18.838 0.0000000000
88495  -40.025  23.424  18.546 0.0000000000
87791  -39.788  22.985  17.884 0.0000000000
88494  -39.408  23.695  18.126 0.0000000000
118834  -47.094  31.035  21.315 0.0000000000
93699  -47.888  30.972  20.635 0.0000000000
93732  -48.223  30.818  17.973 0.0000000000
141840  -47.300  30.908  18.398 0.0000000000
119487  -46.433  30.618  16.944 0.0000000000
93112  -47.069  30.376  16.272 0.0000000000
93747  -50.042  31.115  15.434 0.0000000000
93125  -49.704  30.683  15.572 0.0000000000
124368  -49.384  30.264  15.014 0.0000000000
91864  -49.405  28.969  12.778 0.0000000000
123635  -48.826  29.373  13.525 0.0000000000
143140  -48.375  28.819  13.142 0.0000000000
92504  -47.655  29.093  13.742 0.0000000000
91863  -47.467  28.449  13.208 0.0000000000
91872  -47.332  27.818  12.555 0.0000000000
91228  -48.107  27.795  11.684 0.0000000000
142285  -48.644  27.574  8.989 0.0000000000
90579  -48.294  27.260  8.607 0.0000000000
90590  -48.147  27.198  7.677 0.0000000000
90603  -48.004  27.676  6.724 0.0000000000
91277  -47.474  28.005  6.364 0.0000000000
91904  -47.953  28.130  6.712 0.0000000000
130049  -46.728  28.613  7.915 0.0000000000
91896  -46.226  28.766  8.884 0.0000000000
92520  -47.316  30.378  10.655 0.0000000000
120566  -45.183  29.923  11.479 0.0000000000
91882  -44.782  29.129  10.712 0.0000000000
93145  -42.888  30.744  12.689 0.0000000000
92502  -42.078  30.486  12.890 0.0000000000
82852  -42.195  15.924  8.242 0.0000000000
135586  -40.929  16.233  8.681 0.0000000000
87012  -42.693  21.467  25.546 0.0000000000
87002  -42.130  21.598  26.198 0.0000000000
87753  -42.722  22.574  27.268 0.0000000000
142992  -42.935  22.011  26.979 0.0000000000
88449  -43.046  23.129  27.287 0.0000000000
132170  -41.284  24.153  29.325 0.0000000000
88427  -41.680  23.746  28.885 0.0000000000
88428  -42.497  24.025  28.983 0.0000000000
89088  -44.305  24.669  29.049 0.0000000000
89087  -43.591  24.330  28.858 0.0000000000
142169  -44.220  24.675  28.187 0.0000000000
123870  -43.824  24.445  27.814 0.0000000000
89794  -44.252  25.142  27.672 0.0000000000
90476  -44.350  26.181  27.317 0.0000000000
139213  -45.042  26.480  27.655 0.0000000000
91125  -46.552  27.058  27.985 0.0000000000
91136  -45.971  27.756  26.978 0.0000000000
124643  -46.708  28.204  26.796 0.0000000000
91778  -46.897  28.714  26.186 0.0000000000
93024  -45.560  30.012  27.505 0.0000000000
91760  -44.684  28.747  28.511 0.0000000000
92380  -45.801  28.948  28.622 0.0000000000
91747  -46.562  28.246  29.193 0.0000000000
92381  -46.902  28.980  28.659 0.0000000000
93038  -48.852  30.011  27.057 0.0000000000
92394  -48.315  29.436  27.566 0.0000000000
92414  -48.683  29.775  26.663 0.0000000000
128792  -47.675  29.829  25.533 0.0000000000
121227  -48.093  30.569  24.814 0.0000000000
93065  -48.722  31.128  24.432 0.0000000000
94322  -49.366  32.593  23.846 0.0000000000
136372  -48.874  31.817  23.605 0.0000000000
94325  -48.930  32.215  22.263 0.0000000000
94328  -49.208  32.270  21.327 0.0000000000
121968  -49.420  32.847  22.087 0.0000000000
86340  -52.331  21.339  14.644 0.0000000000
85493  -50.665  19.971  15.547 0.0000000000
86324  -50.648  20.752  15.361 0.0000000000
87102  -49.815  21.662  16.096 0.0000000000
84594  -50.767  18.471  18.262 0.0000000000
84609  -51.410  18.757  17.727 0.0000000000
84621  -51.146  18.977  16.846 0.0000000000
84618  -47.933  19.033  16.690 0.0000000000
134062  -48.686  18.883  16.457 0.0000000000
85480  -47.757  19.706  16.668 0.0000000000
86313  -48.114  20.577  16.597 0.0000000000
85479  -47.259  20.112  16.919 0.0000000000
86306  -46.703  20.548  17.406 0.0000000000
85457  -45.425  19.490  18.077 0.0000000000
86305  -45.981  20.028  17.696 0.0000000000
136432  -45.251  21.344  19.159 0.0000000000
85456  -44.892  19.661  18.519 0.0000000000
83636  -46.170  17.187  19.090 0.0000000000
83655  -45.767  17.740  18.483 0.0000000000
83635  -45.206  17.338  19.078 0.0000000000
84577  -43.509  18.523  19.796 0.0000000000
84578  -44.183  18.657  19.279 0.0000000000
85446  -43.841  19.465  19.598 0.0000000000
86282  -43.668  20.662  20.741 0.0000000000
83529  -45.538  17.183  29.164 0.0000000000
118424  -46.178  17.428  28.849 0.0000000000
83535  -45.008  16.972  28.707 0.0000000000
82632  -41.268  16.625  28.850 0.0000000000
134839  -42.719  16.844  28.217 0.0000000000
82661  -43.887  16.793  27.053 0.0000000000
82649  -44.051  16.939  27.766 0.0000000000
82662  -44.660  16.902  27.218 0.0000000000
83544  -45.514  17.003  27.473 0.0000000000
83552  -46.108  17.057  26.884 0.0000000000
129155  -45.305  16.615  25.074 0.0000000000
82676  -46.037  16.834  25.531 0.0000000000
82689  -46.144  16.855  24.563 0.0000000000
83568  -46.894  17.092  24.437 0.0000000000
121462  -45.891  16.698  23.695 0.0000000000
134648  -43.119  16.171  23.956 0.0000000000
119176  -43.850  16.256  23.297 0.0000000000
134639  -43.006  16.138  22.848 0.0000000000
141494  -43.252  16.303  22.206 0.0000000000
86260  -39.972  20.035  22.702 0.0000000000
86253  -40.299  20.648  23.032 0.0000000000
87022  -40.003  20.878  23.841 0.0000000000
138981  -40.583  21.268  24.352 0.0000000000
85393  -36.733  19.367  25.868 0.0000000000
86239  -37.182  19.868  25.744 0.0000000000
86983  -37.625  21.438  27.700 0.0000000000
86984  -38.449  21.618  27.505 0.0000000000
87748  -38.125  22.197  27.953 0.0000000000
87739  -38.670  22.866  28.179 0.0000000000
87904  -51.205  22.461  8.033 0.0000000000
87890  -50.734  22.665  8.547 0.0000000000
87888  -49.027  22.411  8.591 0.0000000000
87171  -47.931  22.105  8.292 0.0000000000
87912  -48.313  21.916  7.647 0.0000000000
89155  -48.074  25.156  19.020 0.0000000000
121558  -47.985  25.735  18.465 0.0000000000
88518  -45.973  24.417  16.881 0.0000000000
87817  -43.956  21.654  16.341 0.0000000000
87828  -44.723  22.034  16.131 0.0000000000
87126  -45.765  21.080  13.244 0.0000000000
87113  -45.600  21.349  14.493 0.0000000000
87114  -46.322  21.507  13.941 0.0000000000
87839  -47.004  21.948  14.005 0.0000000000
87127  -46.660  21.434  13.229 0.0000000000
87138  -47.050  21.457  12.475 0.0000000000
87162  -46.556  21.487  9.733 0.0000000000
87179  -46.581  21.575  7.313 0.0000000000
87169  -45.886  21.454  7.468 0.0000000000
86413  -44.896  20.245  7.421 0.0000000000
85563  -43.528  19.168  7.468 0.0000000000
86379  -42.230  20.369  11.555 0.0000000000
86392  -43.363  20.361  10.513 0.0000000000
86391  -42.493  20.213  10.765 0.0000000000
85577  -43.045  18.389  7.044 0.0000000000
84714  -42.151  18.075  7.738 0.0000000000
83796  -42.242  16.883  7.697 0.0000000000
140114  -40.912  16.576  8.513 0.0000000000
87763  -43.904  21.905  25.259 0.0000000000
88456  -43.413  22.918  25.474 0.0000000000
89101  -41.677  24.552  24.637 0.0000000000
88455  -42.562  23.854  24.531 0.0000000000
89105  -41.432  24.432  23.781 0.0000000000
89104  -40.651  24.750  23.250 0.0000000000
91157  -41.365  27.238  23.666 0.0000000000
90496  -40.954  26.375  23.909 0.0000000000
120859  -40.729  26.876  23.342 0.0000000000
91162  -39.530  26.924  21.218 0.0000000000
90501  -39.893  26.265  22.526 0.0000000000
90503  -39.505  26.270  21.796 0.0000000000
89107  -39.892  25.007  21.998 0.0000000000
89811  -39.430  25.564  21.523 0.0000000000
89122  -39.525  24.748  20.243 0.0000000000
89817  -39.237  25.472  20.647 0.0000000000
90519  -39.190  26.234  18.239 0.0000000000
89832  -38.959  25.263  18.820 0.0000000000
126826  -39.006  24.836  17.048 0.0000000000
89840  -39.258  25.096  16.102 0.0000000000
93708  -45.837  31.020  20.103 0.0000000000
93078  -45.191  30.853  20.849 0.0000000000
93707  -45.179  30.886  19.259 0.0000000000
93100  -43.963  30.086  17.336 0.0000000000
128248  -43.684  30.274  17.943 0.0000000000
92470  -43.101  29.854  17.586 0.0000000000
92461  -42.393  29.685  18.374 0.0000000000
92476  -42.724  29.321  16.878 0.0000000000
142037  -44.508  26.912  13.513 0.0000000000
118464  -44.476  27.552  14.071 0.0000000000
91214  -43.891  26.824  13.864 0.0000000000
90542  -42.458  26.555  14.445 0.0000000000
91206  -42.690  27.198  14.868 0.0000000000
91198  -41.997  27.344  15.490 0.0000000000
91193  -42.137  27.964  16.000 0.0000000000
91192  -41.334  27.467  16.213 0.0000000000
141028  -41.389  26.906  15.539 0.0000000000
89856  -40.815  25.215  13.950 0.0000000000
89851  -40.389  25.450  14.608 0.0000000000
89188  -40.114  24.826  14.160 0.0000000000
89187  -39.620  24.332  14.350 0.0000000000
120591  -39.818  24.254  13.680 0.0000000000
88546  -39.441  23.488  13.287 0.0000000000
89193  -39.955  24.225  12.893 0.0000000000
89205  -39.832  24.099  11.069 0.0000000000
88560  -39.172  23.370  11.350 0.0000000000
88566  -38.967  22.898  10.676 0.0000000000
123540  -39.198  22.877  9.849 0.0000000000
127327  -41.742  24.401  7.991 0.0000000000
89220  -40.691  24.302  8.996 0.0000000000
89227  -40.838  24.011  8.096 0.0000000000
87911  -39.512  22.317  7.063 0.0000000000
88576  -39.679  23.023  7.811 0.0000000000
87899  -39.359  22.245  7.974 0.0000000000
140599  -39.047  22.061  8.934 0.0000000000
87177  -39.108  21.294  8.121 0.0000000000
129241  -39.202  20.484  8.284 0.0000000000
126225  -39.047  20.602  7.427 0.0000000000
85588  -39.029  19.933  6.919 0.0000000000
85576  -39.039  19.415  7.383 0.0000000000
85575  -38.887  19.381  7.188 0.0000000000
143181  -39.434  18.332  8.221 0.0000000000
84721  -38.613  18.866  7.912 0.0000000000
89258  -39.994  23.487  3.806 0.0000000000
88595  -39.241  22.859  4.486 0.0000000000
135515  -39.000  23.389  5.207 0.0000000000
88580  -38.025  23.460  7.231 0.0000000000
87910  -37.907  22.287  6.855 0.0000000000
91275  -45.932  28.006  5.344 0.0000000000
90600  -45.108  27.974  5.075 0.0000000000
91274  -44.674  27.428  6.456 0.0000000000
90597  -41.265  26.639  6.826 0.0000000000
143101  -40.368  26.750  7.517 0.0000000000
91247  -41.240  27.707  10.472 0.0000000000
91256  -41.259  27.389  9.626 0.0000000000
90576  -39.715  26.848  8.841 0.0000000000
90585  -39.202  26.735  7.997 0.0000000000
90584  -38.534  26.430  8.270 0.0000000000
89898  -37.949  26.082  8.544 0.0000000000
90574  -38.028  26.447  9.228 0.0000000000
89880  -36.978  25.914  10.057 0.0000000000
89211  -37.050  24.681  10.568 0.0000000000
133403  -36.579  24.866  11.343 0.0000000000
89871  -36.233  25.703  11.382 0.0000000000
89870  -35.841  26.259  11.819 0.0000000000
139155  -35.486  25.961  12.202 0.0000000000
90547  -35.354  26.534  12.435 0.0000000000
121004  -35.892  27.958  13.824 0.0000000000
126559  -35.665  27.555  13.258 0.0000000000
91211  -34.631  27.060  13.408 0.0000000000
94390  -39.522  32.620  12.700 0.0000000000
94381  -39.146  32.315  13.408 0.0000000000
94380  -38.370  32.563  13.683 0.0000000000
93753  -37.966  32.030  14.286 0.0000000000
87034  -44.185  21.571  23.204 0.0000000000
87764  -44.197  21.966  24.474 0.0000000000
94374  -49.359  32.673  14.578 0.0000000000
94383  -48.938  32.638  13.319 0.0000000000
94409  -48.762  32.191  11.937 0.0000000000
94393  -48.147  32.910  12.312 0.0000000000
95136  -47.444  33.470  11.968 0.0000000000
85565  -45.774  19.292  6.832 0.0000000000
89769  -38.745  25.087  29.400 0.0000000000
119802  -49.253  17.501  21.798 0.0000000000
83600  -48.496  17.180  21.570 0.0000000000
83599  -47.778  16.912  21.157 0.0000000000
82653  -36.509  17.013  26.485 0.0000000000
83551  -36.020  17.561  26.708 0.0000000000
87088  -50.121  22.715  16.460 0.0000000000
87821  -50.133  23.717  16.582 0.0000000000
87810  -49.851  24.205  17.005 0.0000000000
87070  -40.746  21.723  17.316 0.0000000000
87083  -41.359  21.186  16.854 0.0000000000
87082  -40.315  21.235  16.617 0.0000000000
86318  -40.495  20.898  15.720 0.0000000000
122632  -40.830  20.850  14.901 0.0000000000
86350  -40.796  20.644  13.425 0.0000000000
86334  -40.354  20.932  14.141 0.0000000000
86349  -39.841  21.248  13.628 0.0000000000
87124  -39.424  21.629  13.134 0.0000000000
91786  -44.533  28.396  24.917 0.0000000000
91793  -44.313  28.661  24.276 0.0000000000
92432  -44.003  29.027  23.538 0.0000000000
92441  -44.105  29.872  22.255 0.0000000000
92440  -43.635  30.100  21.330 0.0000000000
140977  -46.488  26.133  8.929 0.0000000000
89892  -46.299  25.954  9.929 0.0000000000
122518  -45.264  25.493  8.656 0.0000000000
89900  -44.728  25.336  7.927 0.0000000000
89909  -44.169  25.259  7.155 0.0000000000
121079  -44.931  25.321  5.720 0.0000000000
140831  -44.563  24.982  3.940 0.0000000000
89262  -43.606  25.016  3.579 0.0000000000
89931  -45.054  25.644  3.987 0.0000000000
90628  -44.150  26.279  3.722 0.0000000000
137789  -44.203  27.002  4.236 0.0000000000
140519  -41.474  28.853  12.330 0.0000000000
92510  -41.456  29.339  12.689 0.0000000000
137678  -40.760  29.103  12.938 0.0000000000
91859  -39.457  28.789  13.255 0.0000000000
93139  -39.560  30.617  13.669 0.0000000000
87783  -46.097  22.723  20.072 0.0000000000
88478  -45.666  23.515  20.722 0.0000000000
119469  -43.005  24.175  20.198 0.0000000000
89138  -41.850  24.032  19.950 0.0000000000
89137  -39.894  24.234  19.756 0.0000000000
93700  -48.747  31.313  20.826 0.0000000000
121790  -48.114  30.898  19.759 0.0000000000
121311  -49.241  30.882  19.566 0.0000000000
93103  -48.906  30.545  17.167 0.0000000000
93141  -49.654  30.342  13.581 0.0000000000
93134  -49.334  29.945  14.187 0.0000000000
91875  -49.994  29.268  12.259 0.0000000000
91874  -49.618  28.731  11.792 0.0000000000
91229  -49.060  28.188  11.462 0.0000000000
91251  -49.544  28.052  9.934 0.0000000000
91898  -48.551  28.488  8.067 0.0000000000
91890  -48.205  29.036  8.716 0.0000000000
121889  -46.566  30.744  11.276 0.0000000000
93152  -44.508  30.344  12.098 0.0000000000
93768  -43.753  31.228  12.418 0.0000000000
87757  -41.289  21.866  26.802 0.0000000000
87743  -42.068  23.117  27.773 0.0000000000
89771  -42.440  24.972  29.913 0.0000000000
89073  -42.753  24.377  29.470 0.0000000000
121598  -43.332  24.731  29.699 0.0000000000
89075  -44.431  24.949  29.306 0.0000000000
89774  -44.906  25.318  29.142 0.0000000000
90465  -45.881  26.136  29.139 0.0000000000
90479  -46.724  26.707  28.802 0.0000000000
91126  -47.329  27.328  28.443 0.0000000000
93025  -46.596  30.195  27.646 0.0000000000
92392  -47.267  29.642  28.165 0.0000000000
93037  -47.808  30.903  27.231 0.0000000000
93647  -48.959  30.756  27.042 0.0000000000
93039  -49.032  30.637  26.598 0.0000000000
93674  -49.170  31.203  24.850 0.0000000000
93667  -49.248  31.463  25.851 0.0000000000
94311  -49.382  32.390  24.748 0.0000000000
86326  -52.876  20.613  15.179 0.0000000000
85494  -51.662  19.946  15.680 0.0000000000
83660  -50.247  18.087  18.840 0.0000000000
84593  -49.810  18.239  17.846 0.0000000000
133780  -49.835  18.529  16.990 0.0000000000
84606  -48.307  18.402  17.085 0.0000000000
85467  -46.631  19.599  17.324 0.0000000000
126336  -46.745  18.728  17.424 0.0000000000
84591  -45.488  18.592  18.241 0.0000000000
82760  -44.963  16.975  19.888 0.0000000000
139597  -44.577  17.437  19.495 0.0000000000
85435  -42.484  19.444  20.581 0.0000000000
82647  -42.426  16.727  27.320 0.0000000000
124063  -44.501  16.665  26.436 0.0000000000
82674  -44.579  16.487  25.562 0.0000000000
82687  -44.459  16.421  24.648 0.0000000000
138485  -43.682  16.302  24.578 0.0000000000
84541  -39.267  18.533  23.230 0.0000000000
85409  -38.958  19.401  23.433 0.0000000000
87021  -39.166  20.668  24.143 0.0000000000
86247  -38.523  20.361  24.603 0.0000000000
86240  -38.336  20.578  25.394 0.0000000000
87878  -49.974  22.512  9.389 0.0000000000
120992  -48.237  21.743  10.667 0.0000000000
89165  -47.199  25.739  18.153 0.0000000000
88509  -46.152  25.164  17.742 0.0000000000
87111  -43.776  20.810  15.023 0.0000000000
87125  -44.833  20.938  13.762 0.0000000000
86369  -45.501  21.113  12.172 0.0000000000
124998  -46.002  21.336  11.586 0.0000000000
86402  -45.226  20.900  8.091 0.0000000000
130414  -44.971  20.787  9.311 0.0000000000
86400  -43.646  19.982  9.420 0.0000000000
85532  -41.760  19.933  10.082 0.0000000000
85559  -39.487  18.866  8.094 0.0000000000
88453  -43.279  22.983  26.355 0.0000000000
91795  -41.131  28.090  22.093 0.0000000000
91160  -40.549  27.553  22.050 0.0000000000
91800  -40.781  28.181  21.424 0.0000000000
91165  -39.670  27.502  20.564 0.0000000000
90505  -39.333  26.862  20.551 0.0000000000
90513  -39.149  26.294  20.034 0.0000000000
91173  -39.668  27.477  19.163 0.0000000000
91180  -39.498  27.080  18.575 0.0000000000
90525  -39.639  26.784  17.280 0.0000000000
93093  -45.162  30.597  17.850 0.0000000000
93092  -44.720  30.709  18.541 0.0000000000
93101  -44.642  30.349  17.311 0.0000000000
92478  -44.470  29.988  16.558 0.0000000000
92483  -43.938  29.376  15.910 0.0000000000
89865  -43.683  25.782  12.727 0.0000000000
89859  -42.866  25.731  13.292 0.0000000000
141654  -42.262  25.701  13.698 0.0000000000
89853  -41.885  26.020  14.335 0.0000000000
89857  -41.537  25.437  13.690 0.0000000000
89201  -41.356  24.904  12.960 0.0000000000
89200  -40.631  24.598  12.676 0.0000000000
89199  -40.108  24.350  12.002 0.0000000000
89245  -41.043  23.529  6.336 0.0000000000
89235  -40.547  23.504  7.001 0.0000000000
88582  -39.920  22.788  6.654 0.0000000000
124411  -39.062  21.092  6.658 0.0000000000
86435  -38.914  20.527  6.850 0.0000000000
85574  -38.540  19.499  7.168 0.0000000000
86434  -38.592  20.673  6.653 0.0000000000
87197  -38.493  21.614  6.219 0.0000000000
89244  -39.136  24.575  5.706 0.0000000000
91267  -43.953  27.516  7.873 0.0000000000
91265  -41.731  27.130  8.681 0.0000000000
90552  -36.376  26.896  11.899 0.0000000000
122205  -36.942  28.366  13.790 0.0000000000
135150  -36.451  28.284  13.937 0.0000000000
91841  -35.678  28.951  14.907 0.0000000000
87770  -45.046  22.313  22.036 0.0000000000
87769  -44.582  22.631  22.635 0.0000000000
87027  -44.519  21.955  23.278 0.0000000000
140668  -42.584  23.893  22.372 0.0000000000
88462  -41.814  23.955  22.490 0.0000000000
93095  -50.678  30.984  17.895 0.0000000000
94351  -50.615  31.345  17.089 0.0000000000
93754  -49.724  31.206  14.318 0.0000000000
130864  -49.590  32.176  13.871 0.0000000000
130721  -49.887  30.570  12.799 0.0000000000
93157  -49.934  30.060  11.265 0.0000000000
93164  -49.981  29.624  10.637 0.0000000000
93163  -49.443  29.951  10.418 0.0000000000
93155  -49.038  31.004  10.747 0.0000000000
94406  -45.517  32.122  11.258 0.0000000000
83799  -43.935  17.247  6.719 0.0000000000
88441  -40.097  23.443  28.455 0.0000000000
88426  -40.746  23.766  28.982 0.0000000000
89770  -40.258  25.167  29.662 0.0000000000
138370  -41.294  24.892  29.728 0.0000000000
83639  -48.896  17.390  19.325 0.0000000000
83638  -48.032  17.167  19.202 0.0000000000
82751  -47.018  16.569  20.761 0.0000000000
82750  -46.287  16.599  20.479 0.0000000000
82748  -44.685  16.751  20.681 0.0000000000
82747  -43.802  16.820  20.724 0.0000000000
139131  -43.376  16.530  21.551 0.0000000000
82619  -41.388  16.741  29.631 0.0000000000
82618  -40.667  16.463  29.343 0.0000000000
82631  -40.527  16.359  28.594 0.0000000000
82630  -39.728  15.985  28.352 0.0000000000
131553  -41.126  16.452  28.103 0.0000000000
82646  -41.498  16.545  27.281 0.0000000000
85401  -37.853  19.151  24.523 0.0000000000
85387  -36.356  19.178  26.446 0.0000000000
84520  -36.129  18.382  26.512 0.0000000000
85381  -36.345  19.747  27.071 0.0000000000
88507  -43.677  23.355  18.216 0.0000000000
120580  -44.462  23.582  17.775 0.0000000000
87807  -44.033  22.811  17.506 0.0000000000
87816  -43.479  21.936  17.126 0.0000000000
87098  -42.652  21.064  15.984 0.0000000000
87099  -43.483  21.064  15.827 0.0000000000
86337  -43.171  20.579  14.435 0.0000000000
86353  -43.335  20.628  13.549 0.0000000000
121874  -43.505  20.660  12.687 0.0000000000
86367  -42.887  20.555  12.113 0.0000000000
86365  -41.064  20.442  12.652 0.0000000000
86378  -41.192  20.264  11.712 0.0000000000
90488  -42.951  26.303  26.176 0.0000000000
90494  -41.834  26.245  25.141 0.0000000000
91154  -42.384  27.090  24.859 0.0000000000
91153  -42.145  27.563  24.061 0.0000000000
91790  -41.894  27.973  23.275 0.0000000000
91798  -43.238  28.736  23.202 0.0000000000
91797  -42.512  28.534  22.842 0.0000000000
91796  -41.747  28.332  22.461 0.0000000000
91801  -41.562  28.576  21.648 0.0000000000
92450  -41.447  29.147  19.452 0.0000000000
91862  -46.031  28.076  13.761 0.0000000000
91861  -45.335  27.913  13.873 0.0000000000
91216  -45.864  27.545  13.355 0.0000000000
91226  -45.627  26.976  12.820 0.0000000000
90553  -44.590  26.082  12.451 0.0000000000
89874  -45.159  25.848  11.604 0.0000000000
89866  -44.238  25.644  11.859 0.0000000000
89873  -43.939  25.289  11.225 0.0000000000
89872  -43.121  25.207  11.087 0.0000000000
139937  -42.643  24.931  10.719 0.0000000000
89215  -42.054  24.733  10.347 0.0000000000
89888  -42.597  24.766  9.487 0.0000000000
89229  -42.263  24.661  8.637 0.0000000000
140379  -42.319  24.604  7.898 0.0000000000
89237  -42.352  24.499  6.993 0.0000000000
123165  -41.760  23.905  6.097 0.0000000000
88589  -41.166  23.227  5.242 0.0000000000
87934  -41.148  22.341  3.822 0.0000000000
87933  -40.774  22.261  3.899 0.0000000000
87938  -40.982  22.489  3.670 0.0000000000
88608  -41.282  23.252  3.591 0.0000000000
89259  -40.896  24.116  3.572 0.0000000000
89268  -43.029  25.445  3.502 0.0000000000
89946  -41.550  25.066  3.601 0.0000000000
89938  -40.379  24.587  4.272 0.0000000000
89930  -40.614  25.769  4.522 0.0000000000
89920  -40.093  26.206  5.503 0.0000000000
90607  -39.656  26.449  6.511 0.0000000000
91249  -42.972  28.153  9.983 0.0000000000
91237  -40.854  27.913  11.118 0.0000000000
91236  -39.932  27.569  11.264 0.0000000000
91868  -38.140  27.885  13.014 0.0000000000
91857  -37.754  28.467  13.652 0.0000000000
125142  -37.072  29.798  14.578 0.0000000000
87796  -48.297  23.513  19.085 0.0000000000
87785  -47.896  24.316  19.336 0.0000000000
89143  -47.366  24.893  19.509 0.0000000000
88489  -47.104  24.043  19.627 0.0000000000
119439  -46.629  25.094  19.457 0.0000000000
89152  -45.380  24.952  19.002 0.0000000000
89128  -45.507  24.251  20.744 0.0000000000
89127  -44.729  24.448  20.664 0.0000000000
140417  -45.213  24.707  20.179 0.0000000000
89151  -44.572  24.668  19.349 0.0000000000
87794  -42.686  22.746  18.162 0.0000000000
128092  -41.948  22.352  17.928 0.0000000000
121273  -41.841  23.563  19.161 0.0000000000
87793  -41.667  22.946  18.402 0.0000000000
87805  -41.108  22.301  17.842 0.0000000000
87804  -40.240  22.332  17.639 0.0000000000
87803  -39.627  22.528  17.260 0.0000000000
133307  -39.159  22.868  16.792 0.0000000000
125595  -46.458  30.725  22.652 0.0000000000
93073  -45.658  30.557  22.253 0.0000000000
93074  -46.361  30.909  21.833 0.0000000000
93693  -46.125  30.985  21.028 0.0000000000
93719  -46.120  30.972  19.197 0.0000000000
93720  -47.122  30.967  19.075 0.0000000000
141919  -45.716  30.693  18.106 0.0000000000
138331  -45.952  30.687  17.647 0.0000000000
93111  -46.038  30.296  16.191 0.0000000000
93132  -46.350  29.645  14.944 0.0000000000
93104  -50.096  30.622  17.334 0.0000000000
93114  -49.637  30.566  16.436 0.0000000000
93113  -48.288  30.461  16.334 0.0000000000
119898  -48.600  29.940  14.959 0.0000000000
93123  -47.767  30.168  15.600 0.0000000000
93133  -47.335  29.781  14.939 0.0000000000
92493  -46.941  29.368  14.383 0.0000000000
91217  -46.625  27.918  13.317 0.0000000000
90560  -46.628  26.495  11.337 0.0000000000
91239  -48.057  27.409  11.016 0.0000000000
90561  -47.588  26.900  10.719 0.0000000000
90578  -47.331  26.606  9.008 0.0000000000
90589  -47.231  26.409  7.916 0.0000000000
90601  -46.935  26.983  5.467 0.0000000000
90613  -46.496  27.522  4.864 0.0000000000
90614  -46.468  27.646  5.797 0.0000000000
91276  -46.803  28.051  5.911 0.0000000000
91902  -47.428  28.505  7.305 0.0000000000
91269  -46.676  28.204  7.144 0.0000000000
120831  -45.666  29.111  9.845 0.0000000000
91888  -43.895  28.548  10.306 0.0000000000
91871  -42.850  29.411  12.232 0.0000000000
92512  -43.681  29.859  12.223 0.0000000000
92511  -42.319  29.870  12.679 0.0000000000
87011  -41.649  21.365  24.665 0.0000000000
126964  -43.131  21.326  24.787 0.0000000000
86992  -42.435  21.851  26.786 0.0000000000
129559  -43.173  23.679  26.726 0.0000000000
89094  -42.958  24.492  26.553 0.0000000000
126911  -41.662  23.430  28.249 0.0000000000
88429  -43.199  24.309  29.158 0.0000000000
88444  -42.860  24.007  28.572 0.0000000000
89799  -43.518  24.846  27.031 0.0000000000
89798  -42.796  25.388  26.424 0.0000000000
120862  -43.863  26.658  26.474 0.0000000000
91134  -44.409  27.374  26.151 0.0000000000
91124  -45.471  27.071  27.460 0.0000000000
142205  -45.079  27.485  26.733 0.0000000000
91768  -45.145  28.403  25.436 0.0000000000
92423  -45.677  29.247  24.667 0.0000000000
91737  -45.824  27.664  29.509 0.0000000000
91739  -47.312  27.819  29.190 0.0000000000
91761  -47.719  27.873  27.833 0.0000000000
92393  -47.914  29.562  27.971 0.0000000000
91763  -48.115  28.975  27.747 0.0000000000
91771  -47.989  28.774  27.531 0.0000000000
92412  -47.447  29.267  26.082 0.0000000000
124218  -47.355  30.860  24.040 0.0000000000
93069  -47.215  31.128  23.186 0.0000000000
93070  -47.928  31.599  22.751 0.0000000000
93686  -48.945  31.509  24.121 0.0000000000
93690  -48.624  31.897  22.887 0.0000000000
93696  -48.814  31.804  21.343 0.0000000000
93701  -49.212  31.585  20.586 0.0000000000
93712  -49.670  31.449  19.715 0.0000000000
95048  -49.480  33.181  21.218 0.0000000000
133394  -50.859  21.629  15.338 0.0000000000
87103  -50.694  22.482  15.781 0.0000000000
87087  -49.097  21.731  16.640 0.0000000000
87086  -48.218  21.500  17.010 0.0000000000
85483  -50.882  19.392  16.097 0.0000000000
85482  -50.004  19.418  15.959 0.0000000000
84619  -49.486  18.845  16.407 0.0000000000
131787  -49.194  19.553  16.034 0.0000000000
87073  -48.010  21.880  17.747 0.0000000000
87072  -47.103  21.496  17.878 0.0000000000
87063  -45.877  21.683  18.838 0.0000000000
86291  -44.821  21.545  19.916 0.0000000000
83656  -46.595  17.502  18.347 0.0000000000
83634  -44.620  17.991  19.086 0.0000000000
84590  -44.769  18.775  18.670 0.0000000000
86290  -44.274  20.423  19.674 0.0000000000
86283  -44.271  21.103  20.487 0.0000000000
86270  -43.584  20.896  21.553 0.0000000000
86263  -42.664  20.789  22.458 0.0000000000
84542  -48.507  17.667  23.936 0.0000000000
84500  -46.874  17.713  29.061 0.0000000000
84509  -47.343  18.066  28.402 0.0000000000
82621  -43.639  17.056  29.111 0.0000000000
134718  -43.476  16.989  28.336 0.0000000000
82635  -44.262  17.005  28.568 0.0000000000
83536  -45.737  17.181  28.302 0.0000000000
83538  -47.034  17.877  27.626 0.0000000000
123852  -46.825  17.586  26.893 0.0000000000
83554  -47.321  17.645  26.089 0.0000000000
82663  -45.881  16.845  26.259 0.0000000000
125303  -47.409  17.289  24.606 0.0000000000
83569  -47.315  17.186  24.018 0.0000000000
82701  -47.146  16.895  23.471 0.0000000000
82700  -46.502  16.651  23.176 0.0000000000
121791  -45.615  16.444  22.811 0.0000000000
119615  -44.565  16.397  23.782 0.0000000000
82714  -43.915  16.257  22.338 0.0000000000
82730  -42.605  16.933  21.374 0.0000000000
134531  -41.368  16.267  25.076 0.0000000000
82696  -41.408  16.471  23.224 0.0000000000
82713  -42.073  16.336  22.644 0.0000000000
82729  -41.841  16.892  21.846 0.0000000000
87031  -41.374  20.882  23.018 0.0000000000
124331  -40.680  21.484  25.053 0.0000000000
86991  -40.339  21.645  26.435 0.0000000000
138410  -37.731  20.318  25.747 0.0000000000
88439  -38.344  23.430  28.690 0.0000000000
123058  -38.047  23.900  29.097 0.0000000000
88438  -37.012  22.984  28.608 0.0000000000
88423  -37.562  23.527  28.884 0.0000000000
89069  -38.147  24.473  29.330 0.0000000000
87192  -50.012  22.260  7.576 0.0000000000
87889  -49.973  22.640  8.289 0.0000000000
87902  -49.567  22.461  7.798 0.0000000000
87191  -49.497  21.978  7.437 0.0000000000
87190  -48.698  21.716  7.506 0.0000000000
87189  -47.808  21.389  7.361 0.0000000000
87188  -46.732  21.142  6.999 0.0000000000
87797  -49.182  24.210  18.553 0.0000000000
89156  -48.838  25.360  18.335 0.0000000000
89174  -49.022  25.651  17.212 0.0000000000
89173  -48.143  25.537  16.877 0.0000000000
87808  -44.766  23.217  17.159 0.0000000000
87818  -45.101  22.867  16.475 0.0000000000
87101  -45.104  21.652  15.431 0.0000000000
87152  -47.448  21.530  11.524 0.0000000000
87163  -47.358  21.688  10.244 0.0000000000
87151  -46.630  21.473  10.966 0.0000000000
120217  -47.220  21.917  8.977 0.0000000000
130737  -47.128  21.849  8.000 0.0000000000
128908  -46.516  20.619  6.786 0.0000000000
86427  -46.146  20.696  6.487 0.0000000000
86426  -45.891  20.471  6.460 0.0000000000
85580  -45.661  19.649  6.760 0.0000000000
86425  -45.329  19.960  6.766 0.0000000000
85579  -44.722  18.930  6.784 0.0000000000
84730  -44.152  18.197  6.586 0.0000000000
83805  -43.586  17.185  6.616 0.0000000000
85547  -43.238  19.467  8.638 0.0000000000
84724  -43.464  17.905  6.615 0.0000000000
83797  -42.977  16.402  6.882 0.0000000000
83789  -41.470  16.406  8.249 0.0000000000
88460  -43.019  23.512  23.993 0.0000000000
121901  -40.947  24.186  22.235 0.0000000000
90497  -41.272  25.818  24.592 0.0000000000
89804  -40.783  25.533  23.983 0.0000000000
119842  -40.314  26.913  22.728 0.0000000000
89808  -40.409  25.340  23.380 0.0000000000
89103  -40.149  25.183  22.739 0.0000000000
89108  -40.454  24.577  22.491 0.0000000000
89112  -40.365  24.339  21.642 0.0000000000
89123  -40.227  24.246  20.707 0.0000000000
89136  -39.291  24.631  19.344 0.0000000000
137907  -39.077  25.995  19.194 0.0000000000
89150  -39.094  24.437  18.459 0.0000000000
89163  -38.954  24.103  17.535 0.0000000000
142770  -38.960  23.538  16.966 0.0000000000
88516  -38.932  23.454  16.256 0.0000000000
93072  -44.752  30.442  21.675 0.0000000000
93077  -44.255  30.600  20.744 0.0000000000
93076  -43.557  30.356  20.527 0.0000000000
93091  -43.938  30.525  18.531 0.0000000000
93085  -43.520  30.434  19.210 0.0000000000
122743  -43.200  30.232  19.922 0.0000000000
92452  -42.850  29.946  19.208 0.0000000000
92451  -42.072  29.581  19.315 0.0000000000
92468  -41.813  29.078  17.917 0.0000000000
91853  -44.938  28.456  14.508 0.0000000000
91843  -43.570  28.636  15.470 0.0000000000
91207  -43.572  27.373  14.498 0.0000000000
121732  -43.212  27.896  15.144 0.0000000000
91835  -43.135  29.033  16.156 0.0000000000
91834  -42.358  28.718  16.363 0.0000000000
91827  -41.356  28.531  17.466 0.0000000000
91186  -40.923  27.877  17.068 0.0000000000
91191  -40.383  27.207  16.710 0.0000000000
90530  -39.885  26.498  16.443 0.0000000000
90541  -40.913  26.230  15.068 0.0000000000
121650  -39.892  25.681  15.394 0.0000000000
90529  -39.644  25.887  16.135 0.0000000000
89180  -39.056  24.208  15.670 0.0000000000
88527  -38.976  23.378  15.394 0.0000000000
135829  -39.209  23.095  13.926 0.0000000000
87847  -39.228  22.485  13.425 0.0000000000
87858  -39.161  22.164  12.709 0.0000000000
88553  -39.440  23.588  12.285 0.0000000000
87160  -39.097  21.136  10.220 0.0000000000
89221  -41.084  24.585  9.744 0.0000000000
88572  -40.227  24.239  9.561 0.0000000000
137266  -39.678  23.642  9.407 0.0000000000
87168  -39.107  20.961  9.162 0.0000000000
84711  -39.456  18.545  8.164 0.0000000000
87926  -39.118  22.497  5.045 0.0000000000
87919  -38.626  22.261  5.613 0.0000000000
88587  -38.434  22.662  6.207 0.0000000000
90612  -45.855  27.789  4.726 0.0000000000
90611  -44.782  27.546  4.718 0.0000000000
90610  -43.478  27.233  4.928 0.0000000000
91257  -42.361  27.483  9.380 0.0000000000
91255  -40.312  27.191  9.330 0.0000000000
90587  -41.060  26.860  7.999 0.0000000000
136977  -39.674  26.800  7.536 0.0000000000
90595  -39.255  26.693  7.221 0.0000000000
89897  -37.519  25.540  8.867 0.0000000000
89219  -37.299  24.932  9.326 0.0000000000
89886  -37.277  25.704  9.527 0.0000000000
120411  -37.370  24.348  9.910 0.0000000000
89862  -35.891  25.409  12.028 0.0000000000
91220  -35.868  27.243  12.566 0.0000000000
91849  -34.656  27.723  14.666 0.0000000000
93775  -42.704  31.904  11.961 0.0000000000
93767  -41.933  31.730  12.443 0.0000000000
93760  -41.394  31.451  13.036 0.0000000000
94391  -40.469  32.292  12.494 0.0000000000
93759  -40.716  31.766  13.133 0.0000000000
118700  -40.194  31.308  13.460 0.0000000000
129410  -38.938  31.090  13.885 0.0000000000
93757  -38.712  31.813  13.918 0.0000000000
93130  -37.511  30.588  14.502 0.0000000000
83806  -44.006  17.672  6.553 0.0000000000
84715  -44.533  17.659  6.858 0.0000000000
84729  -43.842  17.931  6.544 0.0000000000
86312  -41.073  20.789  16.249 0.0000000000
86354  -44.128  20.749  13.228 0.0000000000
87180  -50.425  21.997  7.529 0.0000000000
87837  -39.279  22.319  14.342 0.0000000000
87913  -49.153  22.109  7.532 0.0000000000
87927  -39.964  22.340  4.380 0.0000000000
87932  -40.379  22.495  3.781 0.0000000000
88537  -39.109  23.218  14.597 0.0000000000
88602  -40.487  23.016  3.659 0.0000000000
88603  -41.461  22.817  3.821 0.0000000000
89091  -43.976  24.469  28.541 0.0000000000
89228  -41.403  24.456  8.844 0.0000000000
89260  -42.188  23.518  3.854 0.0000000000
89267  -42.685  24.729  3.668 0.0000000000
89772  -43.910  25.101  29.745 0.0000000000
89773  -44.576  25.366  29.546 0.0000000000
89796  -45.269  25.620  28.772 0.0000000000
89807  -40.055  25.718  22.869 0.0000000000
89858  -42.701  26.103  13.961 0.0000000000
89883  -44.384  25.251  10.578 0.0000000000
89921  -44.748  25.100  4.660 0.0000000000
89939  -41.137  25.311  3.750 0.0000000000
89940  -41.868  25.856  3.357 0.0000000000
89941  -42.730  26.037  3.327 0.0000000000
89947  -42.239  25.363  3.492 0.0000000000
90466  -46.598  26.705  29.238 0.0000000000
90477  -44.930  25.724  28.130 0.0000000000
90548  -43.418  26.219  13.562 0.0000000000
90559  -46.078  25.919  10.971 0.0000000000
91095  -44.248  26.609  29.628 0.0000000000
91096  -45.074  27.120  29.588 0.0000000000
91097  -47.359  27.454  29.167 0.0000000000
91098  -47.698  27.887  28.997 0.0000000000
91113  -47.247  27.068  29.041 0.0000000000
91114  -47.673  27.784  28.736 0.0000000000
91135  -45.122  27.953  26.137 0.0000000000
91163  -40.065  27.604  21.308 0.0000000000
91225  -44.886  26.666  12.944 0.0000000000
91240  -48.925  27.839  10.770 0.0000000000
91270  -48.352  27.989  7.276 0.0000000000
91738  -46.728  27.456  29.416 0.0000000000
91748  -47.426  28.343  29.112 0.0000000000
91750  -48.020  28.875  28.122 0.0000000000
91762  -47.910  28.451  28.207 0.0000000000
91770  -47.440  28.397  27.179 0.0000000000
91776  -44.395  27.929  25.451 0.0000000000
91777  -45.913  28.800  25.354 0.0000000000
91787  -45.061  28.833  24.762 0.0000000000
91792  -43.511  28.431  23.960 0.0000000000
91821  -41.127  28.688  18.257 0.0000000000
91826  -40.657  28.148  17.852 0.0000000000
91828  -42.041  28.905  17.131 0.0000000000
91842  -42.811  28.352  15.735 0.0000000000
91854  -45.716  28.526  14.200 0.0000000000
91903  -48.004  28.379  7.162 0.0000000000
92382  -47.727  29.092  28.535 0.0000000000
92402  -48.169  29.434  26.504 0.0000000000
92403  -48.388  29.335  27.208 0.0000000000
92413  -48.475  30.080  25.889 0.0000000000
92438  -45.200  29.871  23.371 0.0000000000
92460  -41.599  29.191  18.725 0.0000000000
92492  -45.996  29.156  14.549 0.0000000000
92506  -49.955  29.838  12.641 0.0000000000
93026  -47.748  30.320  27.681 0.0000000000
93036  -46.917  30.699  27.065 0.0000000000
93047  -49.195  30.950  25.806 0.0000000000
93054  -48.900  30.644  25.338 0.0000000000
93063  -46.564  30.564  23.612 0.0000000000
93086  -44.762  30.804  20.011 0.0000000000
93105  -50.707  30.897  17.510 0.0000000000
93106  -50.741  30.934  17.129 0.0000000000
93121  -45.242  30.105  16.130 0.0000000000
93148  -49.991  30.369  12.058 0.0000000000
93646  -48.382  30.691  27.320 0.0000000000
93657  -49.153  31.122  26.411 0.0000000000
93675  -49.370  31.598  25.196 0.0000000000
93685  -48.543  31.596  23.596 0.0000000000
93691  -49.091  32.124  23.281 0.0000000000
93698  -46.765  31.008  20.586 0.0000000000
93710  -48.885  30.936  20.221 0.0000000000
93730  -46.334  30.832  18.378 0.0000000000
93734  -50.766  30.983  17.513 0.0000000000
93741  -50.436  31.125  16.473 0.0000000000
93782  -49.822  31.012  11.550 0.0000000000
94283  -49.099  31.732  26.108 0.0000000000
94298  -49.290  32.116  25.519 0.0000000000
94360  -50.255  31.859  16.561 0.0000000000
118516  -39.384  27.194  19.895 0.0000000000
119374  -44.307  30.734  19.236 0.0000000000
120178  -39.191  24.017  14.802 0.0000000000
120207  -40.429  28.362  19.711 0.0000000000
120861  -42.507  26.588  25.522 0.0000000000
122577  -50.042  31.355  19.054 0.0000000000
124219  -50.158  30.845  16.194 0.0000000000
125059  -44.323  25.302  3.618 0.0000000000
125577  -40.249  27.046  8.784 0.0000000000
126163  -42.524  29.846  19.995 0.0000000000
128511  -47.276  22.557  14.611 0.0000000000
132477  -41.623  20.712  14.818 0.0000000000
136461  -41.083  25.052  13.502 0.0000000000
136634  -39.381  23.483  10.622 0.0000000000
137394  -47.756  28.927  26.790 0.0000000000
137696  -39.348  22.032  15.749 0.0000000000
138458  -41.886  20.664  14.174 0.0000000000
138496  -47.420  27.336  6.217 0.0000000000
139617  -39.604  27.118  17.975 0.0000000000
140188  -43.041  19.658  9.375 0.0000000000
140771  -45.798  29.517  14.942 0.0000000000
142547  -40.159  26.249  15.775 0.0000000000
142866  -39.554  23.112  4.043 0.0000000000
