#!ascii label  , from subject sub_0001 vox2ras=TkReg
1437
124633  -37.062  -3.455  43.474 0.0000000000
76580  -48.772  9.543  35.872 0.0000000000
71374  -41.067  4.214  39.072 0.0000000000
47518  -12.487  -17.851  74.327 0.0000000000
64210  -34.943  -2.725  49.405 0.0000000000
58718  -21.584  -7.375  67.390 0.0000000000
62022  -29.815  -4.748  64.033 0.0000000000
134382  -35.864  -5.044  58.494 0.0000000000
64160  -36.849  -2.738  54.866 0.0000000000
52020  -17.265  -13.627  64.878 0.0000000000
57642  -17.600  -8.866  68.791 0.0000000000
55481  -18.958  -10.122  62.821 0.0000000000
58768  -26.434  -6.769  60.184 0.0000000000
118184  -32.006  -7.142  60.066 0.0000000000
63219  -41.874  -3.077  48.222 0.0000000000
64271  -43.468  -2.485  44.873 0.0000000000
75574  -43.824  7.827  37.019 0.0000000000
67280  -39.092  0.108  40.928 0.0000000000
125751  -47.594  7.715  31.168 0.0000000000
46486  -9.167  -18.495  76.573 0.0000000000
64184  -39.935  -2.610  51.658 0.0000000000
61091  -36.671  -5.337  46.811 0.0000000000
55513  -23.165  -10.386  61.379 0.0000000000
58732  -26.293  -7.509  66.045 0.0000000000
69293  -43.944  1.996  45.475 0.0000000000
75676  -54.990  8.783  26.753 0.0000000000
117806  -34.383  -6.375  57.200 0.0000000000
61007  -34.963  -5.127  54.984 0.0000000000
54285  -18.180  -11.722  63.883 0.0000000000
138489  -29.411  -8.471  56.921 0.0000000000
134431  -32.514  -7.196  57.759 0.0000000000
117411  -34.128  -6.529  59.609 0.0000000000
62187  -39.409  -4.720  45.639 0.0000000000
62172  -42.574  -4.481  46.370 0.0000000000
138641  -39.672  -2.977  44.416 0.0000000000
76569  -45.270  9.255  35.744 0.0000000000
76554  -45.635  10.142  38.743 0.0000000000
76583  -51.426  10.047  35.355 0.0000000000
48563  -10.020  -16.979  72.149 0.0000000000
121722  -11.095  -18.106  75.107 0.0000000000
64174  -36.165  -2.815  51.921 0.0000000000
65165  -37.928  -1.693  53.045 0.0000000000
64198  -37.103  -2.733  50.504 0.0000000000
122703  -38.720  -4.426  49.481 0.0000000000
63242  -35.995  -3.244  48.341 0.0000000000
58716  -19.775  -7.552  67.679 0.0000000000
58692  -18.758  -7.881  70.642 0.0000000000
59744  -20.294  -6.332  70.753 0.0000000000
60835  -22.888  -5.756  70.010 0.0000000000
55532  -21.628  -10.369  59.168 0.0000000000
56643  -23.075  -8.858  58.541 0.0000000000
59817  -28.537  -6.165  62.436 0.0000000000
58756  -26.070  -6.907  62.545 0.0000000000
123186  -27.983  -5.226  64.875 0.0000000000
61968  -27.597  -4.573  68.670 0.0000000000
49663  -14.828  -15.878  69.506 0.0000000000
53086  -14.318  -13.407  71.149 0.0000000000
51942  -15.512  -13.900  73.260 0.0000000000
69351  -39.577  2.361  39.617 0.0000000000
68274  -41.515  1.120  43.351 0.0000000000
70346  -42.283  3.495  42.361 0.0000000000
76658  -56.361  9.716  25.660 0.0000000000
49587  -13.028  -15.655  78.343 0.0000000000
118712  -36.538  -3.258  58.708 0.0000000000
65124  -37.647  -1.363  57.406 0.0000000000
63122  -36.745  -3.513  56.404 0.0000000000
62095  -35.451  -4.160  53.542 0.0000000000
53117  -15.897  -12.553  68.230 0.0000000000
56552  -16.603  -10.069  69.108 0.0000000000
55437  -17.718  -10.772  67.048 0.0000000000
56584  -18.653  -9.605  65.429 0.0000000000
57685  -20.065  -8.751  64.994 0.0000000000
119723  -24.946  -7.538  57.312 0.0000000000
58804  -26.961  -8.260  57.076 0.0000000000
58776  -28.828  -7.590  59.446 0.0000000000
134392  -31.367  -6.349  62.232 0.0000000000
117868  -33.135  -6.167  61.762 0.0000000000
134468  -35.135  -4.133  60.703 0.0000000000
49700  -15.909  -15.497  65.903 0.0000000000
66202  -43.100  -0.781  50.118 0.0000000000
131835  -46.389  -1.609  50.829 0.0000000000
141900  -44.865  -3.254  48.592 0.0000000000
62175  -45.726  -4.313  46.919 0.0000000000
119937  -41.831  6.373  37.754 0.0000000000
72413  -43.414  5.458  41.354 0.0000000000
74451  -44.426  7.430  40.257 0.0000000000
42787  -6.693  -22.699  80.604 0.0000000000
65265  -37.640  -1.506  42.413 0.0000000000
68339  -37.147  1.557  37.671 0.0000000000
72463  -39.575  5.245  36.255 0.0000000000
73470  -41.157  6.163  35.713 0.0000000000
74503  -43.219  7.622  34.462 0.0000000000
75616  -45.964  8.022  33.788 0.0000000000
75629  -47.648  7.762  33.380 0.0000000000
74534  -45.276  7.273  31.057 0.0000000000
48529  -11.276  -17.164  78.917 0.0000000000
46459  -9.797  -18.805  80.115 0.0000000000
44623  -8.139  -20.847  80.530 0.0000000000
67143  -42.952  -0.052  54.360 0.0000000000
66145  -38.763  -0.550  55.761 0.0000000000
66170  -40.294  -0.796  53.620 0.0000000000
66182  -41.752  -0.876  52.224 0.0000000000
64215  -41.109  -2.702  49.503 0.0000000000
63244  -39.254  -4.702  48.086 0.0000000000
61115  -37.184  -5.255  45.131 0.0000000000
56537  -17.951  -9.360  70.084 0.0000000000
126671  -20.860  -9.834  62.161 0.0000000000
56601  -22.769  -9.952  64.538 0.0000000000
57717  -24.358  -7.907  60.189 0.0000000000
57694  -25.041  -8.908  63.934 0.0000000000
58721  -24.477  -7.811  67.587 0.0000000000
60838  -25.531  -5.823  69.638 0.0000000000
47551  -11.796  -17.443  71.628 0.0000000000
47574  -13.420  -17.231  69.999 0.0000000000
48564  -13.659  -16.809  72.782 0.0000000000
121476  -40.048  -0.693  44.031 0.0000000000
66241  -43.123  -0.270  46.091 0.0000000000
67248  -46.415  0.584  45.821 0.0000000000
71327  -44.759  4.397  44.561 0.0000000000
75621  -50.365  7.814  33.462 0.0000000000
74524  -53.226  7.743  32.026 0.0000000000
75655  -54.654  8.926  30.312 0.0000000000
121684  -53.347  7.263  28.184 0.0000000000
77545  -56.067  10.457  29.107 0.0000000000
118352  -33.389  -6.656  56.041 0.0000000000
117394  -33.812  -6.351  55.537 0.0000000000
117402  -32.996  -6.658  54.165 0.0000000000
134219  -31.540  -7.664  56.730 0.0000000000
117999  -32.096  -7.357  56.103 0.0000000000
117704  -33.111  -6.957  57.486 0.0000000000
63287  -38.325  -3.968  44.060 0.0000000000
134939  -39.689  -4.306  44.904 0.0000000000
63300  -38.200  -2.913  43.667 0.0000000000
76579  -47.023  9.845  35.733 0.0000000000
76570  -46.598  10.432  36.351 0.0000000000
122458  -47.905  10.919  36.467 0.0000000000
77482  -49.852  11.138  36.486 0.0000000000
76581  -49.737  9.473  35.869 0.0000000000
136106  -11.559  -17.833  73.300 0.0000000000
47526  -10.692  -17.768  73.597 0.0000000000
47517  -11.551  -18.007  74.239 0.0000000000
64196  -35.449  -2.670  50.760 0.0000000000
64182  -36.790  -2.558  51.151 0.0000000000
64197  -36.236  -2.594  50.553 0.0000000000
63214  -36.441  -3.021  48.971 0.0000000000
63213  -35.050  -2.855  48.641 0.0000000000
54211  -15.620  -12.623  70.906 0.0000000000
58717  -20.651  -7.473  67.384 0.0000000000
58701  -19.960  -6.792  69.055 0.0000000000
59760  -20.813  -6.544  68.776 0.0000000000
60821  -21.832  -5.706  70.906 0.0000000000
59755  -22.286  -5.961  69.246 0.0000000000
125764  -29.057  -5.414  63.632 0.0000000000
60927  -27.754  -5.826  63.671 0.0000000000
141403  -28.531  -5.062  64.537 0.0000000000
61997  -28.447  -4.304  65.891 0.0000000000
53109  -14.876  -12.517  69.659 0.0000000000
53100  -14.798  -12.683  70.258 0.0000000000
54210  -15.121  -13.037  71.007 0.0000000000
65158  -44.072  -1.365  53.175 0.0000000000
70376  -40.127  2.908  39.063 0.0000000000
69330  -41.046  2.961  41.439 0.0000000000
70365  -41.427  3.935  41.010 0.0000000000
134305  -36.241  -4.207  58.598 0.0000000000
63112  -36.643  -3.689  57.957 0.0000000000
134308  -35.912  -4.675  57.035 0.0000000000
62085  -35.281  -4.637  54.237 0.0000000000
62106  -34.998  -4.377  52.749 0.0000000000
63166  -35.311  -3.930  52.005 0.0000000000
53136  -17.152  -12.881  66.464 0.0000000000
54255  -17.380  -11.428  67.245 0.0000000000
54262  -17.578  -11.915  66.393 0.0000000000
55493  -18.135  -11.120  63.068 0.0000000000
137424  -18.345  -10.757  64.704 0.0000000000
55468  -18.460  -10.346  64.208 0.0000000000
56585  -19.277  -8.995  65.098 0.0000000000
56599  -19.673  -9.444  63.875 0.0000000000
58813  -26.184  -7.955  55.350 0.0000000000
135236  -30.579  -7.805  58.890 0.0000000000
117987  -29.176  -8.075  58.656 0.0000000000
120819  -30.507  -7.476  59.752 0.0000000000
136169  -29.715  -6.750  61.410 0.0000000000
134223  -31.517  -6.975  60.813 0.0000000000
134165  -32.383  -6.301  62.111 0.0000000000
117787  -32.706  -6.526  61.324 0.0000000000
117399  -34.747  -6.159  59.187 0.0000000000
134469  -35.017  -5.637  59.898 0.0000000000
117796  -35.794  -4.680  59.229 0.0000000000
134278  -36.004  -3.757  59.352 0.0000000000
50905  -16.849  -14.372  65.342 0.0000000000
64217  -42.826  -1.837  49.047 0.0000000000
137568  -44.437  -1.773  49.313 0.0000000000
63220  -43.329  -3.315  48.239 0.0000000000
62191  -43.616  -3.938  45.603 0.0000000000
120852  -44.866  -4.371  46.958 0.0000000000
63279  -44.572  -3.666  45.654 0.0000000000
143098  -46.797  -3.653  46.399 0.0000000000
137582  -45.596  -2.732  45.111 0.0000000000
74471  -42.552  6.890  37.846 0.0000000000
73430  -43.221  6.679  39.247 0.0000000000
74473  -44.178  7.876  38.516 0.0000000000
77444  -46.739  10.994  40.382 0.0000000000
73469  -40.261  5.972  35.838 0.0000000000
72479  -39.825  5.472  34.398 0.0000000000
73491  -42.548  6.368  33.178 0.0000000000
73492  -43.190  6.924  33.128 0.0000000000
74504  -44.621  8.138  33.938 0.0000000000
74518  -44.312  7.143  32.515 0.0000000000
120425  -45.067  7.248  32.541 0.0000000000
46501  -9.132  -18.231  74.789 0.0000000000
46478  -8.036  -18.966  77.239 0.0000000000
48517  -13.891  -16.333  79.692 0.0000000000
48530  -11.929  -16.683  78.870 0.0000000000
48515  -12.642  -16.874  79.770 0.0000000000
122014  -10.718  -19.146  80.460 0.0000000000
45528  -9.499  -20.347  80.489 0.0000000000
45538  -8.544  -19.642  80.287 0.0000000000
44619  -9.175  -21.196  80.636 0.0000000000
43722  -8.830  -22.024  80.855 0.0000000000
64153  -37.397  -2.458  55.742 0.0000000000
65133  -38.086  -1.028  56.179 0.0000000000
65140  -38.336  -1.425  55.409 0.0000000000
64177  -39.049  -2.135  52.091 0.0000000000
65156  -39.490  -1.273  53.524 0.0000000000
65168  -40.531  -1.470  52.564 0.0000000000
128367  -41.530  -0.244  52.982 0.0000000000
65177  -40.778  -2.094  51.832 0.0000000000
65188  -41.875  -1.565  50.733 0.0000000000
64185  -40.656  -2.820  51.272 0.0000000000
62147  -37.534  -4.720  47.953 0.0000000000
63215  -38.351  -4.681  48.732 0.0000000000
61083  -37.933  -5.179  47.344 0.0000000000
61093  -38.286  -5.239  46.606 0.0000000000
61103  -36.823  -5.638  45.958 0.0000000000
56553  -17.031  -10.062  68.988 0.0000000000
57625  -17.515  -9.595  69.602 0.0000000000
131999  -17.610  -9.139  69.620 0.0000000000
119584  -22.522  -10.306  60.768 0.0000000000
55521  -20.946  -10.122  60.547 0.0000000000
55498  -22.640  -10.578  62.226 0.0000000000
56613  -21.731  -10.024  63.534 0.0000000000
122411  -23.383  -10.322  63.842 0.0000000000
58784  -25.588  -7.147  58.774 0.0000000000
58783  -24.644  -7.572  58.741 0.0000000000
58767  -25.422  -6.919  60.401 0.0000000000
58738  -26.232  -7.270  65.012 0.0000000000
58747  -25.673  -8.080  63.880 0.0000000000
58737  -25.719  -8.159  65.511 0.0000000000
57667  -25.008  -8.613  66.149 0.0000000000
58722  -25.398  -7.799  67.395 0.0000000000
59764  -24.558  -6.795  68.691 0.0000000000
59766  -26.307  -6.445  68.219 0.0000000000
117414  -33.120  -3.326  63.634 0.0000000000
48599  -14.102  -17.074  69.983 0.0000000000
124226  -14.211  -16.304  71.132 0.0000000000
127166  -13.672  -17.287  72.042 0.0000000000
50810  -16.097  -14.094  73.146 0.0000000000
66284  -38.040  -0.898  41.022 0.0000000000
66268  -38.845  -0.899  43.240 0.0000000000
66277  -39.573  -0.072  42.530 0.0000000000
68267  -42.566  1.240  44.877 0.0000000000
67257  -41.960  0.657  45.353 0.0000000000
133505  -43.377  0.694  46.293 0.0000000000
66227  -44.477  0.345  46.494 0.0000000000
67210  -44.776  1.330  47.150 0.0000000000
141384  -44.504  6.283  42.040 0.0000000000
71342  -44.144  5.034  42.978 0.0000000000
72396  -44.919  5.768  43.955 0.0000000000
74522  -47.877  7.862  31.863 0.0000000000
75620  -49.415  7.767  33.677 0.0000000000
75644  -48.616  7.982  31.969 0.0000000000
74537  -51.125  7.900  31.112 0.0000000000
74539  -52.984  7.401  31.397 0.0000000000
75648  -53.831  8.485  31.658 0.0000000000
74556  -53.537  7.448  30.552 0.0000000000
74608  -53.644  8.071  26.447 0.0000000000
74598  -52.252  7.651  27.243 0.0000000000
130317  -54.356  7.676  27.851 0.0000000000
75661  -55.061  8.935  28.943 0.0000000000
76633  -55.978  10.377  27.911 0.0000000000
76642  -56.459  10.376  27.244 0.0000000000
75697  -57.425  9.606  25.987 0.0000000000
134292  -35.051  -5.859  57.474 0.0000000000
134125  -35.445  -5.383  56.805 0.0000000000
134307  -34.775  -5.901  56.537 0.0000000000
118564  -34.326  -5.600  54.483 0.0000000000
53149  -17.744  -12.753  64.729 0.0000000000
117947  -29.996  -8.258  56.335 0.0000000000
134204  -31.015  -7.899  57.428 0.0000000000
134218  -32.094  -7.279  58.637 0.0000000000
117386  -32.603  -7.026  59.430 0.0000000000
134217  -33.078  -6.908  58.508 0.0000000000
117818  -33.789  -6.623  57.851 0.0000000000
62150  -40.342  -4.501  47.169 0.0000000000
63248  -42.599  -3.715  47.756 0.0000000000
62171  -41.621  -4.588  46.241 0.0000000000
62189  -41.582  -4.302  45.500 0.0000000000
63289  -41.432  -3.141  44.864 0.0000000000
75581  -44.355  8.492  36.585 0.0000000000
76553  -44.819  8.836  38.206 0.0000000000
76562  -45.329  9.665  37.345 0.0000000000
77463  -46.144  10.811  38.328 0.0000000000
76592  -52.589  10.329  34.240 0.0000000000
47515  -9.602  -17.975  74.333 0.0000000000
47507  -9.876  -18.266  76.236 0.0000000000
137122  -36.762  -2.418  52.989 0.0000000000
65154  -37.884  -1.910  53.967 0.0000000000
64176  -37.322  -2.081  52.614 0.0000000000
64183  -38.155  -2.470  51.569 0.0000000000
133763  -39.065  -2.835  51.231 0.0000000000
63188  -39.248  -3.682  50.561 0.0000000000
64213  -37.530  -3.326  49.917 0.0000000000
122051  -36.741  -3.566  48.649 0.0000000000
62146  -36.666  -4.878  47.508 0.0000000000
57643  -18.246  -8.378  68.389 0.0000000000
57634  -18.030  -8.332  69.269 0.0000000000
58700  -19.216  -7.235  69.441 0.0000000000
59743  -19.534  -6.818  70.789 0.0000000000
60811  -22.668  -5.847  71.712 0.0000000000
55533  -22.397  -10.131  59.189 0.0000000000
120205  -23.432  -9.480  59.978 0.0000000000
59832  -27.799  -6.600  61.218 0.0000000000
58761  -25.938  -6.731  61.083 0.0000000000
59815  -26.811  -6.590  62.564 0.0000000000
59796  -27.151  -6.006  64.140 0.0000000000
60889  -26.923  -6.130  65.615 0.0000000000
60864  -26.846  -5.920  67.796 0.0000000000
60876  -27.389  -5.383  66.588 0.0000000000
48622  -15.318  -15.874  67.781 0.0000000000
50870  -15.055  -15.119  69.061 0.0000000000
51966  -14.053  -13.716  71.610 0.0000000000
51955  -14.105  -13.798  72.286 0.0000000000
53074  -14.592  -13.600  71.781 0.0000000000
136186  -39.105  1.043  40.273 0.0000000000
67273  -39.839  0.587  42.074 0.0000000000
68293  -40.478  1.648  41.836 0.0000000000
134752  -41.762  2.188  42.570 0.0000000000
69310  -43.115  2.584  43.670 0.0000000000
74567  -46.935  7.341  29.630 0.0000000000
74551  -48.146  7.412  30.621 0.0000000000
74568  -47.957  7.198  29.635 0.0000000000
75684  -54.003  8.407  25.917 0.0000000000
75686  -55.702  9.337  26.292 0.0000000000
75695  -54.736  8.859  24.813 0.0000000000
76668  -55.489  9.393  24.073 0.0000000000
49611  -13.253  -16.079  75.035 0.0000000000
48543  -12.522  -16.693  76.452 0.0000000000
136972  -37.957  -0.928  58.778 0.0000000000
65118  -37.450  -1.611  58.237 0.0000000000
64145  -37.113  -2.672  56.486 0.0000000000
64152  -36.814  -3.068  55.680 0.0000000000
62076  -35.928  -4.314  55.607 0.0000000000
63132  -35.942  -3.685  55.041 0.0000000000
63145  -36.010  -3.132  54.535 0.0000000000
64166  -36.107  -2.861  52.799 0.0000000000
63175  -35.411  -3.029  51.496 0.0000000000
131016  -15.558  -11.987  68.793 0.0000000000
55406  -15.978  -11.050  69.630 0.0000000000
55425  -16.377  -11.028  68.598 0.0000000000
55426  -17.206  -10.781  67.949 0.0000000000
56571  -17.639  -10.306  67.300 0.0000000000
54266  -18.210  -11.129  65.486 0.0000000000
55452  -18.191  -10.731  65.890 0.0000000000
57659  -18.165  -9.258  67.100 0.0000000000
57660  -18.788  -8.657  66.641 0.0000000000
57661  -19.628  -8.206  66.293 0.0000000000
57663  -21.396  -8.278  66.243 0.0000000000
58792  -25.669  -7.587  57.420 0.0000000000
58785  -26.476  -7.494  58.368 0.0000000000
132168  -28.238  -8.486  57.106 0.0000000000
58786  -28.290  -8.020  58.774 0.0000000000
59856  -28.132  -7.235  59.954 0.0000000000
59843  -28.384  -6.865  60.666 0.0000000000
59818  -29.540  -6.399  62.136 0.0000000000
134356  -30.249  -5.637  63.176 0.0000000000
117397  -31.113  -4.317  63.841 0.0000000000
118063  -31.447  -5.134  63.350 0.0000000000
134111  -32.828  -4.614  62.779 0.0000000000
134131  -33.423  -4.746  62.311 0.0000000000
117391  -34.060  -6.128  60.824 0.0000000000
134485  -34.150  -5.556  61.269 0.0000000000
134470  -34.615  -3.917  61.513 0.0000000000
117681  -35.183  -3.247  61.093 0.0000000000
50880  -15.821  -15.043  67.533 0.0000000000
66193  -43.731  -0.206  51.217 0.0000000000
65190  -45.054  -0.875  50.615 0.0000000000
65204  -45.638  -1.420  50.073 0.0000000000
64234  -46.552  -3.088  49.229 0.0000000000
63249  -43.629  -3.901  47.720 0.0000000000
63222  -45.233  -3.758  48.272 0.0000000000
72445  -41.558  5.483  38.872 0.0000000000
72423  -42.005  5.066  40.097 0.0000000000
72434  -42.415  5.705  39.784 0.0000000000
143066  -43.560  6.355  40.324 0.0000000000
74437  -44.901  7.001  42.033 0.0000000000
75549  -45.336  8.950  39.840 0.0000000000
75542  -45.470  8.532  40.806 0.0000000000
64289  -35.512  -2.576  42.089 0.0000000000
64291  -37.230  -2.127  42.951 0.0000000000
65273  -36.639  -1.688  41.170 0.0000000000
65287  -37.270  -1.142  40.707 0.0000000000
66311  -37.407  -0.086  39.529 0.0000000000
67309  -37.755  0.775  39.241 0.0000000000
68329  -38.129  1.593  38.942 0.0000000000
69370  -39.158  2.816  38.055 0.0000000000
71386  -39.990  4.223  37.923 0.0000000000
71402  -40.440  4.970  37.483 0.0000000000
73456  -40.883  5.933  36.904 0.0000000000
73457  -41.491  6.290  36.948 0.0000000000
74488  -42.537  7.386  36.180 0.0000000000
73489  -41.198  6.078  34.126 0.0000000000
73479  -42.467  6.885  34.753 0.0000000000
127709  -43.060  7.876  35.909 0.0000000000
75590  -44.243  8.476  35.320 0.0000000000
75591  -45.104  8.841  34.987 0.0000000000
124014  -47.016  8.382  34.541 0.0000000000
75607  -48.480  8.211  35.015 0.0000000000
74512  -46.742  7.692  33.323 0.0000000000
74520  -46.517  7.633  32.358 0.0000000000
74535  -46.056  7.571  31.055 0.0000000000
142528  -45.445  7.429  29.740 0.0000000000
48542  -11.962  -17.181  76.875 0.0000000000
47499  -10.637  -18.009  76.850 0.0000000000
47498  -9.735  -18.278  77.319 0.0000000000
124694  -11.585  -18.387  80.322 0.0000000000
47477  -10.396  -18.287  80.031 0.0000000000
46480  -9.193  -18.537  78.143 0.0000000000
46463  -8.217  -19.285  79.072 0.0000000000
45542  -7.642  -19.758  79.795 0.0000000000
136619  -6.593  -20.462  80.010 0.0000000000
44622  -7.369  -21.072  80.429 0.0000000000
66173  -43.416  -0.236  53.643 0.0000000000
66154  -40.122  0.149  55.578 0.0000000000
65146  -39.150  -1.127  54.368 0.0000000000
66160  -39.880  -0.714  54.255 0.0000000000
66162  -41.565  0.242  53.813 0.0000000000
66172  -42.308  0.128  53.416 0.0000000000
67158  -43.341  -0.386  52.500 0.0000000000
122563  -43.099  -0.418  50.855 0.0000000000
65200  -41.993  -1.650  49.903 0.0000000000
64229  -41.540  -2.680  48.869 0.0000000000
63199  -39.432  -4.287  49.901 0.0000000000
64227  -40.308  -3.846  48.696 0.0000000000
63245  -40.064  -4.228  47.807 0.0000000000
62149  -39.569  -4.696  47.245 0.0000000000
62186  -38.635  -5.074  45.751 0.0000000000
62198  -37.427  -4.616  44.295 0.0000000000
142634  -34.426  -3.005  48.271 0.0000000000
63241  -34.232  -3.492  47.598 0.0000000000
62145  -35.080  -4.137  47.227 0.0000000000
61090  -35.400  -5.431  46.226 0.0000000000
61102  -35.865  -5.624  45.667 0.0000000000
61130  -35.658  -5.225  44.139 0.0000000000
121298  -36.057  -4.526  43.651 0.0000000000
63313  -35.903  -3.108  42.849 0.0000000000
58684  -18.605  -8.414  70.775 0.0000000000
55495  -19.116  -10.309  61.904 0.0000000000
55510  -20.390  -9.992  61.086 0.0000000000
56620  -19.585  -9.851  62.445 0.0000000000
133408  -21.123  -9.750  63.717 0.0000000000
141986  -21.309  -9.197  64.872 0.0000000000
57664  -22.346  -8.515  66.392 0.0000000000
57736  -23.914  -8.118  57.705 0.0000000000
130429  -23.545  -8.783  59.335 0.0000000000
136279  -24.169  -9.012  60.863 0.0000000000
58755  -25.216  -7.710  62.007 0.0000000000
124537  -24.931  -8.544  62.185 0.0000000000
56622  -24.462  -9.632  62.430 0.0000000000
56589  -24.045  -9.517  65.217 0.0000000000
57665  -23.280  -8.734  66.476 0.0000000000
131898  -23.160  -7.711  67.409 0.0000000000
59763  -23.605  -6.684  68.662 0.0000000000
60824  -24.355  -5.905  70.694 0.0000000000
47550  -10.915  -17.043  71.946 0.0000000000
47538  -11.751  -17.654  72.442 0.0000000000
140112  -13.336  -16.809  68.650 0.0000000000
48608  -11.890  -16.518  69.373 0.0000000000
47564  -12.995  -17.493  70.728 0.0000000000
47553  -13.220  -17.656  72.023 0.0000000000
47529  -13.356  -17.196  73.436 0.0000000000
49612  -13.532  -15.460  74.350 0.0000000000
51933  -15.104  -14.081  74.042 0.0000000000
64282  -38.646  -2.187  43.817 0.0000000000
65247  -40.189  -2.227  44.534 0.0000000000
65248  -41.323  -1.409  45.234 0.0000000000
67265  -40.744  0.390  43.405 0.0000000000
66239  -41.521  -0.175  45.907 0.0000000000
65250  -43.156  -1.689  44.937 0.0000000000
65230  -44.617  -1.164  45.050 0.0000000000
71352  -42.469  4.591  41.564 0.0000000000
70347  -43.115  3.796  42.815 0.0000000000
69303  -44.286  2.813  45.170 0.0000000000
75608  -49.540  8.101  34.769 0.0000000000
140007  -51.367  8.611  34.663 0.0000000000
75610  -51.967  8.595  34.225 0.0000000000
75645  -49.926  8.032  31.960 0.0000000000
75633  -51.602  7.707  32.637 0.0000000000
75623  -53.051  8.970  33.093 0.0000000000
76608  -53.956  9.940  31.876 0.0000000000
119478  -54.835  10.629  31.224 0.0000000000
121024  -52.838  7.226  29.040 0.0000000000
74574  -54.651  7.854  29.291 0.0000000000
76627  -55.079  9.898  29.561 0.0000000000
76652  -56.788  10.362  26.564 0.0000000000
117926  -32.678  -6.954  55.629 0.0000000000
118260  -33.211  -6.593  55.147 0.0000000000
117407  -32.863  -7.061  56.644 0.0000000000
62213  -37.505  -3.996  43.731 0.0000000000
63299  -37.727  -3.427  43.612 0.0000000000
129077  -47.883  9.749  35.760 0.0000000000
76571  -47.472  10.434  36.126 0.0000000000
77490  -48.346  10.344  36.142 0.0000000000
77481  -48.761  11.140  36.576 0.0000000000
77491  -49.310  10.269  36.223 0.0000000000
137454  -50.277  10.309  36.130 0.0000000000
47527  -12.222  -17.960  73.673 0.0000000000
64195  -34.902  -2.837  50.188 0.0000000000
64211  -35.627  -2.691  49.959 0.0000000000
64226  -35.763  -2.720  49.135 0.0000000000
55384  -15.860  -11.666  70.179 0.0000000000
55405  -15.353  -11.626  69.859 0.0000000000
58709  -21.188  -6.872  67.985 0.0000000000
59761  -21.730  -6.434  68.621 0.0000000000
59772  -22.110  -6.878  67.909 0.0000000000
60929  -29.723  -5.325  63.641 0.0000000000
60910  -29.089  -4.946  64.199 0.0000000000
62010  -29.515  -4.382  64.667 0.0000000000
54222  -14.992  -12.553  70.405 0.0000000000
70389  -40.417  3.752  38.684 0.0000000000
70377  -40.662  3.482  39.530 0.0000000000
70378  -41.223  4.036  39.985 0.0000000000
134154  -36.261  -4.549  57.851 0.0000000000
121930  -34.496  -5.230  52.643 0.0000000000
62094  -34.845  -4.833  53.492 0.0000000000
53143  -17.615  -12.568  65.552 0.0000000000
55480  -18.461  -10.490  63.374 0.0000000000
56610  -18.930  -9.895  63.626 0.0000000000
56598  -18.944  -9.658  64.521 0.0000000000
134398  -31.402  -7.461  59.333 0.0000000000
117379  -31.193  -7.257  60.162 0.0000000000
134208  -32.228  -6.804  60.827 0.0000000000
134306  -35.300  -5.751  58.379 0.0000000000
134280  -35.418  -5.445  59.176 0.0000000000
141297  -16.805  -14.212  65.904 0.0000000000
64230  -42.322  -2.511  48.721 0.0000000000
64231  -43.073  -2.544  48.602 0.0000000000
133862  -42.616  -3.051  48.327 0.0000000000
63291  -43.170  -3.202  45.041 0.0000000000
64257  -44.018  -3.101  45.067 0.0000000000
64258  -44.864  -2.928  44.968 0.0000000000
136395  -43.194  7.395  37.435 0.0000000000
74472  -43.379  7.264  38.226 0.0000000000
74482  -43.797  7.683  37.774 0.0000000000
77436  -47.379  11.125  41.401 0.0000000000
74510  -43.844  7.200  33.180 0.0000000000
73501  -43.607  6.984  32.459 0.0000000000
73502  -44.051  7.029  31.801 0.0000000000
46494  -8.973  -18.477  75.638 0.0000000000
46485  -8.393  -18.768  76.427 0.0000000000
46493  -7.894  -18.834  75.525 0.0000000000
48516  -13.373  -16.534  79.737 0.0000000000
46462  -13.274  -17.713  79.828 0.0000000000
123294  -9.422  -22.376  80.916 0.0000000000
65139  -37.874  -1.804  55.806 0.0000000000
64161  -37.778  -2.128  54.960 0.0000000000
65167  -39.626  -1.606  52.725 0.0000000000
65176  -39.959  -1.984  52.189 0.0000000000
61082  -37.220  -5.170  47.331 0.0000000000
61092  -37.458  -5.402  46.665 0.0000000000
56554  -17.399  -9.520  68.469 0.0000000000
57641  -17.308  -9.419  69.054 0.0000000000
57633  -17.549  -8.965  69.439 0.0000000000
55512  -22.327  -10.446  61.510 0.0000000000
55484  -23.029  -10.611  63.077 0.0000000000
55499  -23.583  -10.423  62.284 0.0000000000
58774  -26.470  -7.039  59.184 0.0000000000
58773  -25.735  -6.890  59.617 0.0000000000
136028  -25.887  -7.904  64.621 0.0000000000
58731  -25.633  -8.075  66.549 0.0000000000
58723  -26.210  -7.447  66.997 0.0000000000
59775  -25.911  -7.146  67.816 0.0000000000
59776  -26.600  -6.696  67.412 0.0000000000
134359  -33.757  -3.006  63.370 0.0000000000
50820  -13.968  -14.158  72.852 0.0000000000
66285  -38.712  -0.503  41.385 0.0000000000
66276  -38.915  -0.620  42.338 0.0000000000
66286  -39.291  0.005  41.738 0.0000000000
68268  -43.262  1.582  45.039 0.0000000000
68259  -42.830  0.757  45.733 0.0000000000
68260  -43.560  1.230  46.023 0.0000000000
68250  -43.776  1.087  46.861 0.0000000000
68261  -44.056  1.745  46.633 0.0000000000
73405  -44.829  6.340  42.704 0.0000000000
72395  -44.699  5.715  43.182 0.0000000000
74555  -52.635  7.421  30.596 0.0000000000
135269  -53.054  7.256  29.919 0.0000000000
74609  -54.377  8.323  26.408 0.0000000000
74600  -54.403  7.992  27.000 0.0000000000
132178  -54.956  8.545  27.551 0.0000000000
75677  -55.759  9.678  27.152 0.0000000000
134290  -34.120  -6.374  56.289 0.0000000000
127020  -33.750  -6.175  54.623 0.0000000000
134293  -34.429  -5.867  55.496 0.0000000000
139829  -33.902  -5.841  54.023 0.0000000000
140576  -29.888  -8.387  55.461 0.0000000000
118202  -30.765  -8.010  56.526 0.0000000000
117754  -31.779  -7.502  57.649 0.0000000000
117776  -31.234  -7.694  58.344 0.0000000000
134229  -33.642  -6.714  56.914 0.0000000000
134289  -34.581  -6.293  58.166 0.0000000000
62169  -39.870  -4.661  46.431 0.0000000000
62170  -40.665  -4.587  46.361 0.0000000000
139702  -39.893  -3.689  44.629 0.0000000000
63275  -40.407  -4.106  44.901 0.0000000000
63276  -41.140  -3.887  45.018 0.0000000000
63277  -41.910  -3.787  45.226 0.0000000000
138362  -40.512  -3.197  44.702 0.0000000000
137143  -44.886  9.029  36.363 0.0000000000
76561  -44.876  9.004  37.199 0.0000000000
128521  -45.337  9.538  36.511 0.0000000000
77464  -46.728  11.408  38.006 0.0000000000
78331  -47.066  11.896  38.763 0.0000000000
78332  -47.885  12.618  38.716 0.0000000000
77493  -51.700  11.327  35.550 0.0000000000
77502  -52.144  10.742  34.881 0.0000000000
47516  -10.500  -17.957  74.409 0.0000000000
137721  -9.988  -17.799  73.808 0.0000000000
118864  -9.996  -18.214  75.206 0.0000000000
64175  -36.702  -2.442  52.275 0.0000000000
120063  -37.296  -2.301  51.796 0.0000000000
119281  -37.479  -2.616  51.154 0.0000000000
64199  -38.123  -3.068  50.705 0.0000000000
63197  -37.102  -3.477  49.214 0.0000000000
63243  -36.756  -3.919  47.994 0.0000000000
127781  -35.962  -3.976  47.565 0.0000000000
58715  -18.967  -7.861  67.986 0.0000000000
58706  -18.719  -7.793  68.900 0.0000000000
58707  -19.494  -7.356  68.523 0.0000000000
59753  -20.496  -6.329  69.673 0.0000000000
59752  -19.664  -6.675  69.995 0.0000000000
60822  -22.636  -5.702  70.948 0.0000000000
141354  -22.276  -5.694  71.349 0.0000000000
56642  -22.607  -9.606  58.460 0.0000000000
56638  -23.019  -9.544  59.220 0.0000000000
132133  -28.015  -6.459  61.900 0.0000000000
123220  -27.259  -6.529  61.854 0.0000000000
59816  -27.633  -6.373  62.522 0.0000000000
60908  -27.673  -5.654  64.337 0.0000000000
60907  -27.258  -5.767  64.908 0.0000000000
59795  -26.764  -6.514  64.821 0.0000000000
138814  -27.033  -5.887  66.274 0.0000000000
60890  -27.478  -5.427  65.726 0.0000000000
61986  -28.247  -4.205  66.859 0.0000000000
50871  -15.506  -15.173  68.339 0.0000000000
51975  -14.590  -13.835  70.084 0.0000000000
51974  -14.219  -13.756  70.908 0.0000000000
53073  -14.258  -13.671  71.728 0.0000000000
54200  -15.838  -13.020  71.602 0.0000000000
54185  -15.225  -13.411  71.761 0.0000000000
68318  -39.208  1.701  40.037 0.0000000000
68305  -39.525  1.357  40.788 0.0000000000
69340  -39.785  2.153  40.442 0.0000000000
68294  -41.108  2.137  42.140 0.0000000000
69318  -41.680  2.809  42.168 0.0000000000
69309  -42.642  2.369  43.332 0.0000000000
70336  -42.859  3.006  43.058 0.0000000000
75683  -53.168  8.339  25.833 0.0000000000
75693  -52.895  8.529  25.229 0.0000000000
138151  -54.500  8.654  25.524 0.0000000000
75705  -53.624  8.656  24.599 0.0000000000
49606  -13.087  -15.527  75.849 0.0000000000
47480  -14.657  -16.695  78.709 0.0000000000
64132  -36.858  -2.227  58.885 0.0000000000
65114  -37.400  -1.383  59.207 0.0000000000
122152  -36.443  -3.965  57.143 0.0000000000
64144  -36.852  -3.110  57.225 0.0000000000
63133  -36.444  -3.737  55.658 0.0000000000
117808  -35.183  -5.386  55.919 0.0000000000
134294  -35.735  -4.853  56.196 0.0000000000
62075  -35.486  -4.852  55.534 0.0000000000
63144  -35.791  -3.967  54.303 0.0000000000
124298  -35.550  -4.421  54.964 0.0000000000
63157  -35.856  -3.338  53.649 0.0000000000
54245  -15.674  -11.512  68.727 0.0000000000
54254  -16.088  -11.674  68.384 0.0000000000
56561  -17.269  -10.151  68.218 0.0000000000
54273  -18.126  -11.867  64.924 0.0000000000
55467  -18.294  -11.179  64.766 0.0000000000
56597  -18.418  -10.308  65.023 0.0000000000
123681  -18.303  -10.773  65.332 0.0000000000
139554  -18.247  -10.270  65.880 0.0000000000
56572  -17.971  -9.982  66.743 0.0000000000
56573  -18.414  -9.452  66.252 0.0000000000
57673  -19.666  -8.551  65.558 0.0000000000
57674  -20.470  -8.426  65.724 0.0000000000
57662  -20.539  -7.918  66.548 0.0000000000
58803  -26.176  -7.932  56.829 0.0000000000
58793  -26.366  -7.863  57.628 0.0000000000
58794  -27.098  -8.142  57.950 0.0000000000
57749  -28.650  -8.536  56.620 0.0000000000
57738  -28.797  -8.494  57.375 0.0000000000
57728  -28.659  -8.345  58.083 0.0000000000
58775  -27.970  -7.596  59.320 0.0000000000
58769  -28.854  -7.238  60.190 0.0000000000
134393  -30.459  -6.582  61.776 0.0000000000
134291  -30.376  -6.096  62.550 0.0000000000
117928  -31.017  -5.747  63.004 0.0000000000
134472  -32.810  -5.548  62.430 0.0000000000
134471  -33.535  -5.519  61.807 0.0000000000
118147  -33.441  -6.754  59.522 0.0000000000
117892  -33.776  -6.515  60.279 0.0000000000
134109  -35.157  -5.003  60.390 0.0000000000
134499  -34.604  -5.607  60.616 0.0000000000
134132  -34.679  -4.888  61.073 0.0000000000
117408  -36.300  -2.732  59.502 0.0000000000
134168  -35.654  -3.241  60.232 0.0000000000
50891  -16.146  -14.911  66.670 0.0000000000
66203  -43.674  -0.474  50.568 0.0000000000
130155  -44.303  -0.369  50.934 0.0000000000
66211  -44.260  -0.750  50.238 0.0000000000
64232  -44.531  -2.576  48.836 0.0000000000
64218  -45.186  -1.989  49.414 0.0000000000
64219  -46.075  -2.241  49.668 0.0000000000
64233  -45.511  -2.985  48.948 0.0000000000
62152  -42.104  -4.377  47.089 0.0000000000
62153  -43.053  -4.296  47.121 0.0000000000
62155  -45.433  -4.199  47.534 0.0000000000
62137  -45.934  -4.039  48.004 0.0000000000
62138  -46.666  -4.033  48.138 0.0000000000
62156  -46.251  -4.178  47.483 0.0000000000
62157  -47.107  -4.092  47.616 0.0000000000
64250  -47.494  -3.149  45.972 0.0000000000
135577  -41.620  5.957  38.311 0.0000000000
72446  -42.031  5.878  39.021 0.0000000000
74450  -43.780  6.899  39.779 0.0000000000
73422  -44.087  6.760  40.620 0.0000000000
74442  -44.653  7.223  41.074 0.0000000000
75565  -45.309  9.278  38.963 0.0000000000
75564  -44.827  8.443  39.185 0.0000000000
76531  -45.818  9.434  40.451 0.0000000000
140711  -6.362  -22.003  80.355 0.0000000000
43731  -5.738  -21.755  80.125 0.0000000000
65286  -36.967  -0.779  39.973 0.0000000000
133720  -36.665  -0.444  39.215 0.0000000000
66323  -37.056  0.323  38.786 0.0000000000
68328  -37.415  1.176  38.485 0.0000000000
69369  -38.479  2.710  37.542 0.0000000000
131507  -39.717  3.318  38.332 0.0000000000
70405  -39.255  3.668  37.451 0.0000000000
122137  -39.731  4.706  37.061 0.0000000000
71401  -40.147  5.311  36.811 0.0000000000
72457  -40.690  5.589  37.163 0.0000000000
72464  -40.289  5.705  36.433 0.0000000000
73462  -40.909  6.055  36.357 0.0000000000
73463  -41.499  6.443  36.268 0.0000000000
73464  -42.016  6.814  36.550 0.0000000000
73471  -42.031  6.776  35.701 0.0000000000
73480  -42.859  6.897  33.896 0.0000000000
120248  -42.127  6.301  34.062 0.0000000000
74494  -42.750  7.546  35.371 0.0000000000
74495  -43.439  8.101  35.273 0.0000000000
74496  -43.992  8.191  34.525 0.0000000000
74505  -45.267  7.888  33.624 0.0000000000
75605  -45.279  8.388  34.203 0.0000000000
75592  -46.078  8.576  34.565 0.0000000000
75617  -46.609  8.127  34.028 0.0000000000
74519  -45.705  7.466  31.907 0.0000000000
140664  -46.439  7.672  31.610 0.0000000000
46484  -7.479  -19.304  76.380 0.0000000000
47501  -12.121  -17.504  75.910 0.0000000000
48518  -11.664  -16.827  79.484 0.0000000000
47493  -11.312  -17.545  77.366 0.0000000000
48535  -11.237  -17.277  78.330 0.0000000000
47492  -10.545  -17.802  77.840 0.0000000000
47486  -10.706  -17.767  78.871 0.0000000000
46460  -12.419  -18.889  80.249 0.0000000000
46452  -9.868  -18.980  80.167 0.0000000000
47469  -10.497  -18.442  80.142 0.0000000000
46465  -9.638  -18.634  79.877 0.0000000000
46473  -9.432  -18.516  79.076 0.0000000000
46472  -8.824  -18.792  78.804 0.0000000000
46464  -8.888  -18.899  79.627 0.0000000000
45530  -8.249  -20.139  80.436 0.0000000000
45537  -7.887  -19.853  80.339 0.0000000000
45536  -7.161  -20.117  80.197 0.0000000000
44629  -7.558  -20.295  80.350 0.0000000000
44628  -6.788  -20.626  80.241 0.0000000000
42781  -8.628  -22.620  81.434 0.0000000000
66163  -43.290  -0.334  54.119 0.0000000000
66126  -38.119  -0.625  57.933 0.0000000000
123116  -38.579  -0.466  56.612 0.0000000000
135826  -39.130  -0.083  56.315 0.0000000000
66146  -39.909  0.083  56.446 0.0000000000
125197  -39.413  -0.020  55.822 0.0000000000
65155  -38.596  -1.512  53.668 0.0000000000
118478  -40.301  -0.060  54.761 0.0000000000
66161  -40.938  0.262  54.321 0.0000000000
124703  -40.918  -0.155  53.590 0.0000000000
66183  -42.603  -0.402  52.546 0.0000000000
66192  -43.235  -0.476  51.700 0.0000000000
66191  -42.430  -0.819  51.406 0.0000000000
64201  -41.419  -2.160  50.106 0.0000000000
64216  -41.635  -2.250  49.529 0.0000000000
63198  -38.499  -3.914  50.024 0.0000000000
63216  -39.555  -4.557  49.004 0.0000000000
139397  -40.002  -4.166  48.337 0.0000000000
63217  -40.517  -3.655  48.221 0.0000000000
61104  -37.753  -5.378  45.889 0.0000000000
62185  -38.072  -4.900  44.973 0.0000000000
123562  -33.991  -4.737  46.491 0.0000000000
124917  -34.845  -4.931  46.658 0.0000000000
61089  -34.535  -5.382  45.812 0.0000000000
124088  -35.182  -5.606  45.222 0.0000000000
132635  -35.184  -5.541  44.598 0.0000000000
61114  -35.817  -5.532  44.860 0.0000000000
61129  -34.890  -5.323  43.998 0.0000000000
62228  -35.533  -4.085  43.067 0.0000000000
55415  -16.166  -10.723  68.845 0.0000000000
56536  -16.275  -10.659  69.527 0.0000000000
56544  -16.410  -10.536  69.409 0.0000000000
58691  -18.083  -8.498  70.024 0.0000000000
58685  -18.981  -7.939  71.302 0.0000000000
124912  -20.963  -9.909  61.443 0.0000000000
56621  -20.299  -9.721  62.638 0.0000000000
56612  -20.420  -9.593  63.420 0.0000000000
55482  -21.194  -9.921  62.924 0.0000000000
56600  -21.743  -9.716  64.290 0.0000000000
56587  -22.153  -9.395  65.222 0.0000000000
124477  -21.991  -8.846  65.875 0.0000000000
57675  -22.781  -9.151  65.907 0.0000000000
58790  -24.277  -7.784  57.186 0.0000000000
57721  -24.128  -8.010  59.480 0.0000000000
57710  -23.942  -8.671  60.203 0.0000000000
120624  -24.459  -8.296  60.752 0.0000000000
139220  -25.682  -7.043  61.850 0.0000000000
141796  -25.633  -7.472  62.486 0.0000000000
57687  -25.371  -8.472  64.699 0.0000000000
57702  -25.302  -8.136  62.947 0.0000000000
57701  -24.918  -9.023  63.016 0.0000000000
56616  -24.337  -9.752  63.654 0.0000000000
133651  -24.422  -9.482  64.478 0.0000000000
58730  -24.783  -8.330  66.941 0.0000000000
57666  -24.186  -8.791  66.436 0.0000000000
57653  -23.783  -8.237  67.120 0.0000000000
58720  -23.720  -7.647  67.652 0.0000000000
59773  -23.094  -7.082  67.912 0.0000000000
58710  -24.067  -7.273  68.148 0.0000000000
60851  -25.039  -6.295  69.179 0.0000000000
60837  -24.669  -5.925  69.848 0.0000000000
60854  -27.191  -5.201  68.164 0.0000000000
61967  -26.885  -4.998  68.946 0.0000000000
120662  -31.810  -3.808  64.077 0.0000000000
48621  -14.685  -16.429  68.223 0.0000000000
48631  -14.189  -16.521  67.700 0.0000000000
48611  -14.527  -16.675  69.175 0.0000000000
48610  -13.812  -16.994  69.263 0.0000000000
48609  -12.900  -16.897  69.279 0.0000000000
48598  -12.495  -16.989  70.090 0.0000000000
47540  -13.301  -17.529  72.676 0.0000000000
47519  -13.344  -16.655  74.201 0.0000000000
48557  -13.610  -16.194  73.550 0.0000000000
53060  -14.531  -13.852  72.581 0.0000000000
131331  -14.343  -14.079  73.386 0.0000000000
51941  -14.786  -14.010  73.343 0.0000000000
65179  -46.308  -1.693  51.183 0.0000000000
138480  -37.814  -1.579  43.103 0.0000000000
64281  -37.909  -2.116  43.473 0.0000000000
66269  -39.532  -0.845  43.646 0.0000000000
65259  -39.129  -1.518  43.792 0.0000000000
65246  -39.942  -1.417  44.289 0.0000000000
121855  -40.707  -1.311  45.038 0.0000000000
67274  -40.389  0.722  42.551 0.0000000000
141964  -40.110  0.284  42.750 0.0000000000
67245  -41.979  0.157  46.106 0.0000000000
67256  -41.373  0.136  45.592 0.0000000000
66240  -42.164  -0.122  46.127 0.0000000000
65227  -41.804  -0.720  45.536 0.0000000000
65228  -42.648  -0.846  45.492 0.0000000000
65229  -43.630  -1.041  45.347 0.0000000000
66242  -44.064  -0.411  45.996 0.0000000000
67247  -45.446  0.474  46.197 0.0000000000
66243  -46.059  -0.019  45.416 0.0000000000
72424  -42.444  5.235  40.481 0.0000000000
71351  -42.065  4.661  40.940 0.0000000000
72412  -42.774  5.045  41.081 0.0000000000
71334  -44.472  4.592  43.731 0.0000000000
71333  -43.893  4.141  43.229 0.0000000000
70338  -44.261  3.850  44.037 0.0000000000
137165  -44.125  3.174  44.387 0.0000000000
70331  -44.588  3.615  44.913 0.0000000000
125691  -47.874  8.095  34.252 0.0000000000
127902  -48.733  7.916  34.269 0.0000000000
138265  -50.209  7.982  34.169 0.0000000000
133275  -51.100  8.159  34.053 0.0000000000
124485  -51.111  7.962  33.284 0.0000000000
135546  -49.241  7.884  31.454 0.0000000000
75654  -50.202  7.955  31.242 0.0000000000
74523  -52.439  7.457  32.074 0.0000000000
75634  -52.615  8.132  32.804 0.0000000000
76600  -53.531  9.835  32.790 0.0000000000
75635  -53.445  8.662  32.463 0.0000000000
74541  -54.186  8.203  30.898 0.0000000000
75649  -54.319  9.464  31.039 0.0000000000
77533  -55.681  11.004  31.151 0.0000000000
76623  -54.930  10.200  30.425 0.0000000000
141221  -52.735  7.413  27.664 0.0000000000
74586  -52.158  7.303  28.084 0.0000000000
139813  -53.606  7.216  28.885 0.0000000000
74573  -53.869  7.314  29.557 0.0000000000
134915  -54.245  7.455  28.723 0.0000000000
76628  -55.639  10.043  28.703 0.0000000000
77544  -55.854  10.474  29.275 0.0000000000
135470  -56.043  10.877  29.682 0.0000000000
76651  -56.568  10.174  26.471 0.0000000000
129376  -56.967  10.256  25.632 0.0000000000
140191  -30.496  -8.149  55.777 0.0000000000
117371  -31.232  -7.792  55.610 0.0000000000
134147  -32.298  -7.420  57.021 0.0000000000
140278  -32.722  -7.201  57.228 0.0000000000
62199  -38.911  -4.508  44.918 0.0000000000
123648  -40.160  -4.508  45.578 0.0000000000
63288  -39.240  -3.748  44.437 0.0000000000
64267  -38.903  -2.942  44.134 0.0000000000
129079  -46.040  9.763  35.843 0.0000000000
77480  -47.153  11.033  36.671 0.0000000000
78349  -49.446  11.927  36.892 0.0000000000
78350  -50.356  12.161  36.678 0.0000000000
77483  -50.900  11.389  36.241 0.0000000000
77492  -50.662  9.614  35.716 0.0000000000
47537  -10.786  -17.488  72.741 0.0000000000
47536  -9.794  -17.600  73.012 0.0000000000
64181  -36.084  -2.583  51.251 0.0000000000
137295  -36.635  -2.521  51.649 0.0000000000
64212  -36.549  -2.806  49.719 0.0000000000
58708  -20.296  -7.018  68.187 0.0000000000
59745  -21.149  -5.886  70.290 0.0000000000
59754  -21.385  -6.048  69.393 0.0000000000
60834  -22.000  -5.709  70.077 0.0000000000
59802  -27.869  -5.978  62.994 0.0000000000
60928  -28.481  -5.730  63.257 0.0000000000
60909  -28.382  -5.411  64.100 0.0000000000
60891  -28.029  -4.821  65.519 0.0000000000
127618  -28.645  -4.606  64.984 0.0000000000
61987  -29.019  -3.703  66.426 0.0000000000
131314  -14.684  -13.056  70.008 0.0000000000
134012  -14.655  -13.058  70.733 0.0000000000
53087  -14.617  -13.335  71.107 0.0000000000
69352  -40.182  2.833  40.015 0.0000000000
135631  -40.389  2.591  40.855 0.0000000000
142707  -40.805  3.317  40.475 0.0000000000
70356  -41.650  3.504  41.758 0.0000000000
63167  -35.572  -3.645  52.810 0.0000000000
53135  -16.520  -13.019  67.355 0.0000000000
129257  -16.633  -12.009  67.718 0.0000000000
53126  -17.171  -12.245  67.094 0.0000000000
55451  -17.937  -11.081  66.297 0.0000000000
55479  -18.277  -10.931  64.034 0.0000000000
141673  -19.692  -9.123  64.516 0.0000000000
117366  -30.450  -8.160  58.076 0.0000000000
134437  -29.541  -8.383  57.853 0.0000000000
140614  -29.944  -8.115  58.539 0.0000000000
117367  -29.777  -7.723  59.222 0.0000000000
119442  -29.617  -7.359  60.041 0.0000000000
117376  -30.443  -7.070  60.795 0.0000000000
117719  -31.162  -6.733  61.436 0.0000000000
117760  -31.926  -6.640  61.499 0.0000000000
117432  -34.430  -6.184  60.099 0.0000000000
134515  -35.464  -5.079  59.771 0.0000000000
134170  -35.561  -4.349  59.959 0.0000000000
50892  -16.526  -14.768  65.920 0.0000000000
52010  -16.692  -13.974  66.523 0.0000000000
65201  -42.637  -1.390  49.684 0.0000000000
65202  -43.282  -1.267  49.513 0.0000000000
65209  -43.681  -1.916  48.978 0.0000000000
131108  -43.772  -2.792  48.576 0.0000000000
62190  -42.936  -4.328  45.820 0.0000000000
62173  -43.420  -4.371  46.361 0.0000000000
62174  -44.275  -4.239  46.328 0.0000000000
63265  -45.151  -4.131  46.343 0.0000000000
62176  -46.582  -4.133  46.946 0.0000000000
63280  -45.426  -3.420  45.691 0.0000000000
64259  -46.047  -2.077  44.918 0.0000000000
73442  -42.238  6.364  38.464 0.0000000000
73443  -42.947  6.754  38.644 0.0000000000
74457  -43.622  7.202  38.988 0.0000000000
74458  -44.268  7.683  39.473 0.0000000000
76540  -46.097  10.766  39.431 0.0000000000
76539  -45.669  9.858  39.628 0.0000000000
76532  -46.121  10.239  40.314 0.0000000000
77522  -55.092  11.302  32.471 0.0000000000
69361  -37.884  1.930  38.103 0.0000000000
143180  -39.699  5.695  35.971 0.0000000000
72472  -39.595  5.574  35.412 0.0000000000
73477  -40.516  6.051  34.952 0.0000000000
135419  -43.405  7.272  33.721 0.0000000000
134952  -43.935  7.715  33.822 0.0000000000
74511  -44.700  7.440  33.264 0.0000000000
128889  -45.731  7.521  33.013 0.0000000000
74533  -44.810  7.166  31.812 0.0000000000
127084  -13.313  -15.805  78.961 0.0000000000
49576  -12.931  -16.196  79.541 0.0000000000
48520  -12.557  -16.662  79.695 0.0000000000
142976  -12.070  -16.962  79.803 0.0000000000
45535  -11.618  -19.734  80.531 0.0000000000
45529  -10.231  -20.067  80.538 0.0000000000
45533  -10.140  -19.429  80.394 0.0000000000
46451  -9.148  -19.333  80.218 0.0000000000
45532  -9.289  -19.744  80.343 0.0000000000
45527  -8.968  -20.591  80.525 0.0000000000
44624  -8.648  -20.709  80.540 0.0000000000
44617  -8.632  -21.438  80.686 0.0000000000
43723  -9.083  -21.872  80.776 0.0000000000
42782  -9.118  -22.441  81.263 0.0000000000
65132  -37.600  -1.749  56.567 0.0000000000
65125  -37.949  -0.769  56.989 0.0000000000
65166  -38.704  -1.596  52.843 0.0000000000
65157  -40.114  -1.190  53.095 0.0000000000
66171  -40.701  -0.698  52.993 0.0000000000
65169  -41.173  -1.442  52.189 0.0000000000
65178  -41.587  -1.599  51.608 0.0000000000
65187  -41.320  -2.378  51.073 0.0000000000
64200  -40.850  -3.037  50.435 0.0000000000
62148  -38.363  -4.877  47.892 0.0000000000
127345  -38.753  -4.972  47.300 0.0000000000
119708  -36.445  -5.495  45.222 0.0000000000
56545  -17.073  -9.992  69.130 0.0000000000
124382  -16.914  -10.225  69.317 0.0000000000
57632  -17.334  -9.659  69.367 0.0000000000
57626  -18.021  -8.963  70.160 0.0000000000
126589  -19.244  -7.370  71.270 0.0000000000
122490  -21.890  -10.332  60.068 0.0000000000
119925  -21.144  -10.326  59.758 0.0000000000
55511  -21.714  -10.228  61.072 0.0000000000
55497  -21.678  -10.283  62.055 0.0000000000
55483  -22.120  -10.392  62.949 0.0000000000
56614  -22.450  -10.234  63.743 0.0000000000
123900  -25.190  -7.471  58.035 0.0000000000
58791  -24.481  -7.754  57.916 0.0000000000
58772  -24.883  -7.334  59.700 0.0000000000
58766  -24.786  -7.555  60.629 0.0000000000
59794  -26.157  -7.299  64.066 0.0000000000
58748  -25.868  -7.463  63.186 0.0000000000
56603  -24.737  -9.043  64.918 0.0000000000
57678  -25.071  -8.687  65.403 0.0000000000
59774  -25.006  -7.317  68.081 0.0000000000
59765  -25.493  -6.724  68.545 0.0000000000
60852  -25.859  -6.016  68.852 0.0000000000
48600  -14.512  -16.415  70.207 0.0000000000
140641  -14.134  -16.932  70.642 0.0000000000
47565  -13.681  -17.265  70.660 0.0000000000
48582  -13.915  -17.039  71.324 0.0000000000
49621  -13.902  -16.304  72.057 0.0000000000
119385  -13.742  -15.876  72.900 0.0000000000
51943  -15.829  -13.861  73.065 0.0000000000
65275  -38.223  -1.070  41.872 0.0000000000
65266  -38.215  -1.072  42.834 0.0000000000
133898  -39.371  -0.508  43.008 0.0000000000
66278  -39.981  -0.231  43.316 0.0000000000
131971  -42.097  1.203  44.167 0.0000000000
67266  -41.446  0.540  44.433 0.0000000000
67246  -42.993  0.252  46.247 0.0000000000
66226  -43.734  0.211  46.502 0.0000000000
67228  -43.696  0.596  46.581 0.0000000000
67229  -44.148  0.843  47.053 0.0000000000
67230  -44.952  0.920  47.041 0.0000000000
72414  -44.025  5.881  41.711 0.0000000000
72403  -43.751  5.228  42.122 0.0000000000
136294  -44.356  5.724  42.441 0.0000000000
125923  -44.658  5.216  43.587 0.0000000000
72389  -44.880  5.113  44.258 0.0000000000
75630  -48.172  7.751  32.647 0.0000000000
75619  -48.458  7.796  33.490 0.0000000000
123828  -48.928  7.844  32.743 0.0000000000
75631  -49.711  7.808  32.756 0.0000000000
74538  -52.143  7.467  31.328 0.0000000000
74540  -53.635  7.720  31.249 0.0000000000
74607  -52.562  8.058  26.433 0.0000000000
74599  -53.320  7.646  27.224 0.0000000000
74587  -54.896  8.132  28.426 0.0000000000
75668  -55.339  9.402  28.078 0.0000000000
77551  -56.062  10.477  28.485 0.0000000000
124852  -56.795  10.060  25.006 0.0000000000
76671  -57.375  9.793  25.058 0.0000000000
117816  -35.749  -5.296  57.689 0.0000000000
62084  -34.734  -5.141  54.156 0.0000000000
54299  -17.959  -12.072  62.594 0.0000000000
55494  -18.438  -10.663  62.499 0.0000000000
118072  -29.158  -8.583  55.114 0.0000000000
117807  -29.253  -8.494  56.043 0.0000000000
117370  -30.209  -8.244  57.204 0.0000000000
140243  -32.038  -7.251  59.383 0.0000000000
117963  -34.016  -6.641  58.827 0.0000000000
63246  -40.722  -3.887  47.680 0.0000000000
63247  -41.547  -3.779  47.654 0.0000000000
62151  -41.171  -4.431  47.104 0.0000000000
62188  -40.931  -4.420  45.538 0.0000000000
133954  -42.248  -4.359  45.707 0.0000000000
63290  -42.307  -3.146  44.946 0.0000000000
75575  -44.313  8.270  37.568 0.0000000000
140276  -45.081  9.274  37.733 0.0000000000
134555  -45.305  9.582  38.131 0.0000000000
76563  -45.783  10.246  36.750 0.0000000000
77462  -45.733  10.251  37.744 0.0000000000
142232  -46.519  11.298  38.838 0.0000000000
141915  -46.788  11.589  39.635 0.0000000000
78358  -51.769  12.397  36.103 0.0000000000
77503  -52.955  11.624  34.487 0.0000000000
119692  -8.773  -17.751  73.110 0.0000000000
47514  -8.711  -18.036  74.017 0.0000000000
123737  -37.215  -2.327  54.193 0.0000000000
64167  -37.256  -2.157  53.431 0.0000000000
65175  -38.023  -1.889  52.294 0.0000000000
120915  -40.039  -3.265  50.962 0.0000000000
119047  -37.942  -4.003  49.348 0.0000000000
62136  -37.399  -4.098  48.680 0.0000000000
58699  -18.556  -7.782  69.828 0.0000000000
58693  -19.081  -7.230  70.361 0.0000000000
59736  -19.842  -6.790  71.526 0.0000000000
60810  -21.962  -5.761  71.716 0.0000000000
55543  -22.027  -10.153  58.418 0.0000000000
55522  -22.818  -10.117  59.943 0.0000000000
136311  -23.255  -10.070  60.587 0.0000000000
59831  -26.874  -6.635  61.076 0.0000000000
126468  -26.397  -6.680  61.806 0.0000000000
59801  -27.196  -6.353  63.313 0.0000000000
126548  -26.430  -6.829  63.288 0.0000000000
142948  -26.462  -6.934  64.479 0.0000000000
59787  -26.609  -6.839  65.594 0.0000000000
59781  -26.715  -6.693  66.442 0.0000000000
60875  -26.980  -5.984  66.979 0.0000000000
60865  -27.323  -5.326  67.347 0.0000000000
60877  -27.820  -4.791  66.236 0.0000000000
61985  -27.678  -4.833  66.926 0.0000000000
61976  -27.765  -4.535  67.687 0.0000000000
48632  -14.756  -16.244  67.548 0.0000000000
49675  -15.064  -15.963  68.675 0.0000000000
50859  -14.764  -14.896  69.792 0.0000000000
50834  -13.931  -14.242  72.063 0.0000000000
53059  -14.210  -13.802  72.278 0.0000000000
53061  -15.286  -13.718  72.509 0.0000000000
67295  -39.231  0.697  40.686 0.0000000000
67281  -39.490  0.662  41.279 0.0000000000
135257  -39.917  1.235  41.558 0.0000000000
134681  -40.901  1.233  42.543 0.0000000000
69329  -40.600  2.259  41.503 0.0000000000
68283  -41.515  1.677  42.723 0.0000000000
68284  -42.127  1.827  43.224 0.0000000000
69302  -42.842  1.846  44.030 0.0000000000
70330  -43.637  2.440  44.430 0.0000000000
74550  -47.317  7.418  30.395 0.0000000000
120137  -48.866  7.165  30.210 0.0000000000
139405  -52.449  8.400  25.732 0.0000000000
75685  -54.810  8.696  26.056 0.0000000000
75696  -55.349  9.063  25.534 0.0000000000
76657  -55.943  9.452  24.869 0.0000000000
48552  -12.953  -17.157  74.741 0.0000000000
47510  -12.455  -17.600  75.126 0.0000000000
48548  -12.786  -16.747  75.644 0.0000000000
49601  -12.918  -15.780  76.706 0.0000000000
49578  -14.031  -15.944  79.268 0.0000000000
64137  -36.875  -2.669  58.062 0.0000000000
64138  -37.189  -2.171  57.324 0.0000000000
62067  -36.251  -4.222  56.339 0.0000000000
122950  -36.241  -3.207  55.099 0.0000000000
121414  -36.512  -2.684  53.799 0.0000000000
137979  -35.773  -3.295  52.179 0.0000000000
54234  -15.505  -11.409  69.662 0.0000000000
142362  -16.769  -11.379  68.023 0.0000000000
55416  -16.675  -10.460  68.789 0.0000000000
56562  -17.659  -9.716  67.609 0.0000000000
54265  -17.964  -11.625  65.711 0.0000000000
55438  -18.008  -10.498  66.494 0.0000000000
57649  -17.817  -8.981  67.940 0.0000000000
57650  -18.538  -8.531  67.518 0.0000000000
57651  -19.265  -8.020  67.144 0.0000000000
57672  -18.977  -8.782  65.810 0.0000000000
57652  -19.952  -7.760  66.972 0.0000000000
58727  -21.227  -7.760  66.862 0.0000000000
121529  -25.856  -7.812  56.045 0.0000000000
58802  -25.425  -7.629  56.717 0.0000000000
127304  -25.862  -7.453  58.034 0.0000000000
128308  -27.762  -8.460  56.476 0.0000000000
57737  -27.695  -8.388  57.410 0.0000000000
133944  -28.257  -8.428  57.627 0.0000000000
57727  -27.871  -8.269  58.149 0.0000000000
125179  -27.346  -7.780  58.799 0.0000000000
59855  -27.322  -7.167  59.611 0.0000000000
59842  -27.484  -6.788  60.421 0.0000000000
59833  -28.760  -6.636  61.525 0.0000000000
117368  -29.301  -7.014  60.787 0.0000000000
60946  -29.411  -5.756  62.892 0.0000000000
117393  -30.537  -5.074  63.641 0.0000000000
62011  -30.318  -4.281  64.293 0.0000000000
117873  -31.782  -4.405  63.503 0.0000000000
117384  -31.907  -5.770  62.755 0.0000000000
118110  -32.208  -4.963  63.045 0.0000000000
117405  -32.475  -3.977  63.386 0.0000000000
134224  -33.354  -3.861  62.898 0.0000000000
117682  -34.014  -3.364  62.736 0.0000000000
134257  -32.899  -6.746  60.373 0.0000000000
134193  -33.413  -6.384  61.031 0.0000000000
134372  -33.674  -6.008  61.361 0.0000000000
134121  -34.053  -4.785  61.682 0.0000000000
134483  -33.946  -3.978  62.186 0.0000000000
117697  -34.992  -3.168  61.794 0.0000000000
134279  -35.778  -2.490  61.013 0.0000000000
49688  -15.615  -15.620  66.889 0.0000000000
52001  -16.005  -14.088  67.266 0.0000000000
53116  -15.182  -12.567  68.930 0.0000000000
66194  -44.798  -0.725  51.270 0.0000000000
65203  -44.814  -1.212  49.790 0.0000000000
65205  -46.349  -1.792  50.340 0.0000000000
63221  -44.262  -3.456  48.315 0.0000000000
62154  -43.969  -4.323  47.052 0.0000000000
63250  -44.556  -4.068  47.671 0.0000000000
63223  -46.148  -3.732  48.594 0.0000000000
131382  -46.926  -3.696  48.717 0.0000000000
63267  -47.571  -3.797  46.946 0.0000000000
71388  -41.226  4.925  38.749 0.0000000000
71375  -41.538  4.845  39.535 0.0000000000
72433  -41.888  5.439  39.478 0.0000000000
72425  -43.077  5.719  40.514 0.0000000000
73429  -42.643  6.269  39.153 0.0000000000
73421  -43.128  6.252  39.763 0.0000000000
73412  -43.725  6.137  40.994 0.0000000000
73413  -44.329  6.538  41.394 0.0000000000
75541  -44.854  8.157  40.036 0.0000000000
136047  -44.957  7.808  40.710 0.0000000000
74443  -45.201  7.816  41.517 0.0000000000
44627  -5.957  -20.905  80.038 0.0000000000
64280  -36.685  -2.869  43.181 0.0000000000
123630  -37.447  -2.777  43.413 0.0000000000
64290  -36.389  -2.414  42.546 0.0000000000
64302  -36.886  -1.794  42.122 0.0000000000
65274  -37.465  -1.366  41.539 0.0000000000
66297  -37.740  -0.514  40.252 0.0000000000
66298  -38.446  -0.211  40.603 0.0000000000
67293  -38.173  0.210  39.869 0.0000000000
68317  -38.590  1.102  39.691 0.0000000000
69350  -38.887  1.950  39.280 0.0000000000
69362  -38.640  2.240  38.464 0.0000000000
69363  -39.379  2.567  38.791 0.0000000000
71400  -39.041  4.428  36.600 0.0000000000
71387  -40.682  4.615  38.332 0.0000000000
72444  -41.044  5.435  38.063 0.0000000000
135656  -41.241  5.953  37.539 0.0000000000
73458  -42.090  6.672  37.227 0.0000000000
74481  -42.563  7.149  36.986 0.0000000000
74489  -43.138  7.653  36.623 0.0000000000
137100  -40.508  5.692  34.090 0.0000000000
73478  -41.642  6.239  34.937 0.0000000000
75589  -43.771  8.128  36.125 0.0000000000
141247  -44.219  8.484  35.966 0.0000000000
75582  -44.636  8.810  35.810 0.0000000000
76577  -45.843  9.143  35.241 0.0000000000
76578  -46.721  9.135  35.173 0.0000000000
135080  -47.478  9.261  35.436 0.0000000000
75593  -48.210  8.970  35.478 0.0000000000
75606  -47.611  8.630  35.018 0.0000000000
75618  -47.185  8.000  33.914 0.0000000000
74521  -47.360  7.677  32.568 0.0000000000
74536  -47.100  7.785  31.744 0.0000000000
126105  -46.818  7.692  31.046 0.0000000000
128313  -45.694  7.362  30.346 0.0000000000
74549  -46.483  7.448  30.350 0.0000000000
74566  -46.108  7.429  29.700 0.0000000000
47509  -11.943  -18.014  75.077 0.0000000000
137137  -11.479  -17.927  75.678 0.0000000000
48536  -11.816  -16.786  77.827 0.0000000000
47500  -11.424  -17.775  76.445 0.0000000000
47508  -10.745  -18.068  75.906 0.0000000000
46461  -12.851  -18.315  80.041 0.0000000000
47472  -12.102  -17.924  80.134 0.0000000000
48513  -11.603  -17.497  79.878 0.0000000000
46454  -11.082  -18.470  80.391 0.0000000000
47473  -11.024  -18.014  80.099 0.0000000000
47478  -10.723  -17.726  79.686 0.0000000000
47491  -9.917  -18.128  78.443 0.0000000000
46479  -8.837  -18.654  77.282 0.0000000000
123701  -8.486  -18.926  78.085 0.0000000000
46457  -8.378  -19.439  80.048 0.0000000000
43726  -6.402  -21.220  80.304 0.0000000000
43727  -7.207  -21.974  80.491 0.0000000000
43728  -7.998  -21.633  80.634 0.0000000000
43720  -7.964  -22.392  80.767 0.0000000000
65148  -43.965  -1.450  54.017 0.0000000000
66164  -43.690  -0.632  53.741 0.0000000000
66127  -38.673  -0.731  58.711 0.0000000000
65145  -38.466  -1.570  54.590 0.0000000000
65141  -38.874  -1.097  55.055 0.0000000000
66153  -39.506  -0.501  55.090 0.0000000000
67141  -41.682  0.354  54.708 0.0000000000
67147  -42.161  0.286  54.076 0.0000000000
67148  -42.794  0.104  53.892 0.0000000000
67152  -43.123  -0.049  53.185 0.0000000000
67153  -43.561  -0.398  52.797 0.0000000000
67159  -43.698  -0.472  51.978 0.0000000000
65189  -42.496  -0.984  50.395 0.0000000000
124513  -42.153  -2.018  49.258 0.0000000000
63218  -41.082  -3.261  48.210 0.0000000000
119608  -40.190  -3.801  50.241 0.0000000000
142374  -40.654  -3.249  49.601 0.0000000000
64214  -40.248  -3.890  49.351 0.0000000000
64228  -40.706  -3.129  48.805 0.0000000000
62168  -39.112  -4.944  46.516 0.0000000000
133101  -34.148  -2.875  48.887 0.0000000000
125027  -35.123  -3.434  47.917 0.0000000000
62167  -35.827  -4.912  46.891 0.0000000000
139758  -35.255  -5.544  45.711 0.0000000000
118807  -36.120  -5.525  46.330 0.0000000000
62197  -36.516  -5.076  44.378 0.0000000000
62211  -35.435  -4.843  43.559 0.0000000000
62212  -36.827  -4.268  43.717 0.0000000000
63298  -36.329  -3.659  43.323 0.0000000000
55395  -15.985  -11.082  70.153 0.0000000000
56527  -16.193  -11.125  70.090 0.0000000000
125868  -18.422  -10.868  61.734 0.0000000000
56611  -19.613  -9.692  63.118 0.0000000000
125295  -20.598  -9.258  64.326 0.0000000000
57686  -20.750  -8.840  65.058 0.0000000000
56586  -21.337  -8.825  65.507 0.0000000000
58728  -21.965  -7.835  66.798 0.0000000000
57735  -23.293  -8.483  57.804 0.0000000000
57726  -23.853  -8.237  58.512 0.0000000000
132200  -23.778  -9.534  60.644 0.0000000000
56628  -24.049  -9.840  61.375 0.0000000000
58760  -25.249  -7.252  61.228 0.0000000000
58754  -24.795  -7.973  61.392 0.0000000000
57711  -24.619  -8.911  61.427 0.0000000000
56615  -23.804  -10.325  63.109 0.0000000000
56602  -23.719  -9.939  64.583 0.0000000000
56588  -23.185  -9.646  65.299 0.0000000000
57677  -24.456  -9.061  65.724 0.0000000000
57676  -23.665  -9.238  65.896 0.0000000000
58729  -22.814  -8.053  66.898 0.0000000000
58719  -22.431  -7.495  67.404 0.0000000000
59762  -22.660  -6.487  68.581 0.0000000000
60849  -23.193  -6.090  69.247 0.0000000000
60850  -24.120  -6.313  69.303 0.0000000000
60836  -23.768  -5.864  69.954 0.0000000000
60853  -26.623  -5.717  68.564 0.0000000000
60839  -26.297  -5.509  69.313 0.0000000000
134870  -12.279  -17.891  73.062 0.0000000000
48597  -11.484  -16.723  70.195 0.0000000000
47563  -12.104  -17.297  70.854 0.0000000000
138813  -13.409  -17.498  71.383 0.0000000000
47552  -12.667  -17.655  71.565 0.0000000000
47539  -12.688  -17.787  72.454 0.0000000000
47528  -12.827  -17.767  73.382 0.0000000000
135710  -13.056  -17.462  74.017 0.0000000000
51934  -15.733  -14.164  73.857 0.0000000000
137527  -39.405  -2.211  44.175 0.0000000000
64268  -40.921  -2.240  44.899 0.0000000000
64269  -41.785  -2.305  44.923 0.0000000000
64270  -42.699  -2.388  44.843 0.0000000000
66270  -40.438  -0.268  43.996 0.0000000000
133967  -40.905  -0.070  44.643 0.0000000000
66260  -41.055  -0.489  45.338 0.0000000000
141833  -41.250  -0.738  45.445 0.0000000000
65249  -42.220  -1.527  45.100 0.0000000000
64272  -44.148  -2.051  44.830 0.0000000000
64273  -45.160  -2.060  44.741 0.0000000000
138192  -45.496  -1.301  44.818 0.0000000000
129285  -45.186  -0.348  45.414 0.0000000000
71362  -41.638  4.529  40.352 0.0000000000
70357  -42.006  4.151  41.704 0.0000000000
71341  -43.440  4.543  42.510 0.0000000000
71340  -42.659  4.277  42.166 0.0000000000
70337  -43.587  3.275  43.628 0.0000000000
69294  -44.418  2.419  46.042 0.0000000000
69276  -45.100  1.891  47.217 0.0000000000
75594  -49.138  8.679  35.554 0.0000000000
75595  -50.153  8.772  35.406 0.0000000000
75609  -50.584  8.356  34.743 0.0000000000
76582  -51.045  9.093  35.147 0.0000000000
76591  -51.888  9.465  34.704 0.0000000000
137119  -52.418  9.261  34.133 0.0000000000
127886  -48.383  7.753  31.357 0.0000000000
75632  -50.558  7.779  32.655 0.0000000000
75646  -50.791  7.778  31.857 0.0000000000
137928  -51.868  8.168  33.498 0.0000000000
75622  -52.529  8.710  33.646 0.0000000000
76599  -52.940  9.883  33.510 0.0000000000
77521  -54.293  10.837  32.577 0.0000000000
135048  -54.664  10.903  31.962 0.0000000000
120576  -55.342  11.125  31.807 0.0000000000
124818  -55.768  10.913  31.688 0.0000000000
74572  -52.154  7.583  29.716 0.0000000000
74557  -54.376  7.807  30.198 0.0000000000
132890  -54.780  8.552  29.671 0.0000000000
77543  -55.628  10.626  29.978 0.0000000000
76643  -56.735  10.406  27.244 0.0000000000
76659  -57.063  10.233  25.986 0.0000000000
43721  -8.316  -22.030  81.191 0.0000000000
44618  -8.906  -21.308  80.661 0.0000000000
45531  -8.756  -20.010  80.384 0.0000000000
46453  -10.564  -18.641  80.264 0.0000000000
46456  -12.204  -18.276  80.131 0.0000000000
46458  -8.959  -19.155  80.113 0.0000000000
47470  -10.872  -18.093  80.193 0.0000000000
47471  -11.347  -18.117  80.160 0.0000000000
47474  -11.495  -17.980  80.239 0.0000000000
47475  -12.870  -17.434  79.913 0.0000000000
47485  -10.150  -18.126  79.470 0.0000000000
48514  -12.020  -17.204  79.840 0.0000000000
48519  -12.377  -16.600  79.525 0.0000000000
48521  -14.327  -16.249  79.062 0.0000000000
48537  -12.453  -16.392  77.303 0.0000000000
49570  -13.163  -16.306  79.748 0.0000000000
49571  -13.662  -16.171  79.751 0.0000000000
49577  -13.527  -15.973  79.460 0.0000000000
53099  -14.533  -13.236  70.589 0.0000000000
59800  -26.710  -6.675  64.018 0.0000000000
63266  -46.004  -3.872  46.348 0.0000000000
63278  -42.717  -3.850  45.371 0.0000000000
65258  -38.376  -1.497  43.440 0.0000000000
66181  -41.112  -0.899  52.571 0.0000000000
66210  -43.634  -0.816  49.958 0.0000000000
66259  -40.521  -0.747  44.637 0.0000000000
67142  -42.408  0.171  54.582 0.0000000000
67294  -38.789  0.484  40.327 0.0000000000
68251  -44.397  1.507  47.080 0.0000000000
68306  -40.025  1.934  41.224 0.0000000000
69319  -42.237  2.614  42.767 0.0000000000
71353  -43.084  4.840  41.791 0.0000000000
75604  -44.651  8.465  34.568 0.0000000000
75647  -51.657  7.481  31.874 0.0000000000
75694  -53.779  8.522  25.323 0.0000000000
126427  -11.337  -19.025  80.526 0.0000000000
131454  -44.006  -1.251  49.601 0.0000000000
137253  -40.481  -0.270  54.100 0.0000000000
138672  -53.984  7.697  30.761 0.0000000000
140586  -40.304  1.093  42.106 0.0000000000
141325  -49.251  8.018  32.134 0.0000000000
141886  -12.828  -16.194  76.181 0.0000000000
142412  -23.612  -10.041  60.974 0.0000000000
142495  -12.236  -17.665  72.020 0.0000000000
