#!ascii label  , from subject sub_0001 vox2ras=TkReg
1872
57750  -38.095  -7.983  56.788 0.0000000000
136628  -28.254  -10.985  73.216 0.0000000000
63354  -39.303  -3.258  39.605 0.0000000000
138221  -31.295  -9.481  46.504 0.0000000000
56748  -41.290  -9.895  46.411 0.0000000000
56577  -34.547  -9.614  66.445 0.0000000000
49741  -29.889  -16.207  63.350 0.0000000000
53251  -28.263  -12.062  55.600 0.0000000000
131859  -21.618  -10.695  71.170 0.0000000000
73407  -48.122  6.518  42.440 0.0000000000
45691  -27.106  -19.277  60.073 0.0000000000
55593  -35.227  -9.980  51.985 0.0000000000
119134  -36.755  -8.997  46.283 0.0000000000
118394  -40.465  -9.569  51.971 0.0000000000
54308  -37.652  -10.452  61.209 0.0000000000
54316  -31.840  -11.414  61.257 0.0000000000
53254  -33.752  -13.406  55.081 0.0000000000
53316  -29.178  -12.292  50.770 0.0000000000
122186  -49.514  7.374  38.338 0.0000000000
54191  -25.006  -11.260  72.966 0.0000000000
48656  -23.999  -16.225  63.919 0.0000000000
46546  -26.497  -18.176  67.463 0.0000000000
137938  -40.722  -6.826  43.389 0.0000000000
56540  -31.965  -9.049  70.151 0.0000000000
50874  -28.743  -15.012  69.173 0.0000000000
55453  -28.607  -10.249  65.584 0.0000000000
52061  -26.118  -13.101  60.012 0.0000000000
49638  -21.323  -15.227  71.301 0.0000000000
59991  -47.866  -6.711  46.096 0.0000000000
63317  -46.579  -2.901  42.867 0.0000000000
69296  -48.832  2.608  44.402 0.0000000000
119848  -43.787  0.808  40.742 0.0000000000
70406  -43.925  2.932  37.886 0.0000000000
49737  -19.666  -15.861  63.020 0.0000000000
132172  -31.637  -19.221  63.460 0.0000000000
56675  -36.579  -9.267  54.400 0.0000000000
56684  -38.146  -9.670  52.362 0.0000000000
58845  -38.794  -7.520  53.520 0.0000000000
55544  -38.272  -9.861  59.116 0.0000000000
52075  -36.601  -13.269  58.755 0.0000000000
54377  -36.027  -10.802  56.534 0.0000000000
121224  -34.127  -11.519  53.974 0.0000000000
63371  -37.225  -3.465  36.855 0.0000000000
64354  -39.269  -1.875  37.656 0.0000000000
54179  -26.314  -11.168  74.060 0.0000000000
49667  -25.651  -15.748  69.917 0.0000000000
48589  -27.944  -16.495  71.805 0.0000000000
119617  -32.060  -9.223  44.208 0.0000000000
55658  -39.667  -10.055  46.872 0.0000000000
56782  -37.258  -10.426  44.247 0.0000000000
119956  -39.262  -10.830  43.966 0.0000000000
121151  -39.624  -8.708  42.533 0.0000000000
56805  -42.402  -9.325  43.834 0.0000000000
56556  -33.395  -9.172  68.332 0.0000000000
55429  -30.667  -9.769  67.898 0.0000000000
142380  -31.993  -9.875  66.059 0.0000000000
53216  -30.393  -11.974  58.227 0.0000000000
120826  -28.891  -11.343  60.836 0.0000000000
53214  -26.816  -11.785  58.336 0.0000000000
55611  -30.561  -10.452  49.214 0.0000000000
61119  -47.671  -5.932  44.397 0.0000000000
68286  -47.758  1.411  42.461 0.0000000000
70359  -46.183  3.878  41.956 0.0000000000
69354  -43.118  2.858  39.432 0.0000000000
72426  -45.898  4.977  40.057 0.0000000000
70423  -48.273  3.025  37.431 0.0000000000
51979  -21.601  -13.620  71.158 0.0000000000
49676  -20.502  -15.212  68.093 0.0000000000
52002  -21.353  -13.267  67.358 0.0000000000
122197  -24.416  -18.119  62.069 0.0000000000
47660  -22.746  -17.184  60.352 0.0000000000
46655  -24.587  -18.429  58.493 0.0000000000
49717  -29.164  -15.854  65.796 0.0000000000
46550  -31.702  -18.131  66.829 0.0000000000
48658  -31.558  -17.406  63.719 0.0000000000
56707  -33.521  -9.620  49.316 0.0000000000
56744  -34.100  -8.760  46.459 0.0000000000
118572  -36.005  -9.335  49.081 0.0000000000
55615  -38.845  -10.141  49.248 0.0000000000
56713  -40.995  -9.697  49.468 0.0000000000
55461  -36.420  -9.765  64.111 0.0000000000
54277  -33.623  -10.396  64.134 0.0000000000
53178  -34.746  -12.255  61.406 0.0000000000
52071  -33.074  -13.355  58.043 0.0000000000
52106  -30.570  -13.169  55.226 0.0000000000
120162  -29.104  -13.192  53.194 0.0000000000
120911  -32.055  -13.088  53.014 0.0000000000
54423  -32.113  -11.046  51.031 0.0000000000
74453  -48.269  8.352  40.920 0.0000000000
76541  -50.186  9.963  40.925 0.0000000000
56520  -23.050  -9.802  71.761 0.0000000000
53129  -23.544  -12.409  67.528 0.0000000000
51988  -24.720  -13.612  69.105 0.0000000000
47596  -25.596  -16.930  65.769 0.0000000000
46603  -27.025  -18.721  63.249 0.0000000000
56779  -34.604  -9.296  44.264 0.0000000000
123034  -38.277  -6.141  41.911 0.0000000000
62243  -40.404  -4.399  41.678 0.0000000000
130804  -29.717  -9.641  70.903 0.0000000000
51970  -28.526  -14.128  71.199 0.0000000000
54239  -28.789  -11.287  69.923 0.0000000000
128584  -27.622  -13.243  67.685 0.0000000000
52031  -26.932  -13.530  65.010 0.0000000000
55486  -30.572  -10.216  63.360 0.0000000000
53166  -26.932  -12.305  63.019 0.0000000000
142850  -27.300  -14.919  62.281 0.0000000000
59885  -40.946  -5.733  56.639 0.0000000000
59729  -28.622  -6.951  71.633 0.0000000000
59757  -32.586  -6.957  68.441 0.0000000000
139595  -33.969  -6.962  67.004 0.0000000000
61017  -42.200  -5.599  53.502 0.0000000000
57793  -43.467  -7.899  52.241 0.0000000000
57816  -43.822  -7.856  49.337 0.0000000000
58900  -46.911  -7.008  49.479 0.0000000000
58915  -44.754  -7.852  46.665 0.0000000000
60001  -44.969  -7.058  44.444 0.0000000000
62216  -44.083  -4.311  43.449 0.0000000000
63328  -43.603  -3.070  41.328 0.0000000000
66279  -49.085  -0.484  42.573 0.0000000000
65290  -45.747  -1.224  41.012 0.0000000000
141018  -42.523  -1.389  39.406 0.0000000000
67320  -40.965  0.135  38.197 0.0000000000
71391  -47.087  4.859  38.511 0.0000000000
47583  -20.377  -17.402  68.581 0.0000000000
46630  -19.186  -18.208  60.734 0.0000000000
50934  -22.009  -14.631  63.668 0.0000000000
139556  -20.503  -16.358  59.714 0.0000000000
47578  -29.863  -17.724  69.671 0.0000000000
119958  -29.143  -19.383  65.082 0.0000000000
134638  -29.250  -19.469  62.006 0.0000000000
45696  -31.445  -19.474  60.486 0.0000000000
56670  -37.032  -8.661  55.671 0.0000000000
56677  -37.427  -8.627  54.170 0.0000000000
58815  -38.219  -6.904  55.208 0.0000000000
56651  -38.664  -8.375  58.062 0.0000000000
55555  -36.962  -10.414  57.574 0.0000000000
56659  -37.090  -9.133  56.735 0.0000000000
55573  -36.222  -9.843  55.946 0.0000000000
62269  -38.401  -3.753  39.910 0.0000000000
64347  -38.229  -2.895  38.617 0.0000000000
64353  -38.399  -2.202  37.322 0.0000000000
64348  -39.676  -2.226  38.415 0.0000000000
54194  -27.041  -11.547  73.205 0.0000000000
50813  -26.554  -13.854  71.997 0.0000000000
51960  -27.256  -12.959  72.259 0.0000000000
56758  -30.224  -9.334  44.868 0.0000000000
56776  -31.841  -9.211  44.964 0.0000000000
55659  -40.388  -10.216  46.257 0.0000000000
55677  -39.271  -10.425  45.425 0.0000000000
55679  -40.963  -10.346  45.513 0.0000000000
56783  -41.118  -10.196  44.111 0.0000000000
56765  -42.625  -9.458  45.183 0.0000000000
56565  -34.146  -9.251  67.147 0.0000000000
55431  -32.578  -10.017  67.458 0.0000000000
55443  -33.663  -10.189  66.379 0.0000000000
135009  -29.024  -11.611  56.635 0.0000000000
54370  -28.979  -11.453  57.900 0.0000000000
53237  -27.222  -11.917  56.124 0.0000000000
53236  -26.211  -12.207  56.656 0.0000000000
55640  -30.933  -9.698  47.877 0.0000000000
55624  -29.055  -10.285  48.034 0.0000000000
55656  -29.912  -9.714  46.695 0.0000000000
71344  -47.655  4.877  43.060 0.0000000000
72404  -47.216  5.228  42.202 0.0000000000
71355  -46.394  4.835  41.555 0.0000000000
73414  -46.997  6.230  41.069 0.0000000000
125977  -21.580  -11.662  71.038 0.0000000000
51987  -21.521  -13.068  69.451 0.0000000000
54235  -22.303  -11.717  68.940 0.0000000000
46633  -25.618  -18.596  60.449 0.0000000000
46632  -24.770  -18.376  60.196 0.0000000000
46657  -26.072  -19.025  58.895 0.0000000000
44766  -26.477  -19.641  57.261 0.0000000000
45717  -27.431  -19.510  58.487 0.0000000000
118646  -29.579  -16.064  64.922 0.0000000000
49719  -30.382  -16.773  64.559 0.0000000000
125553  -31.262  -16.410  63.561 0.0000000000
55603  -34.096  -9.945  50.841 0.0000000000
56708  -34.703  -9.189  49.277 0.0000000000
56698  -35.561  -9.555  50.447 0.0000000000
122676  -39.132  -9.680  52.462 0.0000000000
56701  -38.541  -9.925  50.866 0.0000000000
55595  -39.851  -10.095  51.210 0.0000000000
55616  -39.645  -10.154  49.534 0.0000000000
56702  -41.115  -9.831  50.357 0.0000000000
55489  -37.568  -10.102  62.946 0.0000000000
53159  -35.591  -11.017  62.535 0.0000000000
120717  -36.758  -11.628  61.394 0.0000000000
52097  -35.210  -13.207  56.852 0.0000000000
52073  -34.863  -13.444  58.287 0.0000000000
52095  -33.558  -13.647  56.399 0.0000000000
52079  -31.998  -13.255  57.013 0.0000000000
52108  -32.399  -13.721  55.451 0.0000000000
120386  -31.522  -13.698  53.905 0.0000000000
53264  -32.800  -13.452  54.125 0.0000000000
55584  -34.579  -10.445  52.621 0.0000000000
54401  -33.294  -11.275  52.473 0.0000000000
55591  -33.613  -10.407  51.386 0.0000000000
55601  -32.594  -10.541  50.396 0.0000000000
54204  -24.058  -10.875  72.024 0.0000000000
54227  -24.165  -11.631  70.641 0.0000000000
53092  -24.582  -12.554  71.298 0.0000000000
124100  -26.105  -17.052  68.998 0.0000000000
48635  -26.124  -16.543  67.511 0.0000000000
46575  -25.869  -17.982  66.194 0.0000000000
46591  -25.397  -18.256  64.499 0.0000000000
46576  -26.512  -18.542  65.383 0.0000000000
57827  -35.473  -8.686  46.515 0.0000000000
57837  -34.139  -9.154  44.931 0.0000000000
118314  -36.013  -9.127  44.916 0.0000000000
54518  -37.667  -11.369  42.641 0.0000000000
123456  -36.325  -11.033  42.900 0.0000000000
54528  -36.776  -11.409  41.451 0.0000000000
57875  -39.977  -7.869  42.807 0.0000000000
58949  -38.719  -7.506  42.224 0.0000000000
60023  -39.585  -6.401  42.901 0.0000000000
61142  -38.760  -5.592  42.086 0.0000000000
61144  -40.753  -5.488  43.250 0.0000000000
56538  -30.388  -9.523  70.558 0.0000000000
54229  -29.271  -10.672  70.917 0.0000000000
55409  -30.214  -10.118  69.768 0.0000000000
123331  -28.898  -9.770  66.955 0.0000000000
54258  -28.548  -10.611  68.277 0.0000000000
54263  -27.783  -11.034  66.780 0.0000000000
53140  -27.192  -12.874  66.371 0.0000000000
53144  -27.003  -12.609  65.555 0.0000000000
127561  -33.483  -11.175  62.223 0.0000000000
140564  -32.216  -10.206  62.998 0.0000000000
54305  -31.235  -11.120  61.868 0.0000000000
123730  -27.084  -12.002  60.401 0.0000000000
54313  -27.736  -11.544  61.884 0.0000000000
53175  -26.603  -12.640  61.560 0.0000000000
52043  -26.586  -13.654  62.706 0.0000000000
52165  -29.126  -13.149  51.679 0.0000000000
59767  -33.006  -6.748  67.967 0.0000000000
58744  -36.895  -6.844  63.708 0.0000000000
61008  -41.858  -5.214  54.739 0.0000000000
58850  -44.109  -6.817  53.445 0.0000000000
58879  -44.944  -7.514  52.144 0.0000000000
57804  -43.372  -8.206  50.677 0.0000000000
128325  -45.499  -7.501  51.067 0.0000000000
58913  -47.238  -6.850  47.537 0.0000000000
58912  -46.332  -7.171  47.815 0.0000000000
58917  -46.461  -7.305  46.194 0.0000000000
58920  -45.087  -7.910  45.092 0.0000000000
58930  -46.259  -7.201  45.007 0.0000000000
124508  -47.172  -4.119  43.794 0.0000000000
135032  -45.674  -5.288  44.254 0.0000000000
63302  -45.597  -3.495  43.251 0.0000000000
63314  -43.473  -3.440  42.191 0.0000000000
63330  -45.037  -2.663  41.763 0.0000000000
68275  -49.346  1.284  43.766 0.0000000000
68297  -46.290  1.345  41.812 0.0000000000
67284  -47.020  0.082  41.395 0.0000000000
67299  -45.379  0.254  40.873 0.0000000000
65288  -43.999  -1.428  40.372 0.0000000000
67312  -43.144  -0.123  39.930 0.0000000000
65312  -42.089  -0.948  39.042 0.0000000000
67311  -42.585  0.213  39.643 0.0000000000
70391  -43.481  3.136  38.546 0.0000000000
69364  -41.918  2.426  38.145 0.0000000000
130495  -42.562  2.735  37.613 0.0000000000
74474  -48.483  7.490  38.737 0.0000000000
73445  -47.193  6.476  39.014 0.0000000000
73446  -47.895  6.610  38.501 0.0000000000
48648  -19.578  -15.531  65.799 0.0000000000
48647  -19.251  -16.430  65.582 0.0000000000
140993  -19.209  -16.847  64.050 0.0000000000
136386  -18.957  -18.286  62.225 0.0000000000
48676  -19.408  -16.487  62.526 0.0000000000
50895  -23.830  -13.976  66.217 0.0000000000
52023  -22.803  -13.418  65.548 0.0000000000
49728  -22.737  -14.988  64.005 0.0000000000
48696  -21.255  -16.121  60.110 0.0000000000
45758  -22.760  -19.306  55.446 0.0000000000
50855  -28.872  -15.357  70.152 0.0000000000
48592  -29.848  -16.731  70.843 0.0000000000
126861  -29.442  -16.652  69.336 0.0000000000
46579  -31.659  -18.700  65.570 0.0000000000
45636  -30.526  -19.156  66.382 0.0000000000
119197  -30.342  -19.428  64.060 0.0000000000
45664  -29.480  -19.436  63.451 0.0000000000
45675  -30.657  -19.414  62.593 0.0000000000
45709  -31.087  -19.666  59.640 0.0000000000
55586  -36.207  -9.943  53.250 0.0000000000
56683  -36.239  -9.847  52.271 0.0000000000
56680  -37.689  -9.149  53.637 0.0000000000
122767  -38.467  -9.337  53.169 0.0000000000
57786  -39.919  -8.832  52.878 0.0000000000
54320  -37.992  -10.511  60.646 0.0000000000
53195  -37.534  -12.293  60.478 0.0000000000
54361  -37.596  -11.670  58.865 0.0000000000
53243  -36.349  -11.903  57.091 0.0000000000
119410  -34.867  -11.971  56.042 0.0000000000
54385  -34.234  -11.830  54.693 0.0000000000
121100  -35.245  -10.786  55.135 0.0000000000
55576  -35.578  -10.228  54.616 0.0000000000
65319  -38.984  -1.202  36.443 0.0000000000
54192  -25.538  -11.360  72.949 0.0000000000
128701  -25.081  -13.928  71.768 0.0000000000
50826  -25.862  -14.012  71.805 0.0000000000
48587  -26.219  -15.991  71.356 0.0000000000
124070  -26.985  -17.520  69.860 0.0000000000
123103  -38.215  -9.618  46.929 0.0000000000
119558  -36.883  -9.528  44.934 0.0000000000
55676  -38.520  -10.306  45.382 0.0000000000
120061  -38.414  -11.096  44.038 0.0000000000
55714  -38.849  -10.847  42.404 0.0000000000
55731  -38.766  -10.176  41.880 0.0000000000
55716  -39.781  -9.954  42.831 0.0000000000
57860  -41.009  -9.118  43.351 0.0000000000
58939  -41.775  -7.919  43.465 0.0000000000
56547  -32.399  -9.135  69.476 0.0000000000
55410  -31.132  -9.962  69.396 0.0000000000
55420  -32.254  -9.801  68.244 0.0000000000
56563  -31.108  -9.564  67.000 0.0000000000
56591  -30.430  -9.329  65.570 0.0000000000
132807  -30.911  -11.622  59.541 0.0000000000
54331  -30.302  -11.368  60.817 0.0000000000
54346  -29.356  -11.481  59.274 0.0000000000
54357  -27.744  -11.544  58.893 0.0000000000
53202  -26.281  -12.426  59.182 0.0000000000
52070  -25.811  -13.893  58.675 0.0000000000
52078  -25.630  -13.433  57.905 0.0000000000
54436  -30.164  -11.081  49.828 0.0000000000
54450  -29.137  -10.815  48.929 0.0000000000
59999  -49.298  -5.897  45.550 0.0000000000
141991  -48.053  -6.380  44.760 0.0000000000
61121  -49.808  -5.110  44.724 0.0000000000
62220  -48.708  -4.191  44.074 0.0000000000
64283  -47.963  -2.754  43.276 0.0000000000
71336  -48.672  4.234  44.359 0.0000000000
69312  -48.936  2.149  43.816 0.0000000000
70340  -48.527  3.735  43.683 0.0000000000
69321  -46.765  2.621  42.595 0.0000000000
69332  -45.346  2.556  41.714 0.0000000000
68308  -43.185  1.466  40.462 0.0000000000
69331  -44.723  3.006  41.235 0.0000000000
71363  -44.908  4.028  39.861 0.0000000000
71376  -44.969  3.924  39.130 0.0000000000
72451  -50.579  4.917  38.061 0.0000000000
71392  -48.907  4.388  37.971 0.0000000000
70412  -49.352  3.496  37.778 0.0000000000
50839  -21.442  -14.497  71.334 0.0000000000
139950  -21.780  -15.551  70.144 0.0000000000
50860  -21.231  -14.091  69.239 0.0000000000
50882  -20.785  -14.198  67.489 0.0000000000
50906  -20.733  -14.098  65.493 0.0000000000
47630  -23.629  -17.135  63.125 0.0000000000
47629  -23.090  -16.808  62.712 0.0000000000
47649  -23.257  -17.413  61.578 0.0000000000
46643  -23.901  -18.075  59.099 0.0000000000
46669  -23.614  -18.101  57.113 0.0000000000
45744  -24.358  -19.402  55.895 0.0000000000
45730  -24.823  -19.068  56.738 0.0000000000
49692  -29.697  -15.834  67.670 0.0000000000
48636  -29.972  -17.450  67.528 0.0000000000
49707  -29.904  -17.302  65.709 0.0000000000
128281  -31.498  -17.873  65.550 0.0000000000
46592  -31.953  -18.765  64.324 0.0000000000
56718  -32.585  -9.613  48.230 0.0000000000
56743  -32.835  -9.224  46.670 0.0000000000
56731  -34.057  -9.242  48.022 0.0000000000
57811  -34.736  -8.838  47.663 0.0000000000
57820  -36.176  -8.914  47.749 0.0000000000
140730  -37.106  -9.626  50.788 0.0000000000
56711  -37.529  -9.742  49.620 0.0000000000
121519  -38.091  -9.589  48.170 0.0000000000
55641  -38.454  -9.726  47.614 0.0000000000
55643  -40.002  -10.025  47.887 0.0000000000
56726  -41.283  -9.396  48.225 0.0000000000
55446  -35.736  -9.947  65.619 0.0000000000
55458  -34.440  -10.319  65.686 0.0000000000
54279  -35.782  -10.472  64.302 0.0000000000
124361  -34.258  -11.569  62.171 0.0000000000
54318  -33.175  -11.981  61.100 0.0000000000
52056  -35.910  -13.154  60.188 0.0000000000
53206  -33.573  -12.762  59.699 0.0000000000
53205  -32.284  -12.181  59.672 0.0000000000
53217  -31.414  -12.397  58.314 0.0000000000
140134  -30.397  -12.470  56.515 0.0000000000
53252  -29.872  -12.849  55.070 0.0000000000
52119  -28.835  -12.742  53.918 0.0000000000
52133  -29.681  -13.274  53.825 0.0000000000
52155  -30.721  -13.549  52.882 0.0000000000
53303  -30.309  -12.566  51.714 0.0000000000
53277  -33.114  -12.320  53.590 0.0000000000
53290  -31.870  -12.366  52.357 0.0000000000
54411  -30.785  -11.877  51.327 0.0000000000
54437  -30.972  -10.867  50.022 0.0000000000
55627  -32.045  -9.997  48.831 0.0000000000
74444  -47.840  7.616  41.261 0.0000000000
75543  -48.897  8.969  41.678 0.0000000000
75544  -49.578  9.495  41.421 0.0000000000
75566  -49.928  8.978  39.411 0.0000000000
74476  -51.328  7.883  38.519 0.0000000000
73449  -51.678  6.578  38.401 0.0000000000
55388  -22.553  -9.896  71.176 0.0000000000
54236  -22.876  -11.143  69.193 0.0000000000
54237  -23.521  -11.309  69.282 0.0000000000
142598  -24.458  -12.824  68.341 0.0000000000
50896  -24.409  -14.443  66.882 0.0000000000
49666  -25.349  -15.007  69.379 0.0000000000
49690  -25.115  -15.247  67.435 0.0000000000
48650  -25.039  -16.484  65.240 0.0000000000
46600  -24.790  -17.952  64.119 0.0000000000
46612  -25.646  -18.453  62.756 0.0000000000
46623  -26.791  -18.787  61.706 0.0000000000
56761  -33.413  -9.099  45.246 0.0000000000
56778  -33.631  -9.299  44.291 0.0000000000
56802  -35.883  -9.866  43.688 0.0000000000
62258  -38.703  -4.369  40.741 0.0000000000
62260  -40.406  -3.833  40.818 0.0000000000
55378  -29.007  -10.762  72.013 0.0000000000
53081  -28.195  -11.730  71.716 0.0000000000
54218  -28.783  -11.308  71.315 0.0000000000
53112  -28.368  -12.430  70.119 0.0000000000
53122  -28.303  -13.053  69.488 0.0000000000
55417  -29.229  -10.262  68.771 0.0000000000
53121  -28.017  -12.370  68.997 0.0000000000
52006  -28.295  -14.286  68.752 0.0000000000
50884  -28.062  -15.132  67.331 0.0000000000
50911  -27.750  -15.226  65.355 0.0000000000
50924  -28.070  -15.605  64.305 0.0000000000
138769  -32.760  -10.080  64.432 0.0000000000
55470  -31.155  -9.735  64.090 0.0000000000
55469  -29.610  -10.100  64.417 0.0000000000
54303  -29.336  -11.033  62.224 0.0000000000
54288  -29.043  -10.846  63.062 0.0000000000
121851  -27.734  -11.230  64.186 0.0000000000
52030  -26.676  -13.173  64.132 0.0000000000
50936  -27.121  -15.018  63.737 0.0000000000
52152  -27.516  -12.777  52.850 0.0000000000
57752  -39.347  -7.579  57.355 0.0000000000
58805  -39.821  -6.821  56.917 0.0000000000
51959  -20.776  -13.483  72.027 0.0000000000
55376  -20.935  -10.248  72.442 0.0000000000
56519  -22.084  -9.075  72.810 0.0000000000
56509  -23.151  -9.359  72.725 0.0000000000
56499  -25.756  -9.950  74.178 0.0000000000
56500  -26.553  -9.677  74.061 0.0000000000
57602  -27.391  -9.081  73.202 0.0000000000
57610  -28.367  -8.789  72.125 0.0000000000
58680  -28.988  -8.159  71.233 0.0000000000
57622  -30.273  -8.567  70.484 0.0000000000
57627  -31.022  -8.313  70.062 0.0000000000
59747  -31.585  -6.645  69.090 0.0000000000
58702  -31.807  -8.041  69.193 0.0000000000
127755  -32.952  -8.453  67.970 0.0000000000
57645  -33.598  -8.609  67.694 0.0000000000
57655  -34.369  -8.154  66.514 0.0000000000
57668  -35.048  -8.585  65.776 0.0000000000
57679  -36.178  -8.591  64.409 0.0000000000
57689  -37.137  -8.843  63.232 0.0000000000
56644  -39.415  -8.566  58.803 0.0000000000
59898  -40.277  -5.856  55.031 0.0000000000
59925  -40.294  -6.445  52.894 0.0000000000
58862  -40.794  -7.420  52.544 0.0000000000
59914  -43.790  -5.893  53.782 0.0000000000
58848  -42.704  -7.160  52.868 0.0000000000
120034  -42.061  -8.775  52.134 0.0000000000
56704  -42.290  -9.184  51.285 0.0000000000
57807  -42.658  -8.599  49.625 0.0000000000
133002  -42.341  -8.813  47.579 0.0000000000
58905  -45.434  -7.426  49.221 0.0000000000
58903  -43.863  -7.842  47.871 0.0000000000
57829  -42.873  -9.048  46.120 0.0000000000
57840  -43.432  -8.755  45.443 0.0000000000
57863  -43.265  -8.048  44.134 0.0000000000
60013  -43.535  -6.696  43.831 0.0000000000
61117  -46.211  -6.234  44.547 0.0000000000
61134  -44.660  -5.708  44.099 0.0000000000
61132  -42.497  -5.630  43.593 0.0000000000
132195  -42.019  -4.370  42.622 0.0000000000
141329  -41.549  -4.056  41.560 0.0000000000
63341  -41.690  -3.360  40.473 0.0000000000
65269  -49.850  -1.188  43.529 0.0000000000
65267  -47.777  -1.405  42.234 0.0000000000
67275  -48.305  0.778  42.244 0.0000000000
65278  -47.293  -1.173  41.640 0.0000000000
64305  -46.277  -2.041  41.700 0.0000000000
138774  -44.933  -2.305  41.256 0.0000000000
120892  -43.085  -2.398  40.163 0.0000000000
64318  -41.638  -2.402  39.449 0.0000000000
65310  -40.754  -1.436  38.357 0.0000000000
65315  -40.319  -1.009  37.742 0.0000000000
66334  -39.920  0.142  36.708 0.0000000000
68319  -42.250  1.643  39.448 0.0000000000
68340  -40.806  1.407  37.372 0.0000000000
67336  -40.118  0.925  36.223 0.0000000000
73423  -47.194  6.978  40.696 0.0000000000
72447  -46.572  5.298  39.181 0.0000000000
70393  -45.236  3.542  38.468 0.0000000000
70410  -47.668  3.096  37.980 0.0000000000
70409  -46.707  2.956  37.835 0.0000000000
69373  -44.453  2.510  37.163 0.0000000000
48633  -20.169  -16.642  68.157 0.0000000000
53138  -22.554  -12.621  66.844 0.0000000000
50907  -21.396  -13.870  64.915 0.0000000000
50932  -20.789  -14.648  63.753 0.0000000000
49757  -22.121  -15.563  61.836 0.0000000000
49755  -20.671  -15.327  61.523 0.0000000000
49754  -19.967  -15.486  61.856 0.0000000000
47668  -19.476  -17.509  59.360 0.0000000000
50829  -28.547  -14.899  71.757 0.0000000000
47560  -29.009  -17.344  70.998 0.0000000000
120816  -28.466  -18.618  68.047 0.0000000000
46540  -30.842  -18.206  68.305 0.0000000000
46548  -29.345  -18.869  67.506 0.0000000000
119058  -28.121  -18.985  66.164 0.0000000000
141292  -28.062  -19.197  63.984 0.0000000000
124345  -28.058  -19.202  62.428 0.0000000000
122937  -28.252  -19.369  61.170 0.0000000000
47633  -32.315  -17.822  62.306 0.0000000000
45667  -32.311  -18.531  62.534 0.0000000000
119285  -31.420  -19.348  61.457 0.0000000000
45684  -30.623  -19.481  61.097 0.0000000000
45707  -29.497  -19.627  59.616 0.0000000000
45706  -28.603  -19.573  59.540 0.0000000000
56671  -37.486  -8.414  56.444 0.0000000000
57764  -37.674  -7.736  55.679 0.0000000000
57765  -38.498  -7.366  56.201 0.0000000000
56661  -38.599  -8.254  57.493 0.0000000000
55566  -37.245  -9.535  57.467 0.0000000000
56660  -37.663  -8.657  57.222 0.0000000000
63353  -38.544  -3.189  39.249 0.0000000000
64336  -39.114  -2.763  38.886 0.0000000000
64337  -40.091  -2.674  39.202 0.0000000000
54195  -27.746  -11.158  73.399 0.0000000000
53069  -27.560  -11.728  72.660 0.0000000000
56741  -30.641  -9.448  45.971 0.0000000000
118904  -31.077  -9.226  45.165 0.0000000000
56759  -31.570  -9.303  45.798 0.0000000000
55694  -41.348  -10.263  44.793 0.0000000000
56764  -41.815  -10.032  45.401 0.0000000000
56566  -34.512  -9.004  66.525 0.0000000000
55433  -34.058  -9.856  66.945 0.0000000000
55444  -34.438  -10.055  66.345 0.0000000000
53238  -28.211  -11.703  56.426 0.0000000000
56728  -30.725  -9.643  46.994 0.0000000000
56740  -29.672  -9.607  45.760 0.0000000000
72406  -48.356  6.210  43.278 0.0000000000
72405  -47.889  5.697  42.757 0.0000000000
72416  -47.493  5.999  41.880 0.0000000000
73415  -47.628  6.814  41.566 0.0000000000
141287  -21.873  -11.663  70.303 0.0000000000
122734  -22.295  -11.307  69.714 0.0000000000
46634  -26.507  -18.898  60.726 0.0000000000
46646  -26.271  -18.932  59.801 0.0000000000
45716  -26.651  -19.344  58.257 0.0000000000
45704  -26.859  -19.303  59.171 0.0000000000
49730  -29.225  -16.132  64.200 0.0000000000
49731  -30.105  -16.234  63.987 0.0000000000
49742  -30.900  -16.180  63.253 0.0000000000
56690  -34.945  -9.808  51.074 0.0000000000
56695  -39.850  -9.906  51.948 0.0000000000
56694  -39.238  -10.057  51.569 0.0000000000
55596  -40.347  -9.928  51.493 0.0000000000
55606  -40.446  -10.041  50.803 0.0000000000
138243  -41.061  -9.756  51.314 0.0000000000
54296  -37.384  -10.025  61.930 0.0000000000
54307  -36.525  -10.773  61.834 0.0000000000
53171  -37.140  -10.804  61.446 0.0000000000
53241  -34.750  -13.056  55.957 0.0000000000
52096  -34.408  -13.490  56.536 0.0000000000
52110  -34.066  -13.452  55.762 0.0000000000
52109  -33.287  -13.678  55.602 0.0000000000
52124  -33.012  -13.650  54.839 0.0000000000
55585  -35.458  -10.150  52.882 0.0000000000
55592  -34.360  -10.159  51.693 0.0000000000
54190  -24.453  -10.775  72.755 0.0000000000
54217  -24.398  -11.672  71.642 0.0000000000
54205  -24.785  -11.519  72.343 0.0000000000
47587  -26.475  -18.036  68.155 0.0000000000
142852  -26.288  -17.829  67.573 0.0000000000
46561  -26.126  -17.901  66.936 0.0000000000
133736  -26.245  -18.267  65.933 0.0000000000
135981  -26.775  -18.500  65.989 0.0000000000
57828  -36.143  -8.761  46.869 0.0000000000
57838  -35.646  -8.840  45.718 0.0000000000
56763  -36.457  -9.018  45.584 0.0000000000
54529  -37.511  -11.314  41.786 0.0000000000
54517  -36.903  -11.357  42.403 0.0000000000
58951  -40.075  -7.033  43.180 0.0000000000
60024  -40.314  -6.233  43.304 0.0000000000
122169  -39.952  -5.601  42.859 0.0000000000
60010  -41.093  -6.206  43.493 0.0000000000
56539  -31.281  -9.325  70.305 0.0000000000
55400  -30.880  -9.826  70.104 0.0000000000
55440  -29.100  -9.743  66.192 0.0000000000
55439  -28.365  -10.265  66.458 0.0000000000
54268  -27.817  -10.843  65.807 0.0000000000
53145  -27.382  -11.827  66.124 0.0000000000
136247  -32.389  -11.177  61.922 0.0000000000
53188  -26.581  -12.497  60.674 0.0000000000
53189  -27.171  -11.981  61.179 0.0000000000
52054  -26.298  -13.282  60.993 0.0000000000
52049  -26.464  -13.456  61.867 0.0000000000
53302  -29.534  -12.733  51.413 0.0000000000
58880  -45.439  -7.444  51.754 0.0000000000
123413  -48.505  -6.465  46.579 0.0000000000
123167  -48.143  -6.673  48.093 0.0000000000
59985  -47.975  -6.679  47.070 0.0000000000
134525  -46.681  -7.181  47.004 0.0000000000
58918  -47.215  -6.949  46.574 0.0000000000
58921  -46.557  -7.202  45.422 0.0000000000
58922  -47.162  -6.988  45.680 0.0000000000
63304  -47.341  -3.441  43.375 0.0000000000
63303  -46.417  -3.631  43.450 0.0000000000
121961  -45.918  -3.070  42.882 0.0000000000
63316  -45.131  -3.154  42.578 0.0000000000
64292  -45.882  -2.592  42.195 0.0000000000
70324  -48.318  3.415  45.390 0.0000000000
68269  -49.228  1.657  44.013 0.0000000000
69304  -48.976  2.328  44.049 0.0000000000
67282  -44.679  1.037  41.244 0.0000000000
67283  -45.698  0.878  41.381 0.0000000000
67298  -44.524  0.178  40.646 0.0000000000
67297  -43.748  0.024  40.285 0.0000000000
67296  -43.032  0.628  40.215 0.0000000000
136307  -43.176  2.980  37.912 0.0000000000
69372  -43.416  2.560  37.192 0.0000000000
74461  -49.202  8.271  39.026 0.0000000000
73447  -48.940  6.419  38.173 0.0000000000
49665  -21.800  -16.117  70.515 0.0000000000
49714  -19.599  -15.692  64.884 0.0000000000
49726  -19.560  -15.930  63.959 0.0000000000
48664  -19.329  -16.633  63.360 0.0000000000
49716  -23.855  -15.101  65.140 0.0000000000
50909  -23.398  -14.024  65.455 0.0000000000
49729  -23.558  -15.475  64.350 0.0000000000
46701  -21.965  -18.534  55.573 0.0000000000
50863  -28.867  -15.508  69.544 0.0000000000
49668  -28.975  -16.093  69.817 0.0000000000
49680  -29.306  -16.015  69.046 0.0000000000
45655  -31.486  -19.270  64.282 0.0000000000
45645  -31.387  -19.159  65.194 0.0000000000
135603  -30.265  -19.449  63.216 0.0000000000
45665  -31.064  -19.350  63.359 0.0000000000
55581  -36.144  -9.769  54.079 0.0000000000
56679  -36.888  -9.493  53.577 0.0000000000
131710  -37.068  -8.991  54.023 0.0000000000
58829  -38.134  -7.575  54.068 0.0000000000
56681  -38.359  -8.900  53.779 0.0000000000
57784  -38.587  -8.455  53.637 0.0000000000
118290  -39.208  -9.109  53.235 0.0000000000
57785  -39.263  -8.476  53.210 0.0000000000
54349  -38.074  -10.597  59.548 0.0000000000
54348  -37.872  -11.350  59.798 0.0000000000
54362  -37.802  -11.204  59.425 0.0000000000
54378  -36.790  -11.059  57.160 0.0000000000
53233  -36.937  -12.169  57.586 0.0000000000
54376  -35.550  -11.797  56.550 0.0000000000
54381  -35.378  -11.171  55.854 0.0000000000
56669  -36.524  -9.212  55.292 0.0000000000
55577  -36.084  -9.669  54.973 0.0000000000
55580  -35.547  -10.250  53.743 0.0000000000
63358  -36.793  -3.766  37.760 0.0000000000
65314  -38.843  -1.725  36.814 0.0000000000
54193  -26.015  -11.379  73.186 0.0000000000
53066  -25.764  -12.272  72.251 0.0000000000
141839  -26.038  -13.319  71.971 0.0000000000
49626  -27.304  -14.960  72.310 0.0000000000
49625  -26.677  -14.928  72.184 0.0000000000
48588  -26.998  -16.117  71.799 0.0000000000
47568  -26.706  -17.036  70.559 0.0000000000
129108  -27.549  -17.372  70.637 0.0000000000
56775  -31.161  -9.201  44.227 0.0000000000
55657  -38.813  -9.911  46.916 0.0000000000
56747  -38.342  -9.859  46.163 0.0000000000
119082  -39.015  -10.172  46.149 0.0000000000
55693  -39.689  -10.522  44.737 0.0000000000
55692  -38.824  -10.721  44.729 0.0000000000
55703  -38.791  -11.162  43.248 0.0000000000
55704  -39.532  -10.584  43.126 0.0000000000
56804  -41.593  -9.683  43.717 0.0000000000
56803  -40.710  -9.825  43.550 0.0000000000
125824  -41.170  -8.410  43.331 0.0000000000
57861  -41.807  -8.891  43.528 0.0000000000
56548  -33.019  -9.048  68.960 0.0000000000
56555  -32.760  -9.353  68.732 0.0000000000
55441  -32.045  -10.003  66.740 0.0000000000
56576  -31.328  -9.459  66.042 0.0000000000
56575  -30.416  -9.383  66.442 0.0000000000
54360  -30.913  -11.855  58.856 0.0000000000
54359  -30.219  -11.570  59.042 0.0000000000
137145  -29.547  -11.526  58.487 0.0000000000
54369  -28.003  -11.501  58.022 0.0000000000
54358  -28.695  -11.473  58.663 0.0000000000
124282  -26.934  -11.796  59.179 0.0000000000
53213  -25.901  -12.775  58.490 0.0000000000
53224  -26.069  -12.374  57.597 0.0000000000
54451  -29.798  -10.750  49.272 0.0000000000
54435  -29.368  -11.249  49.624 0.0000000000
139688  -50.830  -5.239  45.874 0.0000000000
61105  -49.289  -5.573  44.888 0.0000000000
63307  -50.091  -2.863  44.351 0.0000000000
137244  -49.416  -4.300  44.392 0.0000000000
130207  -49.214  -3.460  43.944 0.0000000000
63305  -48.609  -3.350  43.630 0.0000000000
64284  -49.093  -2.491  43.411 0.0000000000
72398  -48.582  5.804  44.051 0.0000000000
138404  -48.309  6.687  45.255 0.0000000000
72391  -48.471  5.880  44.927 0.0000000000
72399  -48.550  5.091  44.401 0.0000000000
127198  -48.802  3.326  44.006 0.0000000000
71335  -48.616  4.587  43.947 0.0000000000
71343  -46.918  4.387  42.522 0.0000000000
70349  -47.643  3.901  43.219 0.0000000000
70348  -46.761  3.475  42.653 0.0000000000
69320  -46.029  3.010  42.189 0.0000000000
70358  -45.484  3.384  41.529 0.0000000000
138025  -45.933  4.823  40.710 0.0000000000
71364  -45.457  4.426  40.307 0.0000000000
132615  -45.482  4.418  39.617 0.0000000000
71394  -51.075  4.024  38.150 0.0000000000
71393  -49.976  4.189  38.069 0.0000000000
51968  -21.198  -13.621  71.750 0.0000000000
49664  -21.769  -14.850  70.183 0.0000000000
121472  -21.617  -13.917  70.267 0.0000000000
51995  -21.389  -12.954  68.321 0.0000000000
50872  -21.068  -13.873  68.157 0.0000000000
50893  -20.646  -14.123  66.475 0.0000000000
50894  -21.260  -13.518  66.594 0.0000000000
46599  -24.095  -17.714  62.813 0.0000000000
47642  -23.359  -17.304  62.426 0.0000000000
46621  -24.003  -17.838  61.392 0.0000000000
139505  -24.993  -18.522  58.990 0.0000000000
46631  -24.036  -18.043  59.973 0.0000000000
46654  -23.802  -18.038  58.130 0.0000000000
46670  -24.358  -18.495  57.449 0.0000000000
46671  -25.132  -18.810  57.709 0.0000000000
44767  -27.296  -19.942  57.058 0.0000000000
44790  -26.750  -20.212  56.618 0.0000000000
49705  -29.572  -15.887  66.602 0.0000000000
49706  -29.636  -16.211  66.408 0.0000000000
49720  -31.034  -17.118  64.256 0.0000000000
49708  -30.777  -17.431  65.040 0.0000000000
48651  -31.257  -17.555  64.509 0.0000000000
46580  -31.793  -18.358  64.905 0.0000000000
47619  -31.708  -17.822  63.580 0.0000000000
56706  -32.804  -9.824  49.057 0.0000000000
56719  -33.369  -9.472  48.509 0.0000000000
56709  -35.394  -9.314  49.627 0.0000000000
56720  -34.713  -9.017  48.480 0.0000000000
56721  -35.328  -9.043  48.860 0.0000000000
57812  -35.376  -8.893  48.086 0.0000000000
57813  -35.874  -9.081  48.453 0.0000000000
124474  -37.256  -9.718  52.194 0.0000000000
56692  -36.756  -9.673  51.422 0.0000000000
56693  -37.722  -9.647  51.390 0.0000000000
56712  -38.264  -10.002  49.883 0.0000000000
56724  -38.028  -9.877  48.952 0.0000000000
56723  -37.384  -9.504  48.444 0.0000000000
55628  -38.659  -9.992  48.363 0.0000000000
55630  -40.326  -9.976  48.892 0.0000000000
133929  -40.903  -9.587  48.740 0.0000000000
56725  -40.680  -9.699  48.067 0.0000000000
55460  -36.254  -9.957  65.128 0.0000000000
55459  -35.875  -10.225  65.233 0.0000000000
55472  -36.287  -10.127  64.454 0.0000000000
53169  -35.736  -11.743  61.893 0.0000000000
53168  -35.004  -11.833  62.073 0.0000000000
53167  -33.700  -11.851  61.783 0.0000000000
53177  -33.965  -12.237  61.338 0.0000000000
52076  -37.130  -13.080  59.417 0.0000000000
52058  -37.130  -12.873  60.145 0.0000000000
52064  -35.832  -13.336  59.296 0.0000000000
52072  -33.992  -13.438  58.176 0.0000000000
52062  -34.296  -13.258  59.145 0.0000000000
53219  -33.353  -13.032  58.882 0.0000000000
127688  -32.917  -12.534  59.411 0.0000000000
53218  -32.405  -12.629  58.756 0.0000000000
53230  -32.227  -12.955  57.809 0.0000000000
52093  -31.729  -13.412  56.192 0.0000000000
53240  -31.104  -12.759  56.901 0.0000000000
52092  -30.851  -13.037  56.021 0.0000000000
53253  -29.968  -12.555  55.814 0.0000000000
52120  -29.387  -12.790  54.527 0.0000000000
52121  -30.203  -13.296  54.498 0.0000000000
52135  -31.457  -13.632  53.237 0.0000000000
52134  -30.681  -13.622  53.687 0.0000000000
53288  -30.588  -13.088  52.313 0.0000000000
53289  -31.333  -13.147  52.616 0.0000000000
54384  -33.621  -12.248  54.138 0.0000000000
54393  -33.557  -11.600  53.351 0.0000000000
54412  -32.528  -11.453  51.903 0.0000000000
53305  -31.621  -11.730  51.588 0.0000000000
54422  -31.333  -11.329  50.751 0.0000000000
55614  -33.062  -10.078  49.824 0.0000000000
55613  -32.325  -10.316  49.602 0.0000000000
75551  -49.777  9.404  40.335 0.0000000000
75567  -50.949  8.914  39.158 0.0000000000
75568  -51.945  8.814  38.750 0.0000000000
74477  -52.240  7.456  38.403 0.0000000000
55397  -22.848  -10.270  70.482 0.0000000000
55398  -23.298  -10.483  70.435 0.0000000000
53104  -24.479  -12.454  70.246 0.0000000000
53111  -24.385  -12.353  69.323 0.0000000000
51996  -24.644  -13.426  68.263 0.0000000000
52004  -24.353  -13.509  67.372 0.0000000000
50883  -24.811  -14.348  67.846 0.0000000000
49640  -25.508  -14.977  71.127 0.0000000000
50853  -25.098  -14.393  71.013 0.0000000000
49655  -25.370  -14.979  70.354 0.0000000000
47592  -25.954  -16.740  66.592 0.0000000000
48626  -25.839  -15.778  67.936 0.0000000000
48634  -25.537  -16.054  67.009 0.0000000000
48642  -25.391  -16.239  66.083 0.0000000000
47605  -25.196  -17.081  64.988 0.0000000000
47618  -24.709  -17.291  64.281 0.0000000000
46601  -25.872  -18.498  64.061 0.0000000000
121700  -25.254  -18.329  63.616 0.0000000000
46602  -26.141  -18.541  63.384 0.0000000000
132431  -26.020  -18.530  62.068 0.0000000000
46613  -26.502  -18.604  62.603 0.0000000000
139852  -33.519  -8.972  46.795 0.0000000000
56760  -32.542  -9.197  45.711 0.0000000000
119526  -33.416  -8.974  46.094 0.0000000000
56800  -34.226  -9.508  43.588 0.0000000000
56781  -36.380  -9.749  44.220 0.0000000000
55701  -36.496  -10.492  43.575 0.0000000000
54516  -36.098  -11.310  42.150 0.0000000000
56830  -38.967  -9.366  42.082 0.0000000000
57882  -38.449  -8.967  41.425 0.0000000000
60035  -38.104  -6.913  41.893 0.0000000000
61152  -37.648  -6.205  41.496 0.0000000000
61143  -39.576  -5.016  42.109 0.0000000000
118787  -38.799  -4.901  41.495 0.0000000000
120687  -39.552  -4.350  41.224 0.0000000000
55379  -29.195  -10.197  71.312 0.0000000000
55390  -29.118  -10.786  71.556 0.0000000000
54240  -29.435  -10.587  70.258 0.0000000000
54228  -28.804  -11.340  70.565 0.0000000000
125878  -28.214  -11.969  69.604 0.0000000000
55419  -31.332  -9.899  68.521 0.0000000000
55418  -30.243  -10.067  68.852 0.0000000000
54257  -27.880  -11.281  67.743 0.0000000000
54249  -28.048  -11.500  68.542 0.0000000000
53131  -27.746  -12.325  68.138 0.0000000000
51997  -27.892  -13.323  68.506 0.0000000000
52005  -27.948  -14.273  67.987 0.0000000000
52024  -27.112  -13.443  65.809 0.0000000000
50897  -27.385  -13.852  66.373 0.0000000000
50910  -27.258  -14.367  65.631 0.0000000000
50923  -27.131  -14.762  64.767 0.0000000000
54278  -34.382  -10.575  64.738 0.0000000000
133157  -33.444  -10.312  65.241 0.0000000000
134560  -31.455  -10.187  63.154 0.0000000000
55487  -32.100  -9.935  63.794 0.0000000000
55455  -30.345  -9.512  64.684 0.0000000000
55485  -29.711  -10.367  63.605 0.0000000000
54330  -29.610  -11.364  60.610 0.0000000000
138660  -29.662  -11.216  61.383 0.0000000000
54301  -27.528  -11.637  62.735 0.0000000000
54302  -28.368  -11.231  62.485 0.0000000000
54287  -28.102  -11.200  63.338 0.0000000000
54286  -27.374  -11.770  63.565 0.0000000000
54274  -27.233  -11.922  64.278 0.0000000000
53158  -26.872  -12.449  63.851 0.0000000000
50944  -26.747  -14.346  62.116 0.0000000000
52037  -26.760  -13.877  63.524 0.0000000000
50935  -26.930  -14.562  62.887 0.0000000000
50945  -27.693  -15.196  62.811 0.0000000000
52132  -28.256  -12.698  53.361 0.0000000000
52153  -28.451  -13.118  52.614 0.0000000000
50823  -20.247  -14.048  72.078 0.0000000000
119056  -21.094  -9.366  72.974 0.0000000000
55356  -25.363  -10.569  74.047 0.0000000000
140390  -28.637  -8.314  71.772 0.0000000000
58694  -30.935  -7.374  69.867 0.0000000000
136767  -32.122  -6.585  68.657 0.0000000000
60841  -31.745  -6.102  68.648 0.0000000000
133274  -31.435  -7.217  69.409 0.0000000000
59756  -31.941  -7.212  68.841 0.0000000000
58703  -32.322  -8.061  68.452 0.0000000000
59777  -33.728  -6.530  67.060 0.0000000000
59768  -33.524  -7.035  67.519 0.0000000000
127622  -33.869  -7.787  67.139 0.0000000000
58724  -34.397  -7.199  66.561 0.0000000000
58733  -34.915  -7.504  65.969 0.0000000000
58734  -35.473  -7.685  65.343 0.0000000000
57669  -35.739  -8.590  65.065 0.0000000000
58739  -36.056  -7.709  64.771 0.0000000000
57688  -36.962  -7.910  63.527 0.0000000000
57695  -37.350  -8.021  62.904 0.0000000000
56605  -37.516  -9.626  63.128 0.0000000000
57739  -39.135  -7.871  58.028 0.0000000000
58817  -40.505  -6.220  56.251 0.0000000000
58816  -39.824  -6.602  55.912 0.0000000000
138612  -41.723  -5.251  53.883 0.0000000000
59912  -41.012  -5.370  54.296 0.0000000000
125769  -41.131  -5.479  53.088 0.0000000000
136220  -41.133  -6.525  52.649 0.0000000000
119287  -43.814  -7.278  52.862 0.0000000000
58849  -43.444  -6.959  53.196 0.0000000000
138094  -43.190  -7.477  52.718 0.0000000000
58864  -42.505  -7.982  52.346 0.0000000000
121614  -42.607  -8.555  51.788 0.0000000000
57809  -44.000  -7.933  50.193 0.0000000000
57803  -42.859  -8.475  50.324 0.0000000000
133360  -43.179  -8.207  49.189 0.0000000000
57814  -42.645  -8.494  48.604 0.0000000000
57815  -43.505  -7.980  48.545 0.0000000000
59978  -48.213  -6.583  48.960 0.0000000000
58899  -46.225  -7.235  49.787 0.0000000000
58911  -45.393  -7.512  47.372 0.0000000000
136234  -44.975  -7.545  47.947 0.0000000000
58910  -44.532  -7.697  47.563 0.0000000000
57823  -43.826  -8.126  47.001 0.0000000000
57830  -43.467  -8.603  46.291 0.0000000000
57831  -44.198  -8.389  46.044 0.0000000000
118312  -45.081  -7.596  44.680 0.0000000000
57850  -44.430  -7.982  44.721 0.0000000000
58928  -44.428  -7.478  44.350 0.0000000000
122057  -42.932  -7.446  43.783 0.0000000000
58940  -43.744  -7.388  44.045 0.0000000000
60004  -48.238  -6.094  44.512 0.0000000000
137683  -47.058  -6.277  44.582 0.0000000000
61118  -46.774  -5.528  44.411 0.0000000000
122364  -44.814  -4.733  43.839 0.0000000000
118602  -44.001  -5.234  43.820 0.0000000000
61133  -43.336  -5.845  43.736 0.0000000000
62215  -43.147  -4.795  43.554 0.0000000000
62214  -42.189  -4.866  43.334 0.0000000000
62230  -42.689  -3.866  42.434 0.0000000000
63327  -42.699  -3.507  41.455 0.0000000000
63326  -41.814  -3.772  41.120 0.0000000000
119086  -42.306  -3.339  40.730 0.0000000000
67278  -49.537  0.172  43.372 0.0000000000
133368  -49.774  -0.652  43.581 0.0000000000
127665  -49.342  -0.885  42.931 0.0000000000
64296  -49.256  -1.513  43.134 0.0000000000
65268  -48.683  -1.109  42.598 0.0000000000
69323  -48.612  2.153  43.442 0.0000000000
68287  -48.525  1.438  42.848 0.0000000000
66287  -46.623  -0.705  41.194 0.0000000000
66288  -47.446  -0.556  41.553 0.0000000000
65277  -46.501  -1.519  41.409 0.0000000000
65276  -45.884  -1.809  41.311 0.0000000000
64304  -45.564  -2.222  41.496 0.0000000000
64322  -45.243  -1.867  41.081 0.0000000000
64339  -43.198  -1.570  39.862 0.0000000000
135777  -43.695  -2.062  40.353 0.0000000000
64338  -42.486  -2.068  39.617 0.0000000000
64319  -42.261  -2.819  40.118 0.0000000000
64350  -41.259  -1.906  38.812 0.0000000000
65301  -41.932  -1.651  39.144 0.0000000000
126305  -41.497  -0.443  38.675 0.0000000000
66324  -40.896  -0.702  38.225 0.0000000000
137237  -39.931  -0.600  37.144 0.0000000000
66329  -40.438  -0.127  37.544 0.0000000000
69342  -43.400  2.317  40.349 0.0000000000
69341  -42.759  2.055  39.929 0.0000000000
68348  -41.182  2.088  36.920 0.0000000000
125285  -41.364  1.896  37.757 0.0000000000
67331  -40.383  0.782  37.030 0.0000000000
74452  -47.654  7.606  40.252 0.0000000000
135997  -46.979  5.728  38.931 0.0000000000
73444  -46.745  6.085  39.470 0.0000000000
71390  -46.384  4.495  38.817 0.0000000000
70394  -46.068  3.722  38.315 0.0000000000
70411  -48.515  3.155  37.891 0.0000000000
70396  -48.345  3.586  37.963 0.0000000000
69377  -47.859  2.917  37.710 0.0000000000
69375  -46.362  2.464  37.320 0.0000000000
69374  -45.463  2.390  37.202 0.0000000000
49677  -20.791  -15.622  68.999 0.0000000000
48623  -20.463  -15.998  68.413 0.0000000000
49689  -20.026  -15.802  67.708 0.0000000000
47603  -19.133  -17.425  65.444 0.0000000000
47595  -19.329  -17.043  66.303 0.0000000000
46598  -18.792  -18.402  63.528 0.0000000000
46620  -19.098  -18.215  61.529 0.0000000000
46619  -19.059  -18.820  61.166 0.0000000000
46629  -18.977  -19.077  60.408 0.0000000000
46641  -18.854  -19.113  59.305 0.0000000000
134803  -23.228  -11.534  68.718 0.0000000000
54246  -22.814  -11.705  68.409 0.0000000000
53128  -22.834  -12.210  67.551 0.0000000000
50921  -22.287  -14.234  64.291 0.0000000000
52022  -22.072  -13.462  65.315 0.0000000000
138614  -21.937  -13.842  64.701 0.0000000000
50933  -21.352  -14.689  63.515 0.0000000000
47641  -22.847  -16.941  61.956 0.0000000000
48677  -22.777  -16.101  62.117 0.0000000000
48688  -22.426  -16.122  61.297 0.0000000000
49756  -21.568  -15.423  61.305 0.0000000000
49767  -20.880  -15.591  60.744 0.0000000000
142848  -20.557  -15.207  62.198 0.0000000000
49766  -20.021  -15.741  61.085 0.0000000000
48694  -19.700  -16.500  60.739 0.0000000000
122661  -19.834  -16.785  59.788 0.0000000000
44788  -24.448  -20.314  55.784 0.0000000000
44806  -23.673  -19.822  55.540 0.0000000000
53093  -27.984  -13.054  71.493 0.0000000000
51962  -28.065  -14.196  71.966 0.0000000000
47572  -29.999  -17.161  70.314 0.0000000000
47561  -29.703  -17.036  71.054 0.0000000000
46524  -29.237  -18.035  69.839 0.0000000000
46529  -28.670  -18.289  69.620 0.0000000000
46538  -28.643  -18.511  68.877 0.0000000000
47589  -31.042  -17.984  68.243 0.0000000000
46541  -31.217  -18.122  67.528 0.0000000000
135199  -29.810  -19.372  65.736 0.0000000000
45624  -30.388  -18.860  67.229 0.0000000000
45643  -28.948  -19.266  65.912 0.0000000000
142804  -28.806  -19.083  66.665 0.0000000000
46578  -28.319  -19.219  65.282 0.0000000000
45652  -27.799  -19.094  64.647 0.0000000000
136457  -28.554  -19.308  64.484 0.0000000000
45673  -28.770  -19.391  62.771 0.0000000000
120799  -28.493  -19.335  61.934 0.0000000000
45682  -27.730  -19.130  61.789 0.0000000000
141501  -28.908  -19.470  61.395 0.0000000000
46606  -32.680  -17.984  61.829 0.0000000000
46605  -32.205  -18.280  62.615 0.0000000000
46615  -32.770  -18.098  61.623 0.0000000000
133095  -31.957  -19.327  61.030 0.0000000000
45685  -31.886  -19.201  61.643 0.0000000000
45721  -30.697  -19.917  58.920 0.0000000000
45708  -30.321  -19.649  59.611 0.0000000000
45719  -29.095  -19.750  58.802 0.0000000000
56676  -36.893  -8.762  54.699 0.0000000000
57763  -37.324  -8.151  54.856 0.0000000000
58814  -37.794  -7.441  54.700 0.0000000000
58830  -38.391  -6.918  54.249 0.0000000000
55556  -38.567  -9.028  58.606 0.0000000000
54363  -37.947  -9.801  58.705 0.0000000000
55567  -37.897  -8.942  58.022 0.0000000000
55564  -36.541  -10.220  56.655 0.0000000000
55574  -36.662  -9.486  56.253 0.0000000000
62268  -37.366  -4.064  39.622 0.0000000000
63352  -37.732  -3.375  39.125 0.0000000000
63359  -37.412  -3.204  38.284 0.0000000000
141125  -37.370  -3.149  37.555 0.0000000000
64360  -37.687  -2.719  37.038 0.0000000000
64352  -37.931  -2.707  37.841 0.0000000000
123076  -38.777  -2.401  38.141 0.0000000000
54180  -27.099  -11.127  74.029 0.0000000000
51948  -26.327  -12.879  72.226 0.0000000000
53068  -26.867  -12.388  72.502 0.0000000000
51949  -26.905  -13.534  72.251 0.0000000000
50827  -27.636  -14.771  72.357 0.0000000000
120907  -39.665  -10.307  46.052 0.0000000000
55678  -40.092  -10.440  45.465 0.0000000000
122599  -40.572  -10.391  44.739 0.0000000000
119501  -40.086  -10.217  43.992 0.0000000000
56784  -42.055  -9.932  44.388 0.0000000000
56557  -33.828  -9.020  67.878 0.0000000000
55421  -33.071  -9.699  67.971 0.0000000000
56564  -33.666  -9.445  67.587 0.0000000000
136817  -32.875  -10.126  66.771 0.0000000000
55442  -32.640  -10.152  65.997 0.0000000000
53227  -29.386  -11.616  57.240 0.0000000000
53226  -28.480  -11.531  57.230 0.0000000000
53225  -27.226  -11.687  57.165 0.0000000000
118487  -26.336  -12.204  55.787 0.0000000000
129653  -30.503  -10.029  48.434 0.0000000000
55625  -29.834  -10.344  48.621 0.0000000000
55639  -30.028  -9.905  47.707 0.0000000000
136994  -29.357  -10.036  47.193 0.0000000000
70339  -48.262  4.513  43.521 0.0000000000
72397  -48.302  5.315  43.481 0.0000000000
72415  -46.871  5.572  41.464 0.0000000000
72427  -46.408  5.490  40.663 0.0000000000
53091  -21.339  -12.707  71.665 0.0000000000
138908  -21.663  -13.058  70.327 0.0000000000
53103  -21.673  -12.504  70.772 0.0000000000
121095  -21.801  -12.353  68.868 0.0000000000
131078  -24.850  -18.338  61.173 0.0000000000
46645  -25.394  -18.624  59.475 0.0000000000
46656  -25.362  -18.719  58.592 0.0000000000
45715  -25.891  -19.143  57.963 0.0000000000
45732  -27.162  -19.615  57.726 0.0000000000
45733  -27.921  -19.821  57.691 0.0000000000
121792  -29.600  -16.238  65.612 0.0000000000
49718  -29.969  -16.344  64.652 0.0000000000
49732  -30.598  -16.402  64.038 0.0000000000
118916  -31.155  -16.422  63.744 0.0000000000
56697  -33.763  -9.726  50.076 0.0000000000
133644  -34.126  -9.441  49.545 0.0000000000
121853  -34.637  -9.521  50.145 0.0000000000
121885  -38.564  -9.887  51.766 0.0000000000
55594  -39.300  -10.120  50.844 0.0000000000
55604  -39.045  -10.229  50.127 0.0000000000
55605  -39.790  -10.134  50.409 0.0000000000
55617  -40.402  -9.991  49.912 0.0000000000
55473  -37.103  -9.832  63.347 0.0000000000
54280  -36.281  -10.223  63.657 0.0000000000
54294  -36.351  -10.581  62.745 0.0000000000
53170  -36.114  -11.239  61.878 0.0000000000
53180  -36.271  -12.007  61.473 0.0000000000
52083  -35.457  -13.362  57.659 0.0000000000
52074  -35.713  -13.422  58.432 0.0000000000
52082  -34.651  -13.497  57.414 0.0000000000
52081  -33.776  -13.632  57.274 0.0000000000
52080  -32.885  -13.456  57.138 0.0000000000
52094  -32.651  -13.637  56.299 0.0000000000
52107  -31.452  -13.507  55.336 0.0000000000
52122  -31.098  -13.576  54.531 0.0000000000
52123  -32.096  -13.718  54.529 0.0000000000
52136  -32.136  -13.568  53.688 0.0000000000
54394  -34.389  -11.038  53.371 0.0000000000
54402  -33.938  -10.993  52.786 0.0000000000
55583  -33.817  -10.639  52.144 0.0000000000
55590  -32.880  -10.718  51.201 0.0000000000
55602  -33.335  -10.238  50.613 0.0000000000
129647  -23.497  -10.211  71.590 0.0000000000
54216  -23.763  -10.733  71.008 0.0000000000
125453  -24.660  -13.162  69.715 0.0000000000
48615  -25.904  -16.471  69.460 0.0000000000
48614  -25.710  -15.744  68.944 0.0000000000
48627  -26.080  -16.422  68.490 0.0000000000
47593  -26.279  -17.248  67.145 0.0000000000
47597  -26.010  -17.389  66.319 0.0000000000
46574  -25.566  -17.532  65.592 0.0000000000
120266  -25.711  -18.189  65.369 0.0000000000
119323  -26.125  -18.545  64.696 0.0000000000
134706  -26.583  -18.667  64.013 0.0000000000
57818  -34.756  -8.635  46.879 0.0000000000
57825  -34.126  -8.893  45.660 0.0000000000
57826  -34.828  -8.718  46.065 0.0000000000
56762  -34.979  -9.015  45.108 0.0000000000
56780  -35.502  -9.378  44.256 0.0000000000
138831  -37.163  -11.137  43.353 0.0000000000
57874  -38.830  -8.421  42.066 0.0000000000
127935  -39.322  -7.962  42.437 0.0000000000
58950  -39.379  -7.227  42.708 0.0000000000
60022  -38.821  -6.519  42.397 0.0000000000
139584  -39.296  -5.806  42.519 0.0000000000
62229  -40.526  -4.912  42.525 0.0000000000
56531  -30.270  -9.125  70.970 0.0000000000
55391  -29.520  -10.186  70.862 0.0000000000
55399  -29.916  -10.076  70.364 0.0000000000
55428  -29.412  -9.809  67.788 0.0000000000
55427  -28.389  -10.317  67.357 0.0000000000
53141  -27.540  -12.259  67.132 0.0000000000
132862  -27.428  -13.260  66.968 0.0000000000
54291  -33.634  -10.599  63.116 0.0000000000
55488  -32.903  -10.161  63.483 0.0000000000
54290  -32.768  -10.591  62.591 0.0000000000
54289  -31.804  -10.599  62.416 0.0000000000
55501  -30.888  -10.607  62.561 0.0000000000
54328  -27.584  -11.708  60.531 0.0000000000
124405  -28.014  -11.553  61.084 0.0000000000
53176  -27.025  -12.139  62.143 0.0000000000
53165  -26.570  -12.815  62.455 0.0000000000
118996  -29.357  -13.272  52.440 0.0000000000
59730  -29.139  -7.338  71.187 0.0000000000
59738  -29.073  -6.728  70.992 0.0000000000
60842  -32.524  -6.257  68.123 0.0000000000
60857  -33.178  -6.247  67.438 0.0000000000
124528  -36.320  -6.801  64.415 0.0000000000
59900  -41.736  -5.270  56.247 0.0000000000
59899  -41.235  -5.468  55.570 0.0000000000
139559  -42.058  -5.180  55.538 0.0000000000
61009  -42.510  -4.998  54.934 0.0000000000
137741  -42.447  -5.195  54.145 0.0000000000
141496  -44.408  -7.007  52.983 0.0000000000
137063  -44.333  -7.518  52.494 0.0000000000
57799  -43.410  -8.180  51.522 0.0000000000
57800  -44.210  -7.885  51.878 0.0000000000
57805  -44.092  -7.936  51.063 0.0000000000
58890  -44.759  -7.695  50.595 0.0000000000
59979  -49.074  -6.407  48.720 0.0000000000
58907  -47.250  -6.837  48.638 0.0000000000
58906  -46.275  -7.201  48.877 0.0000000000
121513  -46.106  -7.384  46.951 0.0000000000
58916  -45.597  -7.610  46.390 0.0000000000
57832  -45.002  -8.005  45.767 0.0000000000
120188  -45.798  -7.530  45.500 0.0000000000
134704  -45.620  -7.510  44.944 0.0000000000
58929  -45.744  -7.037  44.670 0.0000000000
62200  -47.460  -4.894  44.318 0.0000000000
62218  -46.529  -4.555  44.098 0.0000000000
62217  -45.642  -4.203  43.754 0.0000000000
63301  -44.907  -3.838  43.342 0.0000000000
62231  -43.354  -3.885  43.084 0.0000000000
63315  -44.214  -3.541  42.831 0.0000000000
63329  -44.314  -3.062  41.975 0.0000000000
68270  -49.527  0.854  43.790 0.0000000000
137585  -49.515  0.658  43.621 0.0000000000
67277  -49.372  0.148  42.831 0.0000000000
133912  -46.931  1.765  42.375 0.0000000000
68298  -47.247  0.880  41.897 0.0000000000
133740  -46.486  0.676  41.483 0.0000000000
67300  -46.236  0.195  40.994 0.0000000000
66301  -45.146  -0.529  40.650 0.0000000000
65289  -44.837  -1.343  40.672 0.0000000000
66300  -44.318  -0.631  40.411 0.0000000000
66299  -43.546  -0.732  40.049 0.0000000000
66312  -42.774  -0.682  39.533 0.0000000000
67322  -42.043  -0.141  39.196 0.0000000000
67310  -41.984  0.767  39.336 0.0000000000
69353  -42.475  2.396  39.313 0.0000000000
70390  -42.622  2.795  38.558 0.0000000000
69371  -41.820  2.512  37.248 0.0000000000
74460  -48.399  8.208  39.730 0.0000000000
74459  -47.641  7.328  39.252 0.0000000000
72448  -47.524  5.698  38.475 0.0000000000
134716  -47.315  3.078  36.470 0.0000000000
69391  -47.568  2.821  37.174 0.0000000000
49701  -19.664  -15.588  66.786 0.0000000000
48654  -19.201  -16.632  64.738 0.0000000000
47628  -19.003  -17.527  63.637 0.0000000000
46610  -18.965  -17.959  62.854 0.0000000000
47640  -19.187  -17.206  62.887 0.0000000000
47647  -19.207  -17.358  61.987 0.0000000000
127144  -19.283  -17.601  61.151 0.0000000000
52003  -23.798  -12.920  66.996 0.0000000000
53139  -23.147  -12.670  66.816 0.0000000000
52015  -23.364  -13.250  66.192 0.0000000000
50908  -22.583  -13.798  64.924 0.0000000000
47670  -22.584  -17.176  59.361 0.0000000000
48697  -22.256  -16.425  60.515 0.0000000000
48706  -21.130  -16.452  59.359 0.0000000000
48705  -20.315  -16.639  59.077 0.0000000000
46685  -20.494  -18.316  55.832 0.0000000000
45756  -20.986  -19.366  55.487 0.0000000000
44804  -22.233  -20.033  55.482 0.0000000000
44786  -22.647  -20.739  55.722 0.0000000000
50854  -28.786  -14.639  70.482 0.0000000000
50842  -28.910  -15.044  71.035 0.0000000000
50843  -28.940  -15.355  70.544 0.0000000000
48604  -29.854  -16.614  70.159 0.0000000000
47579  -29.989  -17.612  69.330 0.0000000000
46563  -31.539  -18.410  66.384 0.0000000000
141544  -31.452  -18.268  67.104 0.0000000000
45637  -31.300  -19.021  66.043 0.0000000000
45644  -30.705  -19.298  65.575 0.0000000000
45653  -30.023  -19.416  64.913 0.0000000000
121567  -29.333  -19.393  64.278 0.0000000000
45674  -29.708  -19.481  62.675 0.0000000000
120022  -30.172  -19.487  61.918 0.0000000000
45710  -31.960  -19.803  59.562 0.0000000000
138440  -36.904  -9.929  52.885 0.0000000000
132002  -37.618  -9.657  53.000 0.0000000000
56685  -39.854  -9.366  52.515 0.0000000000
56686  -40.443  -9.141  52.389 0.0000000000
138134  -37.827  -10.308  61.102 0.0000000000
53182  -37.629  -11.210  60.998 0.0000000000
54334  -37.854  -11.313  60.252 0.0000000000
53208  -37.517  -12.445  59.638 0.0000000000
126153  -37.263  -12.850  58.808 0.0000000000
54371  -37.137  -11.233  58.079 0.0000000000
121035  -37.296  -12.274  58.351 0.0000000000
53232  -36.429  -12.798  57.450 0.0000000000
53231  -35.735  -12.561  57.007 0.0000000000
53242  -35.224  -12.628  56.497 0.0000000000
53255  -34.265  -13.106  55.342 0.0000000000
53266  -33.998  -12.770  54.816 0.0000000000
53256  -34.435  -12.352  55.392 0.0000000000
119957  -34.763  -11.459  55.292 0.0000000000
54386  -34.887  -10.965  54.249 0.0000000000
54382  -35.727  -10.335  55.548 0.0000000000
55579  -34.968  -10.529  53.376 0.0000000000
64370  -37.583  -2.937  36.313 0.0000000000
53079  -24.964  -12.509  72.081 0.0000000000
51947  -25.400  -12.714  72.141 0.0000000000
50825  -25.352  -13.311  72.006 0.0000000000
50841  -25.606  -14.553  71.662 0.0000000000
129512  -26.255  -13.944  71.842 0.0000000000
49624  -26.120  -14.818  72.051 0.0000000000
49656  -25.765  -15.614  70.832 0.0000000000
47576  -26.271  -17.080  69.731 0.0000000000
47577  -26.570  -17.574  68.961 0.0000000000
46536  -27.066  -18.191  68.684 0.0000000000
56746  -37.617  -9.311  46.397 0.0000000000
136875  -37.154  -9.259  45.653 0.0000000000
120081  -37.765  -9.878  45.280 0.0000000000
55691  -38.039  -10.738  44.671 0.0000000000
126641  -37.728  -11.035  43.983 0.0000000000
55702  -37.995  -11.309  43.366 0.0000000000
54519  -38.328  -11.278  42.732 0.0000000000
54530  -38.160  -11.119  42.091 0.0000000000
55730  -38.263  -10.288  41.392 0.0000000000
124622  -38.434  -10.697  41.794 0.0000000000
55715  -39.295  -10.109  42.421 0.0000000000
56818  -39.553  -9.495  42.567 0.0000000000
55705  -40.101  -9.994  43.301 0.0000000000
56819  -40.221  -9.369  42.976 0.0000000000
131891  -40.477  -8.504  43.037 0.0000000000
58938  -40.803  -7.657  43.258 0.0000000000
127168  -41.449  -7.048  43.431 0.0000000000
56546  -31.670  -9.468  69.822 0.0000000000
55411  -31.945  -9.575  69.056 0.0000000000
55430  -31.699  -9.891  67.660 0.0000000000
139890  -30.214  -9.527  67.194 0.0000000000
56574  -29.593  -9.523  66.777 0.0000000000
56590  -29.765  -9.397  66.049 0.0000000000
55454  -29.488  -9.649  65.282 0.0000000000
54332  -31.598  -11.705  59.974 0.0000000000
118766  -31.035  -11.425  61.091 0.0000000000
136618  -30.927  -11.508  60.326 0.0000000000
54347  -30.071  -11.510  59.958 0.0000000000
136305  -29.110  -11.431  60.057 0.0000000000
54345  -28.456  -11.488  59.472 0.0000000000
54329  -28.233  -11.501  60.263 0.0000000000
54344  -27.503  -11.662  59.787 0.0000000000
53203  -26.668  -12.162  59.887 0.0000000000
50963  -26.119  -14.305  59.552 0.0000000000
139067  -25.920  -13.322  59.200 0.0000000000
50974  -25.456  -14.061  57.370 0.0000000000
52091  -25.536  -13.114  57.092 0.0000000000
54420  -29.661  -11.622  50.342 0.0000000000
53330  -28.812  -11.772  50.119 0.0000000000
54434  -28.563  -11.401  49.348 0.0000000000
54449  -28.257  -10.886  48.581 0.0000000000
122236  -49.196  -6.125  46.500 0.0000000000
59992  -48.556  -6.394  45.738 0.0000000000
59997  -47.834  -6.648  45.166 0.0000000000
59998  -48.569  -6.142  44.897 0.0000000000
61120  -48.957  -5.606  44.526 0.0000000000
63292  -50.205  -4.770  44.750 0.0000000000
62202  -49.358  -4.976  44.440 0.0000000000
62201  -48.426  -5.246  44.391 0.0000000000
62219  -47.915  -4.234  43.932 0.0000000000
126447  -48.112  -3.631  43.615 0.0000000000
70332  -48.785  3.359  44.389 0.0000000000
69311  -48.711  2.885  43.736 0.0000000000
69322  -47.738  2.208  42.940 0.0000000000
123673  -47.389  3.056  43.035 0.0000000000
68285  -46.103  2.175  42.053 0.0000000000
68296  -45.416  1.666  41.631 0.0000000000
68295  -44.613  2.086  41.382 0.0000000000
68309  -43.866  1.698  40.990 0.0000000000
69343  -44.035  2.638  40.850 0.0000000000
70366  -44.435  3.395  40.359 0.0000000000
71354  -45.726  4.199  41.124 0.0000000000
70379  -43.869  3.034  39.902 0.0000000000
70380  -44.361  3.602  39.427 0.0000000000
70392  -44.349  3.372  38.618 0.0000000000
124647  -50.067  6.100  38.109 0.0000000000
72450  -49.499  5.213  37.993 0.0000000000
70397  -49.222  3.677  37.866 0.0000000000
119421  -48.874  3.213  37.539 0.0000000000
49653  -21.915  -15.433  70.765 0.0000000000
128117  -21.319  -15.189  69.540 0.0000000000
129586  -20.849  -14.713  68.606 0.0000000000
50881  -20.116  -14.841  67.211 0.0000000000
125384  -20.045  -14.750  66.144 0.0000000000
49715  -20.108  -14.829  65.149 0.0000000000
49727  -20.187  -15.049  64.254 0.0000000000
48666  -23.491  -16.549  63.268 0.0000000000
142541  -23.029  -17.346  60.984 0.0000000000
137899  -24.225  -18.046  60.693 0.0000000000
47661  -23.498  -17.628  60.690 0.0000000000
47671  -23.312  -17.654  59.730 0.0000000000
47683  -23.198  -17.603  58.764 0.0000000000
46689  -24.091  -18.665  56.419 0.0000000000
45731  -25.573  -19.425  57.049 0.0000000000
45746  -25.955  -20.067  56.499 0.0000000000
49679  -29.192  -15.642  68.719 0.0000000000
125351  -29.764  -15.909  68.287 0.0000000000
49693  -29.867  -16.227  67.564 0.0000000000
49694  -29.593  -17.291  66.591 0.0000000000
48643  -30.066  -17.488  66.582 0.0000000000
136085  -29.730  -16.424  65.231 0.0000000000
48644  -31.248  -17.837  66.186 0.0000000000
47598  -31.777  -17.995  66.187 0.0000000000
46564  -31.747  -18.211  65.853 0.0000000000
138934  -31.812  -18.635  65.133 0.0000000000
45656  -32.002  -19.073  63.935 0.0000000000
56729  -31.521  -9.611  47.209 0.0000000000
56742  -32.022  -9.428  46.532 0.0000000000
56730  -32.329  -9.510  47.362 0.0000000000
140504  -33.246  -9.284  47.543 0.0000000000
139361  -34.063  -8.904  47.223 0.0000000000
121205  -34.073  -9.315  48.862 0.0000000000
57819  -35.443  -8.691  47.302 0.0000000000
56691  -35.847  -9.738  51.305 0.0000000000
56699  -36.407  -9.589  50.643 0.0000000000
56710  -36.190  -9.453  49.854 0.0000000000
56700  -37.682  -9.687  50.444 0.0000000000
122114  -36.972  -9.537  50.097 0.0000000000
121695  -36.823  -9.633  49.206 0.0000000000
56722  -36.518  -9.305  48.461 0.0000000000
56732  -36.942  -9.198  47.861 0.0000000000
56745  -36.893  -9.070  47.110 0.0000000000
56733  -37.718  -9.357  47.502 0.0000000000
55642  -39.180  -10.073  47.707 0.0000000000
55629  -39.450  -10.123  48.613 0.0000000000
56734  -40.538  -9.825  47.137 0.0000000000
56735  -41.175  -9.508  47.421 0.0000000000
56578  -35.128  -9.488  65.944 0.0000000000
55445  -35.146  -10.102  65.864 0.0000000000
54269  -35.189  -10.469  65.104 0.0000000000
54292  -34.446  -10.720  63.646 0.0000000000
126702  -35.906  -10.601  63.407 0.0000000000
54293  -35.302  -10.742  63.510 0.0000000000
118801  -34.155  -11.022  62.745 0.0000000000
118293  -33.100  -11.519  61.643 0.0000000000
54317  -32.569  -11.541  61.310 0.0000000000
53181  -37.462  -11.875  61.037 0.0000000000
53193  -36.106  -12.725  60.828 0.0000000000
53192  -35.233  -12.656  60.654 0.0000000000
52063  -35.132  -13.393  58.986 0.0000000000
52055  -35.102  -13.159  59.737 0.0000000000
131991  -34.393  -12.445  60.821 0.0000000000
53191  -33.718  -12.434  60.545 0.0000000000
53190  -32.970  -12.309  60.178 0.0000000000
54333  -32.282  -11.787  60.581 0.0000000000
53204  -31.578  -12.065  59.193 0.0000000000
53229  -31.552  -12.719  57.552 0.0000000000
128941  -30.927  -12.434  57.686 0.0000000000
53228  -30.217  -12.173  57.307 0.0000000000
53239  -29.685  -12.086  56.600 0.0000000000
118664  -29.100  -12.013  56.025 0.0000000000
131404  -29.211  -12.363  55.254 0.0000000000
118994  -28.412  -12.329  54.679 0.0000000000
52154  -29.965  -13.472  53.085 0.0000000000
140119  -30.119  -13.378  52.551 0.0000000000
52166  -29.862  -13.113  52.020 0.0000000000
53265  -33.426  -13.149  54.464 0.0000000000
140251  -33.145  -12.864  53.951 0.0000000000
53276  -32.653  -12.951  53.546 0.0000000000
54392  -32.670  -12.094  52.936 0.0000000000
53304  -31.115  -12.515  51.973 0.0000000000
53317  -29.964  -12.017  51.085 0.0000000000
54421  -30.504  -11.474  50.546 0.0000000000
55600  -31.813  -10.743  50.207 0.0000000000
55612  -31.499  -10.401  49.428 0.0000000000
55626  -31.209  -9.983  48.661 0.0000000000
56717  -31.764  -9.701  48.040 0.0000000000
73416  -48.279  7.357  42.181 0.0000000000
74445  -48.478  8.199  41.915 0.0000000000
75550  -48.974  8.981  40.602 0.0000000000
130146  -49.209  8.822  39.761 0.0000000000
76533  -50.454  10.340  40.672 0.0000000000
75552  -50.556  9.648  39.885 0.0000000000
74475  -50.210  8.199  38.661 0.0000000000
73448  -50.666  6.994  38.339 0.0000000000
125437  -51.130  5.730  38.192 0.0000000000
126962  -51.965  5.408  38.420 0.0000000000
73450  -52.389  6.228  38.325 0.0000000000
72453  -52.137  4.669  38.529 0.0000000000
55396  -22.242  -10.359  70.760 0.0000000000
54225  -22.616  -10.710  70.020 0.0000000000
55407  -23.159  -10.713  69.861 0.0000000000
54247  -23.673  -11.827  68.634 0.0000000000
54226  -23.681  -10.936  70.049 0.0000000000
54248  -24.016  -11.809  69.050 0.0000000000
53119  -23.801  -12.227  68.108 0.0000000000
52016  -23.931  -13.565  66.707 0.0000000000
49702  -24.144  -14.794  65.975 0.0000000000
51969  -24.902  -13.261  71.790 0.0000000000
51980  -24.760  -13.478  70.881 0.0000000000
50873  -24.877  -14.330  68.817 0.0000000000
49678  -25.344  -15.075  68.378 0.0000000000
49703  -24.901  -15.440  66.494 0.0000000000
48641  -24.683  -15.706  65.587 0.0000000000
48649  -24.381  -15.946  64.725 0.0000000000
47604  -24.603  -16.686  64.454 0.0000000000
47631  -24.333  -17.474  63.565 0.0000000000
128759  -24.581  -18.026  63.429 0.0000000000
46611  -24.831  -18.225  62.808 0.0000000000
126283  -25.242  -18.416  62.038 0.0000000000
46622  -25.848  -18.571  61.348 0.0000000000
49749  -30.467  -15.994  62.687 0.0000000000
56777  -32.705  -9.201  44.700 0.0000000000
119256  -32.792  -9.355  43.704 0.0000000000
56798  -33.260  -9.509  43.051 0.0000000000
56801  -35.116  -9.690  43.484 0.0000000000
55700  -35.814  -10.324  43.105 0.0000000000
58963  -38.062  -7.951  41.545 0.0000000000
61153  -38.159  -5.487  41.502 0.0000000000
61164  -38.147  -4.866  41.051 0.0000000000
62257  -37.815  -4.480  40.428 0.0000000000
62259  -39.431  -3.809  40.383 0.0000000000
63355  -40.198  -3.339  39.961 0.0000000000
54196  -28.725  -10.985  72.750 0.0000000000
134887  -28.181  -11.472  72.412 0.0000000000
54206  -28.858  -11.091  72.295 0.0000000000
136609  -28.299  -12.181  71.143 0.0000000000
140020  -28.303  -13.047  70.932 0.0000000000
53105  -28.389  -12.208  70.703 0.0000000000
51981  -28.462  -13.421  70.561 0.0000000000
51989  -28.469  -13.817  69.988 0.0000000000
50862  -28.753  -14.818  69.878 0.0000000000
51998  -28.433  -14.130  69.413 0.0000000000
55408  -29.406  -10.450  69.540 0.0000000000
54250  -28.583  -11.141  69.127 0.0000000000
139340  -28.198  -13.445  69.059 0.0000000000
50885  -28.639  -15.222  68.186 0.0000000000
49691  -28.958  -15.539  67.311 0.0000000000
138250  -28.576  -15.571  66.586 0.0000000000
52017  -27.668  -14.129  67.132 0.0000000000
50898  -27.622  -15.022  66.367 0.0000000000
49704  -28.290  -15.545  65.848 0.0000000000
50912  -28.707  -15.704  65.073 0.0000000000
50938  -28.867  -16.107  63.400 0.0000000000
55457  -32.554  -10.014  65.164 0.0000000000
55471  -31.972  -9.703  64.662 0.0000000000
56592  -31.214  -9.403  65.064 0.0000000000
138632  -28.923  -10.310  64.846 0.0000000000
54315  -30.491  -11.239  61.462 0.0000000000
54304  -30.248  -11.022  62.054 0.0000000000
55500  -29.943  -10.562  62.780 0.0000000000
54314  -28.649  -11.274  61.657 0.0000000000
54276  -28.751  -10.696  64.051 0.0000000000
54275  -28.097  -10.734  64.909 0.0000000000
54267  -27.358  -11.599  65.070 0.0000000000
53151  -26.908  -12.538  64.681 0.0000000000
53157  -26.525  -12.991  63.320 0.0000000000
52038  -26.919  -14.049  64.252 0.0000000000
50937  -28.027  -15.632  63.382 0.0000000000
50947  -29.540  -16.089  62.634 0.0000000000
53315  -28.425  -12.579  50.431 0.0000000000
57751  -39.071  -7.949  57.152 0.0000000000
57766  -39.369  -7.284  56.622 0.0000000000
58806  -40.263  -6.332  57.182 0.0000000000
50824  -20.984  -14.261  71.699 0.0000000000
133521  -21.045  -13.014  72.035 0.0000000000
51946  -20.714  -12.825  72.095 0.0000000000
53078  -20.994  -12.357  72.132 0.0000000000
54215  -21.235  -11.625  71.815 0.0000000000
119871  -21.250  -10.732  71.979 0.0000000000
55387  -21.738  -9.992  71.629 0.0000000000
56530  -22.350  -9.556  72.053 0.0000000000
55377  -23.710  -10.075  72.354 0.0000000000
55367  -24.178  -9.998  73.261 0.0000000000
138455  -24.789  -10.689  73.282 0.0000000000
56510  -24.373  -9.740  73.861 0.0000000000
55368  -24.794  -10.334  73.757 0.0000000000
54177  -25.219  -10.948  73.556 0.0000000000
54178  -25.711  -11.129  73.863 0.0000000000
55357  -25.929  -10.785  74.171 0.0000000000
55358  -26.494  -10.607  74.155 0.0000000000
55359  -27.148  -10.394  73.965 0.0000000000
54181  -27.683  -10.820  73.596 0.0000000000
55369  -28.177  -10.507  72.997 0.0000000000
56511  -27.982  -9.549  72.581 0.0000000000
56512  -28.580  -9.471  72.042 0.0000000000
56521  -28.980  -9.863  71.764 0.0000000000
56522  -29.399  -9.379  71.183 0.0000000000
57621  -29.641  -8.736  71.060 0.0000000000
56532  -31.176  -9.006  70.615 0.0000000000
140471  -31.598  -8.803  70.262 0.0000000000
123806  -31.304  -7.959  69.547 0.0000000000
57628  -31.943  -8.543  70.017 0.0000000000
57635  -32.424  -8.761  69.357 0.0000000000
57636  -33.010  -8.746  68.791 0.0000000000
57644  -33.392  -8.894  68.382 0.0000000000
58711  -32.852  -7.474  67.868 0.0000000000
58712  -33.302  -7.901  67.483 0.0000000000
57654  -34.053  -8.677  67.228 0.0000000000
56579  -35.690  -9.424  65.411 0.0000000000
56593  -36.154  -9.356  64.759 0.0000000000
139925  -36.324  -9.251  64.076 0.0000000000
126583  -36.515  -7.764  64.132 0.0000000000
57680  -36.628  -8.681  63.812 0.0000000000
56604  -36.830  -9.458  63.569 0.0000000000
55474  -37.821  -9.956  63.111 0.0000000000
55502  -37.899  -9.409  61.768 0.0000000000
57703  -38.113  -8.278  61.922 0.0000000000
126581  -37.997  -8.888  62.087 0.0000000000
140153  -38.012  -9.578  61.502 0.0000000000
55514  -38.154  -10.010  60.961 0.0000000000
55523  -38.385  -9.757  60.333 0.0000000000
55545  -39.896  -9.906  59.050 0.0000000000
56652  -39.044  -8.426  58.475 0.0000000000
56662  -39.060  -7.991  57.640 0.0000000000
127836  -38.906  -6.795  55.709 0.0000000000
59897  -39.126  -6.317  54.744 0.0000000000
59911  -40.056  -5.771  53.826 0.0000000000
59910  -39.273  -6.632  53.551 0.0000000000
58846  -39.793  -7.601  52.858 0.0000000000
57792  -40.653  -8.460  52.521 0.0000000000
61018  -43.087  -5.127  54.139 0.0000000000
59913  -42.919  -5.758  53.691 0.0000000000
59928  -43.724  -6.452  53.649 0.0000000000
59927  -42.979  -6.403  53.320 0.0000000000
59926  -42.041  -6.432  52.950 0.0000000000
58847  -41.819  -7.386  52.563 0.0000000000
58863  -41.520  -8.284  52.340 0.0000000000
56687  -41.306  -9.203  52.081 0.0000000000
56696  -41.737  -9.440  51.476 0.0000000000
56703  -41.799  -9.568  50.776 0.0000000000
56714  -41.787  -9.458  49.855 0.0000000000
57798  -42.830  -8.667  51.050 0.0000000000
141953  -42.277  -9.110  49.768 0.0000000000
139599  -41.448  -9.289  48.990 0.0000000000
139535  -41.945  -9.112  48.384 0.0000000000
56736  -41.711  -9.255  47.729 0.0000000000
121645  -41.803  -9.283  46.994 0.0000000000
58891  -46.184  -7.186  50.679 0.0000000000
58898  -45.462  -7.456  50.163 0.0000000000
58897  -44.654  -7.629  49.670 0.0000000000
122861  -45.487  -7.413  48.297 0.0000000000
58904  -44.512  -7.613  48.554 0.0000000000
57822  -43.149  -8.219  47.737 0.0000000000
131487  -42.965  -8.555  46.906 0.0000000000
57821  -42.414  -9.023  46.751 0.0000000000
56785  -42.717  -9.429  44.357 0.0000000000
57841  -44.318  -8.262  45.279 0.0000000000
57849  -43.620  -8.418  44.674 0.0000000000
57848  -43.022  -8.872  44.135 0.0000000000
57862  -42.555  -8.388  43.751 0.0000000000
141602  -42.384  -7.756  43.630 0.0000000000
125300  -42.237  -7.201  43.517 0.0000000000
59996  -47.051  -6.966  45.039 0.0000000000
60002  -46.699  -6.773  44.768 0.0000000000
61116  -45.261  -6.336  44.372 0.0000000000
60014  -44.356  -6.696  44.129 0.0000000000
60012  -42.775  -6.557  43.634 0.0000000000
60011  -41.952  -6.358  43.554 0.0000000000
61131  -41.607  -5.520  43.460 0.0000000000
61145  -41.342  -4.824  43.019 0.0000000000
62244  -41.289  -4.398  42.044 0.0000000000
134690  -42.661  -4.282  43.108 0.0000000000
63325  -41.114  -4.041  41.318 0.0000000000
125157  -41.210  -3.701  40.776 0.0000000000
63356  -40.989  -3.373  40.257 0.0000000000
64295  -48.356  -1.847  42.867 0.0000000000
64294  -47.483  -2.101  42.498 0.0000000000
68288  -49.077  1.382  43.324 0.0000000000
120516  -49.063  0.776  42.717 0.0000000000
67276  -48.768  0.088  42.269 0.0000000000
67285  -47.906  0.068  41.773 0.0000000000
66289  -48.136  -0.685  42.104 0.0000000000
64306  -47.003  -1.729  41.877 0.0000000000
64293  -46.728  -2.333  42.281 0.0000000000
64303  -44.353  -2.664  41.253 0.0000000000
64321  -44.428  -2.113  40.752 0.0000000000
64320  -43.710  -2.603  40.703 0.0000000000
63342  -42.974  -3.014  40.685 0.0000000000
140146  -41.502  -2.980  39.972 0.0000000000
121606  -40.899  -2.876  39.641 0.0000000000
121135  -40.937  -2.424  39.067 0.0000000000
64349  -40.512  -2.078  38.604 0.0000000000
65309  -40.074  -1.672  37.983 0.0000000000
65311  -41.459  -1.210  38.651 0.0000000000
136001  -39.603  -1.265  37.170 0.0000000000
66333  -39.380  -0.558  36.355 0.0000000000
136141  -42.482  0.914  39.751 0.0000000000
67321  -41.462  0.469  38.758 0.0000000000
68331  -42.023  2.288  38.921 0.0000000000
68330  -41.606  1.562  38.712 0.0000000000
67332  -41.016  1.069  38.155 0.0000000000
143105  -40.657  0.665  37.691 0.0000000000
73431  -46.700  6.267  40.211 0.0000000000
73432  -47.052  6.885  39.763 0.0000000000
72435  -46.343  5.545  39.813 0.0000000000
71377  -46.056  4.844  39.440 0.0000000000
70407  -44.871  2.842  37.861 0.0000000000
72449  -48.423  5.517  38.111 0.0000000000
137429  -47.954  4.672  38.085 0.0000000000
141921  -47.586  3.987  38.064 0.0000000000
69376  -47.187  2.738  37.517 0.0000000000
70395  -46.890  3.887  38.182 0.0000000000
70408  -45.810  2.825  37.797 0.0000000000
48612  -21.415  -16.132  69.764 0.0000000000
48624  -20.687  -16.599  69.076 0.0000000000
47591  -19.895  -17.445  67.788 0.0000000000
48640  -19.627  -16.619  67.193 0.0000000000
119210  -18.648  -19.680  61.971 0.0000000000
133639  -18.800  -18.853  62.754 0.0000000000
45681  -18.847  -19.460  61.243 0.0000000000
53118  -22.161  -12.168  68.183 0.0000000000
53127  -21.991  -12.553  67.390 0.0000000000
52014  -22.565  -13.048  66.135 0.0000000000
52013  -21.771  -13.268  65.932 0.0000000000
52021  -21.442  -13.626  65.480 0.0000000000
50919  -20.734  -14.350  64.569 0.0000000000
49738  -20.173  -15.231  63.397 0.0000000000
48655  -23.276  -15.705  63.588 0.0000000000
49740  -22.518  -15.235  63.269 0.0000000000
49739  -21.702  -15.040  63.024 0.0000000000
48687  -21.731  -15.784  60.689 0.0000000000
50943  -20.857  -14.975  62.918 0.0000000000
49746  -20.079  -15.351  62.598 0.0000000000
49745  -19.692  -15.827  62.305 0.0000000000
48686  -19.558  -16.256  61.636 0.0000000000
122610  -19.416  -16.960  61.162 0.0000000000
47659  -19.436  -17.366  60.376 0.0000000000
46653  -19.165  -18.236  58.882 0.0000000000
53080  -27.707  -12.336  72.054 0.0000000000
50828  -28.009  -14.846  72.302 0.0000000000
48573  -28.265  -16.016  72.057 0.0000000000
49643  -28.841  -15.610  71.455 0.0000000000
48590  -28.836  -16.780  71.573 0.0000000000
47559  -28.190  -17.157  71.310 0.0000000000
135806  -27.848  -18.046  70.043 0.0000000000
46528  -27.851  -18.362  69.251 0.0000000000
135398  -27.622  -18.533  67.774 0.0000000000
48628  -29.415  -16.670  68.395 0.0000000000
47588  -30.517  -18.009  68.749 0.0000000000
46531  -30.301  -18.085  69.033 0.0000000000
135613  -31.098  -18.392  67.637 0.0000000000
119319  -30.436  -18.594  68.106 0.0000000000
46539  -29.534  -18.585  68.490 0.0000000000
46547  -28.115  -18.713  67.112 0.0000000000
119324  -27.300  -18.632  66.453 0.0000000000
46577  -27.389  -18.812  65.521 0.0000000000
119749  -26.964  -18.761  64.708 0.0000000000
45662  -27.383  -18.917  63.968 0.0000000000
45663  -28.673  -19.335  63.698 0.0000000000
45672  -27.906  -19.151  63.211 0.0000000000
46614  -27.367  -18.882  62.480 0.0000000000
46635  -27.379  -19.211  60.978 0.0000000000
45692  -28.001  -19.437  60.286 0.0000000000
49743  -31.936  -16.102  63.446 0.0000000000
49733  -31.838  -16.617  63.392 0.0000000000
48667  -32.059  -17.251  63.078 0.0000000000
46593  -31.884  -18.275  63.515 0.0000000000
46604  -32.139  -18.751  63.417 0.0000000000
45666  -32.037  -19.080  63.141 0.0000000000
45677  -32.196  -18.989  62.212 0.0000000000
45676  -31.569  -19.244  62.507 0.0000000000
128660  -30.925  -19.418  61.913 0.0000000000
45683  -29.631  -19.528  61.237 0.0000000000
45695  -30.704  -19.548  60.243 0.0000000000
45694  -29.980  -19.574  60.382 0.0000000000
45693  -29.001  -19.532  60.501 0.0000000000
45705  -27.712  -19.460  59.374 0.0000000000
45718  -28.260  -19.648  58.652 0.0000000000
45635  -29.628  -19.202  66.580 0.0000000000
45646  -31.901  -19.046  64.817 0.0000000000
45654  -30.881  -19.352  64.822 0.0000000000
45671  -18.862  -18.969  61.897 0.0000000000
45757  -21.743  -19.304  55.430 0.0000000000
46527  -27.198  -18.018  69.373 0.0000000000
46530  -29.636  -18.290  69.270 0.0000000000
46537  -27.728  -18.472  68.438 0.0000000000
46549  -30.895  -18.689  66.865 0.0000000000
46562  -26.500  -18.285  66.632 0.0000000000
46581  -31.760  -18.345  64.145 0.0000000000
46590  -25.180  -17.691  64.840 0.0000000000
46642  -19.154  -18.217  59.823 0.0000000000
46644  -24.597  -18.369  59.382 0.0000000000
46700  -21.127  -18.705  55.508 0.0000000000
47558  -27.343  -16.814  71.275 0.0000000000
47569  -28.264  -17.550  70.672 0.0000000000
47570  -28.789  -17.806  70.280 0.0000000000
47571  -29.551  -17.434  70.382 0.0000000000
47580  -29.998  -17.409  68.756 0.0000000000
47586  -26.287  -17.213  68.095 0.0000000000
47606  -31.641  -17.959  65.352 0.0000000000
47607  -31.592  -17.951  64.341 0.0000000000
47616  -18.988  -17.450  64.510 0.0000000000
47617  -24.156  -16.878  63.700 0.0000000000
47632  -32.071  -17.837  63.011 0.0000000000
47648  -22.734  -17.001  61.151 0.0000000000
47669  -21.798  -16.751  58.921 0.0000000000
48571  -27.023  -15.375  72.130 0.0000000000
48572  -27.598  -15.673  72.141 0.0000000000
48574  -28.736  -16.110  71.732 0.0000000000
48591  -29.152  -16.399  71.252 0.0000000000
48603  -26.030  -16.463  70.476 0.0000000000
48616  -30.047  -16.974  69.632 0.0000000000
48657  -31.231  -17.012  63.928 0.0000000000
48665  -23.036  -15.877  62.835 0.0000000000
48695  -20.251  -16.111  60.312 0.0000000000
49618  -26.724  -14.499  72.111 0.0000000000
49627  -27.879  -15.181  72.256 0.0000000000
49628  -28.429  -15.430  72.015 0.0000000000
49641  -25.922  -15.279  71.598 0.0000000000
49642  -26.485  -15.417  71.903 0.0000000000
49644  -29.089  -15.874  70.901 0.0000000000
49654  -21.714  -16.026  71.062 0.0000000000
49657  -29.027  -16.084  70.403 0.0000000000
49747  -21.396  -15.221  62.165 0.0000000000
49748  -22.290  -15.415  62.504 0.0000000000
50812  -25.729  -13.279  71.960 0.0000000000
50814  -27.150  -14.392  72.226 0.0000000000
50815  -27.502  -14.188  72.265 0.0000000000
50840  -21.683  -15.351  71.171 0.0000000000
50852  -21.803  -14.652  70.949 0.0000000000
50861  -24.863  -14.201  69.914 0.0000000000
50920  -21.490  -14.266  64.178 0.0000000000
50922  -23.068  -14.582  64.665 0.0000000000
51945  -20.332  -13.270  72.090 0.0000000000
51961  -27.612  -13.427  72.044 0.0000000000
52012  -21.161  -13.679  65.961 0.0000000000
52057  -36.543  -12.965  60.425 0.0000000000
52065  -36.571  -13.201  59.724 0.0000000000
52084  -36.240  -13.307  57.876 0.0000000000
53065  -25.291  -11.910  72.363 0.0000000000
53067  -26.375  -11.835  72.654 0.0000000000
53110  -21.847  -12.169  69.723 0.0000000000
53120  -24.194  -12.354  68.560 0.0000000000
53130  -24.207  -12.732  67.802 0.0000000000
53137  -21.921  -12.915  66.610 0.0000000000
53179  -35.661  -12.237  61.408 0.0000000000
53194  -36.805  -12.380  60.881 0.0000000000
53196  -37.910  -11.820  60.687 0.0000000000
53207  -34.355  -12.818  60.109 0.0000000000
53209  -37.862  -11.932  60.088 0.0000000000
53215  -29.706  -11.677  57.832 0.0000000000
53220  -36.932  -12.980  58.023 0.0000000000
53221  -37.838  -11.884  59.472 0.0000000000
54224  -22.022  -10.949  70.433 0.0000000000
54238  -24.085  -11.642  69.692 0.0000000000
54256  -23.311  -11.943  68.141 0.0000000000
54281  -36.873  -10.107  63.178 0.0000000000
54295  -36.967  -10.249  62.359 0.0000000000
54306  -34.783  -11.017  62.682 0.0000000000
54319  -37.744  -10.980  60.769 0.0000000000
54335  -38.047  -10.557  59.864 0.0000000000
54372  -37.315  -10.078  58.161 0.0000000000
55370  -28.502  -10.274  72.250 0.0000000000
55389  -23.175  -10.074  70.992 0.0000000000
55432  -33.375  -9.950  67.225 0.0000000000
55456  -31.950  -9.727  65.475 0.0000000000
55490  -37.642  -9.742  62.370 0.0000000000
55565  -36.818  -9.999  57.009 0.0000000000
56502  -27.560  -10.027  73.325 0.0000000000
56617  -37.749  -9.559  62.536 0.0000000000
56688  -42.049  -9.125  51.833 0.0000000000
56715  -42.406  -9.099  50.393 0.0000000000
56727  -42.125  -9.022  49.201 0.0000000000
56749  -42.173  -9.540  46.150 0.0000000000
56766  -43.114  -9.070  44.695 0.0000000000
56817  -34.535  -9.878  43.036 0.0000000000
56829  -38.530  -9.681  41.524 0.0000000000
57616  -29.001  -8.956  71.636 0.0000000000
57729  -39.615  -7.918  58.790 0.0000000000
57777  -37.739  -8.094  54.205 0.0000000000
57801  -44.840  -7.707  51.435 0.0000000000
57808  -43.246  -8.127  49.889 0.0000000000
57839  -36.095  -8.829  46.192 0.0000000000
58679  -28.625  -7.622  71.684 0.0000000000
58927  -43.899  -7.869  44.345 0.0000000000
59993  -50.014  -5.470  46.319 0.0000000000
60003  -47.571  -6.466  44.742 0.0000000000
62245  -41.999  -3.983  41.858 0.0000000000
63306  -49.693  -3.647  44.473 0.0000000000
63318  -47.182  -2.701  42.858 0.0000000000
66280  -49.432  -0.408  42.957 0.0000000000
66302  -45.876  -0.372  40.800 0.0000000000
67267  -49.217  0.825  43.046 0.0000000000
67335  -39.610  0.289  35.805 0.0000000000
68307  -42.696  1.349  39.999 0.0000000000
70350  -48.228  3.019  43.392 0.0000000000
70367  -45.073  3.773  40.750 0.0000000000
71389  -45.681  4.178  38.999 0.0000000000
71395  -51.698  4.131  38.643 0.0000000000
72452  -51.511  4.668  38.385 0.0000000000
75553  -51.415  9.627  39.501 0.0000000000
76542  -50.904  10.103  40.135 0.0000000000
120267  -27.107  -18.485  67.261 0.0000000000
120837  -35.059  -10.681  64.300 0.0000000000
120847  -26.998  -18.376  67.978 0.0000000000
122486  -44.990  -7.010  52.771 0.0000000000
122556  -26.649  -16.481  71.094 0.0000000000
123365  -36.587  -9.951  63.745 0.0000000000
123412  -43.807  3.314  39.130 0.0000000000
123667  -23.778  -17.693  62.077 0.0000000000
124795  -26.375  -14.478  71.984 0.0000000000
128048  -28.428  -11.183  72.965 0.0000000000
128427  -19.924  -18.686  55.918 0.0000000000
129642  -43.975  -6.058  43.910 0.0000000000
130289  -32.551  -16.004  63.176 0.0000000000
131155  -38.480  -9.679  59.682 0.0000000000
131760  -24.588  -12.917  68.863 0.0000000000
132678  -37.771  -9.801  61.543 0.0000000000
132826  -30.314  -10.036  64.070 0.0000000000
133462  -26.587  -11.383  73.586 0.0000000000
134034  -30.325  -18.304  68.734 0.0000000000
135115  -36.221  -12.344  61.109 0.0000000000
135323  -19.378  -16.235  66.363 0.0000000000
135763  -31.535  -11.565  60.636 0.0000000000
136268  -37.591  -10.776  58.802 0.0000000000
136287  -35.840  -13.136  57.359 0.0000000000
136677  -34.281  -12.087  61.874 0.0000000000
138361  -52.418  5.280  38.357 0.0000000000
140129  -31.241  -18.168  67.135 0.0000000000
140521  -37.949  -10.476  59.301 0.0000000000
140523  -33.233  -10.893  51.807 0.0000000000
142275  -37.401  -9.808  49.043 0.0000000000
142303  -37.595  -12.282  59.006 0.0000000000
