#!ascii label  , from subject sub_0001 vox2ras=TkReg
979
117403  -32.036  -7.445  54.905 0.0000000000
53185  -15.663  -12.477  60.177 0.0000000000
57759  -23.006  -8.085  55.506 0.0000000000
76618  -39.654  10.307  30.759 0.0000000000
76647  -45.715  9.966  26.623 0.0000000000
54261  -10.206  -10.952  66.288 0.0000000000
76574  -36.091  9.377  34.762 0.0000000000
121930  -34.496  -5.230  52.643 0.0000000000
57775  -27.513  -8.630  54.247 0.0000000000
129896  -13.166  -12.089  62.545 0.0000000000
48639  -14.400  -16.114  66.900 0.0000000000
118213  -29.744  -6.766  50.459 0.0000000000
117865  -30.750  -5.519  50.037 0.0000000000
55561  -19.131  -10.782  56.191 0.0000000000
62091  -25.616  -4.255  52.401 0.0000000000
66326  -33.398  -0.157  37.764 0.0000000000
70420  -36.055  3.377  35.862 0.0000000000
72489  -39.298  5.215  33.587 0.0000000000
48593  -7.755  -16.196  70.569 0.0000000000
48550  -5.065  -16.830  74.327 0.0000000000
118585  -30.631  -3.563  48.343 0.0000000000
61098  -30.119  -4.810  45.164 0.0000000000
62254  -31.718  -3.749  40.626 0.0000000000
49672  -10.473  -15.872  68.723 0.0000000000
52042  -17.286  -13.809  62.165 0.0000000000
54326  -17.672  -12.062  60.645 0.0000000000
134214  -30.559  -8.283  54.927 0.0000000000
56627  -14.378  -9.331  60.195 0.0000000000
53163  -14.081  -12.306  61.667 0.0000000000
50940  -15.135  -14.603  62.625 0.0000000000
117388  -29.384  -5.046  53.514 0.0000000000
134361  -27.717  -5.810  51.674 0.0000000000
132519  -32.203  2.956  37.336 0.0000000000
68344  -34.229  1.772  36.614 0.0000000000
71399  -33.371  4.875  36.376 0.0000000000
73496  -36.713  6.701  32.679 0.0000000000
74532  -38.636  7.051  31.228 0.0000000000
72498  -41.188  5.780  32.486 0.0000000000
74544  -40.190  7.500  30.159 0.0000000000
74563  -43.152  7.219  29.280 0.0000000000
64180  -31.482  -2.404  50.877 0.0000000000
62122  -30.761  -4.828  49.095 0.0000000000
64192  -29.966  -2.216  49.926 0.0000000000
63274  -28.002  -3.076  45.838 0.0000000000
64277  -28.878  -3.102  43.559 0.0000000000
61140  -30.907  -5.281  42.869 0.0000000000
64298  -30.440  -2.491  41.419 0.0000000000
66307  -30.711  -0.678  40.188 0.0000000000
56667  -21.170  -9.693  55.213 0.0000000000
51992  -8.570  -13.855  68.118 0.0000000000
133612  -9.668  -14.175  66.771 0.0000000000
45566  -5.331  -19.610  75.410 0.0000000000
45554  -4.146  -19.990  76.352 0.0000000000
75579  -35.170  8.615  36.605 0.0000000000
63174  -34.680  -3.903  51.203 0.0000000000
58827  -25.162  -7.671  54.161 0.0000000000
54271  -11.860  -11.457  63.974 0.0000000000
50901  -11.488  -14.350  65.371 0.0000000000
50916  -13.603  -14.885  64.314 0.0000000000
77563  -48.066  9.950  26.354 0.0000000000
134116  -31.020  -8.329  52.282 0.0000000000
117387  -32.042  -7.498  51.406 0.0000000000
134300  -30.295  -5.543  50.699 0.0000000000
56637  -15.380  -9.929  58.797 0.0000000000
54355  -17.404  -11.697  58.239 0.0000000000
57744  -17.015  -8.968  56.303 0.0000000000
57756  -18.795  -8.829  54.690 0.0000000000
58840  -20.978  -7.131  53.035 0.0000000000
63139  -22.655  -3.695  53.717 0.0000000000
59939  -23.095  -5.818  52.291 0.0000000000
139421  -26.119  -7.652  51.788 0.0000000000
57797  -28.932  -8.508  51.858 0.0000000000
64316  -35.216  -2.025  40.443 0.0000000000
72476  -34.847  5.976  34.647 0.0000000000
72477  -37.104  5.067  34.515 0.0000000000
74579  -44.442  7.885  28.639 0.0000000000
48561  -6.225  -16.521  72.235 0.0000000000
46500  -7.251  -18.870  74.552 0.0000000000
117390  -32.320  -6.629  50.237 0.0000000000
61065  -32.815  -5.443  49.597 0.0000000000
63196  -33.451  -3.249  48.898 0.0000000000
64223  -27.605  -2.096  48.073 0.0000000000
137384  -30.291  -3.394  47.089 0.0000000000
63263  -32.784  -3.564  46.848 0.0000000000
62184  -33.501  -5.086  45.865 0.0000000000
61128  -33.933  -5.317  43.767 0.0000000000
63311  -34.478  -3.697  42.106 0.0000000000
64333  -32.842  -2.566  39.372 0.0000000000
68326  -31.151  1.532  38.905 0.0000000000
55520  -19.555  -10.422  60.255 0.0000000000
51973  -7.826  -13.383  70.078 0.0000000000
49649  -9.380  -16.155  70.028 0.0000000000
49685  -12.643  -16.008  67.418 0.0000000000
45546  -2.718  -20.253  76.647 0.0000000000
52052  -16.057  -13.149  60.646 0.0000000000
126864  -17.494  -13.293  61.758 0.0000000000
53187  -17.185  -12.510  60.351 0.0000000000
117371  -31.232  -7.792  55.610 0.0000000000
55518  -14.891  -11.064  60.060 0.0000000000
54310  -14.482  -11.212  60.799 0.0000000000
141118  -15.127  -12.424  60.524 0.0000000000
52046  -15.558  -13.560  61.219 0.0000000000
71385  -32.549  5.127  38.272 0.0000000000
71408  -32.919  4.243  36.645 0.0000000000
73454  -33.288  5.983  37.418 0.0000000000
76607  -38.427  10.466  31.777 0.0000000000
75641  -37.738  8.586  31.576 0.0000000000
75643  -38.815  8.641  30.698 0.0000000000
73517  -39.819  6.995  30.665 0.0000000000
75653  -39.820  8.515  29.956 0.0000000000
75658  -40.281  8.836  29.573 0.0000000000
65186  -30.617  -1.868  50.495 0.0000000000
65241  -29.056  -1.813  44.229 0.0000000000
64278  -29.481  -3.116  42.856 0.0000000000
65263  -30.594  -1.948  42.664 0.0000000000
119105  -30.661  -1.753  41.811 0.0000000000
57758  -22.374  -8.637  55.321 0.0000000000
56649  -22.463  -9.296  57.000 0.0000000000
57734  -22.991  -8.636  57.044 0.0000000000
52000  -9.360  -12.973  66.568 0.0000000000
53133  -9.987  -12.578  66.067 0.0000000000
76640  -45.868  9.090  27.055 0.0000000000
45565  -4.749  -19.783  75.731 0.0000000000
62084  -34.734  -5.141  54.156 0.0000000000
62105  -34.622  -4.709  51.892 0.0000000000
57760  -26.798  -8.369  54.887 0.0000000000
128308  -27.762  -8.460  56.476 0.0000000000
55478  -13.147  -10.061  62.558 0.0000000000
55466  -12.484  -9.967  63.425 0.0000000000
55450  -11.979  -9.601  64.212 0.0000000000
54272  -12.444  -11.385  63.356 0.0000000000
52027  -12.124  -13.512  63.923 0.0000000000
52033  -12.703  -13.339  63.379 0.0000000000
50930  -16.553  -14.896  63.636 0.0000000000
49724  -15.551  -15.328  64.214 0.0000000000
134883  -29.965  -7.758  50.884 0.0000000000
117992  -31.255  -7.642  50.669 0.0000000000
117417  -29.746  -5.864  50.867 0.0000000000
57725  -15.842  -8.831  58.452 0.0000000000
56647  -16.327  -9.806  57.409 0.0000000000
140816  -16.710  -8.297  57.673 0.0000000000
58799  -18.733  -7.119  55.488 0.0000000000
59895  -19.424  -6.802  54.644 0.0000000000
58823  -19.704  -7.520  54.007 0.0000000000
61015  -20.357  -5.842  53.969 0.0000000000
63142  -25.624  -3.785  54.349 0.0000000000
137273  -23.968  -3.550  53.393 0.0000000000
137529  -22.964  -4.217  52.335 0.0000000000
62102  -24.443  -4.725  51.669 0.0000000000
58876  -24.625  -6.312  51.777 0.0000000000
61045  -25.533  -5.558  51.405 0.0000000000
135717  -28.810  -6.338  51.076 0.0000000000
118157  -28.109  -7.530  51.175 0.0000000000
125711  -29.357  -7.763  51.099 0.0000000000
57791  -29.702  -8.519  52.345 0.0000000000
65299  -34.103  -1.796  38.941 0.0000000000
140013  -35.657  -1.633  40.083 0.0000000000
122071  -34.626  -0.420  38.149 0.0000000000
69381  -35.433  2.666  36.258 0.0000000000
120565  -35.614  1.306  37.127 0.0000000000
75587  -35.417  8.855  35.582 0.0000000000
74493  -34.388  7.711  35.351 0.0000000000
133060  -35.103  8.095  34.267 0.0000000000
137957  -37.321  6.105  32.533 0.0000000000
73488  -36.838  5.835  33.061 0.0000000000
120640  -37.896  5.119  34.051 0.0000000000
71422  -38.643  5.075  35.591 0.0000000000
74578  -43.551  7.826  28.598 0.0000000000
75666  -43.105  8.488  28.039 0.0000000000
139549  -44.368  8.783  27.590 0.0000000000
50833  -7.112  -14.562  70.849 0.0000000000
50818  -6.428  -14.748  72.447 0.0000000000
48576  -6.685  -16.282  71.575 0.0000000000
139392  -7.835  -18.454  73.990 0.0000000000
46492  -7.005  -19.296  75.411 0.0000000000
118228  -31.859  -7.019  50.274 0.0000000000
119693  -33.015  -6.910  51.806 0.0000000000
117822  -31.739  -6.580  49.963 0.0000000000
63194  -30.613  -3.754  48.870 0.0000000000
61076  -31.430  -5.150  48.921 0.0000000000
62134  -31.690  -4.250  48.514 0.0000000000
62124  -33.089  -4.440  49.213 0.0000000000
63209  -31.220  -3.574  48.126 0.0000000000
65212  -27.322  -1.359  47.724 0.0000000000
62180  -28.927  -4.502  45.042 0.0000000000
62162  -28.946  -3.819  46.324 0.0000000000
129169  -29.518  -4.279  45.747 0.0000000000
63262  -31.950  -3.339  46.763 0.0000000000
62165  -32.243  -3.853  46.210 0.0000000000
62166  -33.138  -4.311  46.353 0.0000000000
62183  -32.582  -4.954  45.804 0.0000000000
62224  -31.281  -4.805  42.171 0.0000000000
121928  -32.768  -5.476  43.852 0.0000000000
62226  -33.084  -4.747  42.286 0.0000000000
62210  -34.814  -4.881  43.223 0.0000000000
62241  -33.233  -4.152  41.563 0.0000000000
63340  -33.770  -3.181  40.785 0.0000000000
63338  -32.303  -3.481  40.246 0.0000000000
67292  -30.789  0.779  40.322 0.0000000000
66308  -30.938  -0.539  39.469 0.0000000000
69337  -31.463  2.677  40.261 0.0000000000
54368  -18.174  -11.402  57.361 0.0000000000
132272  -17.940  -11.579  58.669 0.0000000000
55540  -19.609  -10.636  58.264 0.0000000000
50869  -10.002  -15.400  68.038 0.0000000000
49671  -8.742  -15.232  68.657 0.0000000000
49662  -9.981  -16.012  69.417 0.0000000000
50890  -13.159  -15.406  65.918 0.0000000000
50879  -12.000  -15.475  66.833 0.0000000000
49686  -13.547  -16.193  67.177 0.0000000000
52035  -17.077  -14.229  63.697 0.0000000000
53156  -17.828  -12.737  63.363 0.0000000000
54299  -17.959  -12.072  62.594 0.0000000000
54300  -18.028  -11.240  62.081 0.0000000000
118072  -29.158  -8.583  55.114 0.0000000000
57762  -28.454  -8.553  55.722 0.0000000000
123168  -13.771  -8.790  61.532 0.0000000000
55492  -13.458  -10.511  61.966 0.0000000000
53162  -13.563  -11.934  62.063 0.0000000000
141431  -13.482  -13.050  62.639 0.0000000000
52040  -14.291  -13.758  62.443 0.0000000000
50941  -15.942  -14.529  62.195 0.0000000000
118153  -29.681  -5.391  52.199 0.0000000000
117381  -30.208  -5.198  51.825 0.0000000000
62082  -26.933  -4.396  54.091 0.0000000000
137188  -26.383  -4.789  52.168 0.0000000000
117395  -28.573  -5.131  53.004 0.0000000000
68335  -32.592  1.337  37.337 0.0000000000
67327  -33.652  0.466  37.396 0.0000000000
68343  -33.263  1.759  36.828 0.0000000000
70419  -33.866  3.317  35.928 0.0000000000
70432  -34.413  3.847  35.629 0.0000000000
75615  -36.177  8.642  33.196 0.0000000000
75628  -37.203  8.584  32.188 0.0000000000
74517  -37.560  7.764  31.812 0.0000000000
72506  -39.017  5.691  31.959 0.0000000000
72490  -40.107  5.333  33.441 0.0000000000
72507  -39.913  5.692  31.874 0.0000000000
73511  -41.068  6.199  31.211 0.0000000000
73520  -42.353  6.366  30.735 0.0000000000
138201  -41.171  7.857  29.279 0.0000000000
75660  -41.612  8.270  28.742 0.0000000000
48578  -8.231  -16.883  71.299 0.0000000000
47549  -8.036  -17.379  71.899 0.0000000000
48562  -8.934  -17.300  72.184 0.0000000000
62116  -31.096  -4.221  50.184 0.0000000000
117401  -30.729  -5.027  49.744 0.0000000000
63183  -30.873  -4.162  49.594 0.0000000000
63195  -30.819  -3.219  49.703 0.0000000000
64208  -29.481  -2.571  49.321 0.0000000000
66230  -27.546  -1.003  45.983 0.0000000000
65226  -28.011  -1.472  45.299 0.0000000000
63286  -28.217  -3.411  44.583 0.0000000000
62196  -29.132  -4.646  44.193 0.0000000000
61110  -31.277  -5.525  44.451 0.0000000000
62208  -30.103  -5.051  43.179 0.0000000000
62223  -30.441  -4.544  42.380 0.0000000000
63321  -30.982  -3.746  41.113 0.0000000000
64313  -30.992  -2.608  40.155 0.0000000000
64312  -30.646  -2.206  40.620 0.0000000000
55563  -20.683  -10.270  55.780 0.0000000000
55552  -20.274  -10.520  57.481 0.0000000000
55554  -21.638  -10.240  57.670 0.0000000000
50876  -9.300  -14.677  67.466 0.0000000000
50877  -10.277  -15.084  67.276 0.0000000000
46490  -4.925  -18.862  74.834 0.0000000000
48546  -5.079  -16.791  75.207 0.0000000000
46489  -4.490  -19.042  75.502 0.0000000000
46483  -4.146  -19.087  76.161 0.0000000000
46477  -3.793  -18.770  76.398 0.0000000000
134588  -34.426  -3.325  50.363 0.0000000000
58826  -24.281  -7.401  54.845 0.0000000000
58800  -23.982  -7.735  56.467 0.0000000000
55449  -11.416  -9.709  64.911 0.0000000000
126618  -11.125  -11.411  64.829 0.0000000000
52019  -10.702  -13.276  65.446 0.0000000000
52026  -11.473  -13.425  64.689 0.0000000000
50914  -11.963  -14.260  64.486 0.0000000000
50903  -13.432  -15.178  65.119 0.0000000000
50927  -13.775  -14.517  63.700 0.0000000000
49723  -15.125  -15.485  64.731 0.0000000000
49699  -15.123  -15.894  66.346 0.0000000000
77562  -47.383  10.183  26.503 0.0000000000
117683  -31.873  -7.684  53.849 0.0000000000
134159  -32.413  -7.252  53.960 0.0000000000
134241  -31.532  -7.933  51.861 0.0000000000
117972  -30.869  -6.841  49.927 0.0000000000
119370  -30.489  -5.189  50.566 0.0000000000
118246  -30.971  -4.523  52.024 0.0000000000
117396  -31.217  -4.236  51.338 0.0000000000
63173  -32.096  -2.902  51.288 0.0000000000
55528  -15.319  -10.914  59.325 0.0000000000
54341  -16.583  -11.728  59.107 0.0000000000
128167  -16.119  -10.555  58.076 0.0000000000
55548  -16.697  -10.607  57.210 0.0000000000
55570  -17.947  -10.215  55.713 0.0000000000
57733  -17.344  -8.062  56.612 0.0000000000
57755  -18.106  -8.840  55.218 0.0000000000
56665  -19.257  -9.962  54.790 0.0000000000
56666  -20.250  -9.970  54.882 0.0000000000
57771  -21.024  -8.665  53.751 0.0000000000
57772  -21.790  -8.176  53.736 0.0000000000
62072  -21.560  -4.665  54.749 0.0000000000
62089  -21.607  -4.794  53.152 0.0000000000
59938  -21.857  -6.182  52.555 0.0000000000
59924  -23.193  -6.788  52.836 0.0000000000
58842  -24.101  -7.085  52.989 0.0000000000
58844  -25.936  -8.053  53.435 0.0000000000
57781  -26.669  -8.400  52.812 0.0000000000
121648  -26.693  -7.069  51.267 0.0000000000
57795  -27.189  -8.126  51.669 0.0000000000
57783  -28.357  -8.710  53.571 0.0000000000
134213  -29.688  -8.618  53.447 0.0000000000
117751  -30.527  -8.526  53.894 0.0000000000
56632  -14.812  -9.372  59.409 0.0000000000
67319  -35.768  0.286  37.935 0.0000000000
73461  -33.840  6.990  36.671 0.0000000000
72470  -34.168  6.056  35.361 0.0000000000
72471  -35.027  5.104  35.090 0.0000000000
73486  -35.500  6.935  33.619 0.0000000000
71433  -35.640  5.456  34.534 0.0000000000
138804  -36.426  4.132  35.528 0.0000000000
132058  -37.633  4.155  36.037 0.0000000000
133315  -45.134  7.895  28.649 0.0000000000
119867  -45.029  8.931  27.382 0.0000000000
76646  -44.869  10.245  26.752 0.0000000000
50806  -6.350  -14.718  73.292 0.0000000000
48555  -5.373  -16.915  73.511 0.0000000000
47524  -7.162  -17.896  72.767 0.0000000000
47523  -6.331  -17.870  73.026 0.0000000000
46505  -5.861  -18.288  73.571 0.0000000000
46491  -6.461  -19.141  74.828 0.0000000000
118179  -32.845  -7.245  52.955 0.0000000000
117382  -33.448  -6.311  51.419 0.0000000000
59972  -31.854  -6.165  49.835 0.0000000000
61051  -32.581  -6.117  49.996 0.0000000000
61052  -33.304  -5.720  50.336 0.0000000000
62117  -33.507  -4.789  50.059 0.0000000000
63185  -33.816  -3.674  49.702 0.0000000000
142501  -33.893  -3.036  49.299 0.0000000000
64207  -28.654  -2.236  49.130 0.0000000000
64225  -29.101  -2.713  48.610 0.0000000000
64240  -27.347  -2.187  47.097 0.0000000000
141123  -29.108  -3.269  47.408 0.0000000000
63237  -30.633  -3.475  47.667 0.0000000000
63238  -31.618  -3.338  47.425 0.0000000000
63239  -32.437  -3.360  47.461 0.0000000000
131093  -32.655  -5.532  44.663 0.0000000000
121926  -33.779  -5.427  45.257 0.0000000000
63324  -34.697  -3.067  41.815 0.0000000000
124237  -33.655  -2.267  39.330 0.0000000000
65306  -32.817  -1.418  38.474 0.0000000000
64331  -31.288  -2.109  39.561 0.0000000000
66317  -31.482  -0.596  38.687 0.0000000000
67318  -31.892  0.171  38.158 0.0000000000
69366  -31.722  2.452  37.834 0.0000000000
70388  -31.816  3.921  38.649 0.0000000000
122355  -17.571  -11.865  59.864 0.0000000000
54327  -18.157  -11.367  60.265 0.0000000000
121576  -20.350  -10.331  59.799 0.0000000000
49647  -7.520  -15.299  70.226 0.0000000000
51984  -8.228  -13.317  69.386 0.0000000000
49659  -7.876  -14.952  69.476 0.0000000000
49648  -8.333  -15.809  69.794 0.0000000000
48595  -9.623  -16.528  70.713 0.0000000000
52009  -10.805  -14.209  65.926 0.0000000000
50878  -11.140  -15.333  67.037 0.0000000000
49674  -12.282  -16.324  68.366 0.0000000000
44639  -4.338  -21.189  77.817 0.0000000000
45553  -3.687  -19.888  76.449 0.0000000000
122807  -3.169  -18.127  76.853 0.0000000000
134115  -32.630  -6.926  54.783 0.0000000000
52053  -16.836  -13.177  60.753 0.0000000000
53186  -16.510  -12.604  60.204 0.0000000000
54325  -15.482  -11.706  59.710 0.0000000000
54324  -15.021  -11.900  60.321 0.0000000000
131170  -32.964  5.736  38.009 0.0000000000
73439  -33.475  6.308  38.246 0.0000000000
76617  -38.882  9.857  30.969 0.0000000000
76621  -39.346  9.193  30.403 0.0000000000
76622  -39.923  9.609  29.981 0.0000000000
64279  -29.947  -2.486  42.712 0.0000000000
57773  -22.532  -8.143  54.588 0.0000000000
57746  -22.608  -8.783  56.178 0.0000000000
54260  -9.915  -11.632  66.270 0.0000000000
76641  -46.841  8.827  27.117 0.0000000000
76648  -46.631  9.649  26.697 0.0000000000
62106  -34.998  -4.377  52.749 0.0000000000
57774  -26.705  -8.503  53.828 0.0000000000
57761  -27.597  -8.506  55.351 0.0000000000
54283  -12.830  -11.248  62.816 0.0000000000
55477  -12.871  -10.417  62.874 0.0000000000
55476  -12.565  -10.706  63.192 0.0000000000
139373  -12.752  -11.949  63.028 0.0000000000
53148  -12.375  -12.395  63.551 0.0000000000
53154  -12.956  -12.741  62.993 0.0000000000
134396  -30.266  -7.462  50.495 0.0000000000
127978  -16.497  -8.046  58.239 0.0000000000
59896  -20.034  -6.306  55.138 0.0000000000
126866  -19.472  -6.638  55.462 0.0000000000
130820  -20.063  -6.284  54.448 0.0000000000
61005  -20.473  -5.765  54.745 0.0000000000
63155  -25.570  -3.884  53.376 0.0000000000
63154  -24.751  -3.593  53.885 0.0000000000
63165  -24.686  -3.782  52.691 0.0000000000
127153  -24.268  -4.084  52.044 0.0000000000
62103  -24.961  -4.329  51.834 0.0000000000
61044  -24.840  -5.516  51.539 0.0000000000
136240  -25.639  -4.814  51.614 0.0000000000
117369  -29.235  -5.940  51.221 0.0000000000
134268  -29.292  -6.948  50.707 0.0000000000
65307  -33.673  -1.313  38.481 0.0000000000
65308  -34.591  -1.085  38.585 0.0000000000
66320  -33.956  -0.655  38.118 0.0000000000
68346  -36.004  1.959  36.777 0.0000000000
134603  -35.772  9.155  35.120 0.0000000000
75601  -34.891  8.268  34.991 0.0000000000
75602  -35.496  8.752  34.602 0.0000000000
72495  -38.711  5.349  32.787 0.0000000000
72494  -37.740  5.465  33.015 0.0000000000
72488  -38.518  5.178  33.598 0.0000000000
72478  -38.882  5.189  34.561 0.0000000000
76638  -43.493  9.835  27.484 0.0000000000
49632  -6.963  -15.633  71.052 0.0000000000
48577  -7.264  -16.563  71.222 0.0000000000
117392  -30.994  -6.185  49.946 0.0000000000
62133  -30.915  -4.431  48.708 0.0000000000
140483  -29.539  -4.661  45.143 0.0000000000
62181  -30.665  -4.268  45.732 0.0000000000
62182  -31.651  -4.621  45.703 0.0000000000
61099  -31.009  -5.167  45.180 0.0000000000
62239  -31.694  -4.335  41.417 0.0000000000
62225  -32.110  -4.846  42.138 0.0000000000
62240  -32.530  -4.449  41.640 0.0000000000
62255  -32.530  -3.919  40.974 0.0000000000
55550  -18.582  -11.079  56.863 0.0000000000
55539  -18.760  -11.037  57.720 0.0000000000
55551  -19.405  -10.758  57.145 0.0000000000
121271  -9.588  -15.630  68.678 0.0000000000
48607  -10.925  -16.251  69.477 0.0000000000
49698  -13.660  -15.888  66.499 0.0000000000
49697  -12.874  -15.675  66.659 0.0000000000
48551  -5.638  -16.052  74.056 0.0000000000
48547  -5.498  -15.886  75.077 0.0000000000
139829  -33.902  -5.841  54.023 0.0000000000
52036  -17.387  -13.664  63.056 0.0000000000
53174  -17.447  -12.886  61.129 0.0000000000
137826  -17.752  -12.758  61.839 0.0000000000
54311  -17.846  -12.087  61.517 0.0000000000
54312  -18.085  -11.340  61.169 0.0000000000
117771  -29.847  -8.569  54.516 0.0000000000
57708  -14.189  -8.114  61.141 0.0000000000
56626  -13.945  -9.556  61.025 0.0000000000
55506  -13.890  -10.418  61.274 0.0000000000
54298  -13.884  -11.390  61.586 0.0000000000
53155  -13.849  -12.756  62.161 0.0000000000
52045  -14.662  -13.134  61.564 0.0000000000
50949  -15.928  -14.069  61.604 0.0000000000
50942  -16.654  -14.132  61.834 0.0000000000
50931  -16.813  -14.481  62.747 0.0000000000
134249  -30.170  -4.891  53.319 0.0000000000
139698  -27.035  -4.595  53.430 0.0000000000
134625  -29.137  -5.398  52.355 0.0000000000
68342  -32.404  2.123  37.202 0.0000000000
69379  -32.844  2.686  36.713 0.0000000000
70418  -33.212  3.374  36.341 0.0000000000
70431  -33.581  4.005  35.978 0.0000000000
71418  -33.972  4.658  35.731 0.0000000000
76596  -36.780  9.076  32.774 0.0000000000
137630  -37.278  9.435  32.424 0.0000000000
75642  -38.221  7.958  31.137 0.0000000000
74531  -38.034  6.988  31.577 0.0000000000
73498  -38.074  6.020  32.127 0.0000000000
73509  -38.594  6.387  31.576 0.0000000000
121992  -39.329  6.420  31.257 0.0000000000
73518  -40.629  6.632  30.515 0.0000000000
73519  -41.471  6.392  30.529 0.0000000000
130845  -41.914  6.640  29.987 0.0000000000
74545  -41.026  7.063  29.748 0.0000000000
76626  -40.672  9.492  29.420 0.0000000000
75659  -40.902  8.622  29.168 0.0000000000
140461  -31.757  -3.084  50.825 0.0000000000
63184  -31.293  -3.360  50.344 0.0000000000
64193  -30.563  -2.558  49.987 0.0000000000
64209  -30.246  -2.880  49.401 0.0000000000
65253  -28.772  -2.493  44.014 0.0000000000
64266  -28.339  -2.922  44.184 0.0000000000
63296  -28.556  -3.620  43.892 0.0000000000
62195  -28.531  -4.109  44.421 0.0000000000
62206  -28.836  -4.205  43.770 0.0000000000
62207  -29.409  -4.604  43.490 0.0000000000
63297  -29.151  -3.828  43.196 0.0000000000
131582  -30.009  -2.931  42.119 0.0000000000
63310  -29.942  -3.695  42.395 0.0000000000
63320  -30.443  -3.293  41.587 0.0000000000
136985  -30.536  -3.925  41.811 0.0000000000
63336  -30.684  -2.989  40.782 0.0000000000
65272  -30.830  -1.008  41.011 0.0000000000
55553  -21.045  -10.339  56.861 0.0000000000
56657  -21.564  -9.979  56.075 0.0000000000
56650  -22.733  -9.046  57.786 0.0000000000
119816  -22.248  -9.721  57.706 0.0000000000
53124  -8.904  -13.363  67.311 0.0000000000
45559  -4.650  -20.084  76.099 0.0000000000
47489  -4.068  -17.619  76.806 0.0000000000
63166  -35.311  -3.930  52.005 0.0000000000
63187  -34.870  -2.986  50.881 0.0000000000
58811  -24.510  -7.504  55.839 0.0000000000
58812  -25.332  -7.657  55.277 0.0000000000
55464  -11.533  -10.473  64.425 0.0000000000
55448  -10.953  -10.308  65.250 0.0000000000
125393  -11.117  -12.496  64.977 0.0000000000
53147  -11.665  -12.448  64.285 0.0000000000
52028  -12.855  -14.216  63.695 0.0000000000
141702  -12.334  -14.230  64.033 0.0000000000
50915  -12.715  -14.645  64.407 0.0000000000
50928  -14.387  -14.529  63.208 0.0000000000
49712  -15.787  -15.405  64.987 0.0000000000
49711  -15.162  -15.695  65.462 0.0000000000
117713  -31.533  -8.102  53.091 0.0000000000
117891  -30.318  -7.038  50.179 0.0000000000
117929  -30.648  -6.187  50.054 0.0000000000
134250  -30.903  -4.607  53.234 0.0000000000
117969  -31.655  -4.290  53.239 0.0000000000
134401  -31.843  -3.952  52.120 0.0000000000
63172  -31.466  -3.646  50.906 0.0000000000
55538  -15.777  -10.871  58.779 0.0000000000
57743  -16.581  -9.181  56.986 0.0000000000
56655  -16.774  -9.847  56.663 0.0000000000
55559  -17.381  -10.588  56.482 0.0000000000
56656  -17.290  -9.819  56.072 0.0000000000
58809  -18.910  -7.679  54.615 0.0000000000
58808  -18.266  -7.974  55.262 0.0000000000
56664  -18.424  -9.728  55.134 0.0000000000
56673  -19.741  -9.188  54.407 0.0000000000
58839  -20.362  -7.177  53.500 0.0000000000
57778  -20.485  -7.967  53.534 0.0000000000
57779  -21.143  -7.955  53.291 0.0000000000
58841  -21.760  -7.543  53.040 0.0000000000
63140  -23.483  -3.496  54.112 0.0000000000
63127  -23.613  -3.564  55.115 0.0000000000
63126  -22.798  -3.692  54.701 0.0000000000
62073  -22.279  -4.208  55.248 0.0000000000
62081  -22.079  -4.109  54.252 0.0000000000
62080  -21.456  -4.669  53.808 0.0000000000
62090  -22.045  -4.175  53.341 0.0000000000
61035  -22.946  -4.893  52.110 0.0000000000
61034  -22.353  -5.451  52.462 0.0000000000
143113  -22.569  -6.200  52.525 0.0000000000
59923  -22.275  -6.920  52.736 0.0000000000
119242  -23.666  -7.305  53.862 0.0000000000
58877  -25.145  -6.939  51.592 0.0000000000
58861  -25.428  -7.412  51.912 0.0000000000
57780  -25.980  -7.900  52.444 0.0000000000
57788  -26.660  -8.099  52.014 0.0000000000
61038  -27.072  -5.370  52.015 0.0000000000
118349  -26.989  -6.238  51.433 0.0000000000
117375  -28.775  -8.029  51.266 0.0000000000
58878  -27.354  -7.654  51.380 0.0000000000
57796  -27.955  -8.365  51.573 0.0000000000
57790  -28.144  -8.767  52.453 0.0000000000
140786  -29.033  -8.644  53.507 0.0000000000
134842  -28.985  -8.658  52.837 0.0000000000
118183  -30.335  -8.347  51.766 0.0000000000
134161  -30.437  -8.514  52.841 0.0000000000
117759  -31.012  -8.402  53.286 0.0000000000
134196  -31.256  -8.045  54.235 0.0000000000
119796  -15.268  -8.763  58.967 0.0000000000
57716  -14.741  -8.550  59.623 0.0000000000
120554  -14.787  -10.193  59.703 0.0000000000
64300  -34.978  -2.533  41.239 0.0000000000
66310  -36.113  -1.218  39.693 0.0000000000
136319  -36.622  -1.329  40.400 0.0000000000
68336  -33.918  1.093  37.002 0.0000000000
67328  -34.474  0.580  37.406 0.0000000000
68337  -34.785  1.234  37.078 0.0000000000
74487  -34.913  8.162  37.282 0.0000000000
74486  -34.392  7.831  36.428 0.0000000000
73475  -34.397  6.840  34.861 0.0000000000
140947  -34.579  5.557  35.092 0.0000000000
74509  -36.002  7.577  33.077 0.0000000000
122897  -36.347  5.569  33.887 0.0000000000
71434  -36.316  5.144  34.642 0.0000000000
71421  -36.708  4.815  35.151 0.0000000000
70435  -37.189  4.419  35.609 0.0000000000
135117  -37.407  4.939  35.247 0.0000000000
71410  -38.808  4.937  35.936 0.0000000000
72497  -40.426  5.477  32.593 0.0000000000
74565  -44.950  7.585  29.285 0.0000000000
122638  -44.366  9.533  27.245 0.0000000000
76639  -45.152  9.559  26.944 0.0000000000
49620  -6.143  -15.531  72.765 0.0000000000
48556  -5.877  -16.260  73.173 0.0000000000
47535  -8.036  -17.726  72.521 0.0000000000
47534  -7.336  -17.503  72.079 0.0000000000
46506  -6.916  -18.487  73.514 0.0000000000
46499  -6.229  -18.805  74.186 0.0000000000
126205  -6.582  -19.683  76.100 0.0000000000
134160  -32.140  -7.728  52.883 0.0000000000
117385  -32.775  -6.800  50.817 0.0000000000
59959  -33.055  -6.359  50.611 0.0000000000
61062  -30.953  -5.375  49.481 0.0000000000
61050  -31.338  -5.812  49.774 0.0000000000
61064  -32.067  -5.679  49.440 0.0000000000
62111  -33.955  -4.979  51.001 0.0000000000
62135  -32.608  -3.831  48.534 0.0000000000
65208  -27.930  -1.911  48.872 0.0000000000
65198  -28.303  -1.562  49.518 0.0000000000
64224  -28.251  -2.514  48.392 0.0000000000
133467  -27.356  -1.776  46.385 0.0000000000
64249  -27.616  -2.456  46.243 0.0000000000
63260  -29.502  -3.467  46.915 0.0000000000
63236  -28.558  -3.284  46.999 0.0000000000
120346  -29.681  -3.270  47.717 0.0000000000
63261  -31.107  -3.329  46.855 0.0000000000
63240  -33.292  -3.343  47.559 0.0000000000
63212  -33.747  -2.951  48.215 0.0000000000
123562  -33.991  -4.737  46.491 0.0000000000
61125  -30.636  -5.433  43.715 0.0000000000
61126  -31.659  -5.484  43.517 0.0000000000
61112  -33.426  -5.478  44.587 0.0000000000
61113  -34.424  -5.520  44.754 0.0000000000
62227  -34.681  -4.226  42.608 0.0000000000
62211  -35.435  -4.843  43.559 0.0000000000
62228  -35.533  -4.085  43.067 0.0000000000
63312  -35.130  -3.424  42.450 0.0000000000
63351  -32.771  -3.069  39.950 0.0000000000
64314  -33.562  -2.738  40.029 0.0000000000
64346  -33.276  -1.988  38.804 0.0000000000
64330  -30.793  -1.959  40.072 0.0000000000
65297  -30.878  -1.344  39.811 0.0000000000
67308  -31.072  0.410  38.988 0.0000000000
130513  -31.474  0.954  38.351 0.0000000000
68333  -31.514  1.666  38.109 0.0000000000
132130  -31.341  2.287  38.612 0.0000000000
70387  -31.612  3.547  39.287 0.0000000000
54354  -16.820  -11.627  58.523 0.0000000000
54342  -17.345  -11.720  59.056 0.0000000000
55519  -18.813  -10.896  59.827 0.0000000000
54343  -18.101  -11.439  59.385 0.0000000000
55508  -18.864  -10.793  60.904 0.0000000000
55509  -19.701  -10.187  61.080 0.0000000000
55541  -20.552  -10.492  58.344 0.0000000000
121939  -20.188  -10.486  58.982 0.0000000000
55531  -20.874  -10.437  59.098 0.0000000000
121468  -23.580  -8.121  57.095 0.0000000000
50845  -7.482  -14.292  70.077 0.0000000000
51985  -8.430  -12.939  68.860 0.0000000000
137420  -8.401  -13.806  68.770 0.0000000000
49661  -9.100  -15.705  69.283 0.0000000000
49660  -8.429  -15.294  69.158 0.0000000000
48594  -8.772  -16.454  70.584 0.0000000000
120524  -11.809  -15.766  67.529 0.0000000000
76649  -47.646  9.268  26.716 0.0000000000
140972  -3.021  -20.677  77.133 0.0000000000
44643  -3.607  -20.672  77.060 0.0000000000
45547  -3.178  -19.920  76.477 0.0000000000
46470  -3.307  -18.767  76.438 0.0000000000
46469  -2.705  -18.953  76.443 0.0000000000
52047  -16.391  -13.671  61.206 0.0000000000
52048  -17.102  -13.577  61.430 0.0000000000
55507  -14.388  -10.326  60.510 0.0000000000
53173  -14.632  -12.209  61.015 0.0000000000
52051  -15.273  -12.907  60.779 0.0000000000
117415  -29.981  -4.724  54.414 0.0000000000
70402  -32.125  3.754  37.732 0.0000000000
70417  -32.544  3.564  36.949 0.0000000000
71398  -32.443  4.410  37.471 0.0000000000
72456  -32.861  5.200  37.244 0.0000000000
72462  -33.301  5.581  36.741 0.0000000000
76605  -37.645  9.348  31.849 0.0000000000
76616  -38.211  9.257  31.273 0.0000000000
133824  -39.052  7.505  30.821 0.0000000000
75652  -39.490  8.029  30.408 0.0000000000
74561  -40.494  8.024  29.603 0.0000000000
64194  -31.007  -2.639  50.275 0.0000000000
65185  -29.497  -1.525  50.445 0.0000000000
64288  -30.315  -2.372  42.142 0.0000000000
56668  -21.941  -9.276  55.622 0.0000000000
56658  -22.106  -9.477  56.354 0.0000000000
52008  -10.119  -13.700  66.148 0.0000000000
123486  -46.259  8.272  27.487 0.0000000000
128027  -5.903  -19.866  75.928 0.0000000000
45560  -5.323  -20.155  76.153 0.0000000000
44649  -5.393  -20.512  76.789 0.0000000000
44648  -4.832  -20.519  76.548 0.0000000000
58828  -26.050  -7.970  54.503 0.0000000000
58813  -26.184  -7.955  55.350 0.0000000000
57748  -26.778  -8.155  56.006 0.0000000000
56608  -12.872  -9.563  63.140 0.0000000000
56595  -12.506  -9.139  63.767 0.0000000000
55465  -12.141  -10.584  63.701 0.0000000000
49736  -16.004  -15.214  63.697 0.0000000000
50929  -15.272  -15.035  63.447 0.0000000000
49725  -16.265  -15.163  64.358 0.0000000000
49713  -16.432  -15.081  65.159 0.0000000000
117422  -30.785  -8.029  50.957 0.0000000000
122732  -29.999  -5.943  50.565 0.0000000000
56641  -15.943  -9.618  58.086 0.0000000000
57732  -16.340  -8.874  57.706 0.0000000000
135315  -16.812  -8.500  57.111 0.0000000000
59881  -18.543  -7.106  56.608 0.0000000000
57769  -19.366  -8.293  54.304 0.0000000000
59909  -19.976  -6.589  53.949 0.0000000000
59921  -20.505  -6.334  53.362 0.0000000000
123088  -24.984  -3.686  54.925 0.0000000000
139764  -24.106  -3.484  53.998 0.0000000000
63153  -23.225  -3.586  53.275 0.0000000000
63152  -22.702  -3.864  52.876 0.0000000000
63164  -23.591  -3.796  52.553 0.0000000000
62101  -23.640  -4.427  51.957 0.0000000000
61036  -23.887  -5.421  51.857 0.0000000000
59940  -23.866  -6.422  52.273 0.0000000000
59947  -25.352  -6.342  51.459 0.0000000000
121924  -25.867  -7.122  51.354 0.0000000000
117847  -28.516  -5.662  51.807 0.0000000000
141314  -27.598  -6.384  51.363 0.0000000000
134346  -28.162  -6.506  51.201 0.0000000000
117871  -28.794  -7.219  51.014 0.0000000000
140372  -29.225  -8.179  51.413 0.0000000000
117372  -29.640  -8.238  51.518 0.0000000000
64334  -34.443  -2.111  39.716 0.0000000000
65300  -34.800  -1.617  39.136 0.0000000000
66309  -35.402  -1.169  39.039 0.0000000000
66321  -35.389  -0.442  38.421 0.0000000000
68345  -35.125  1.884  36.716 0.0000000000
75586  -34.731  8.346  35.783 0.0000000000
74501  -34.725  7.570  34.493 0.0000000000
72487  -37.132  5.372  33.616 0.0000000000
129249  -38.071  5.165  35.090 0.0000000000
120331  -38.915  5.186  35.422 0.0000000000
74577  -42.537  7.935  28.589 0.0000000000
124468  -43.981  8.365  28.019 0.0000000000
75671  -43.655  9.006  27.586 0.0000000000
50832  -6.693  -14.711  71.627 0.0000000000
49631  -6.391  -15.577  71.876 0.0000000000
61075  -30.941  -5.119  48.962 0.0000000000
62123  -32.260  -4.959  48.971 0.0000000000
63210  -32.080  -3.427  48.004 0.0000000000
137604  -28.348  -3.754  45.263 0.0000000000
63259  -28.393  -3.495  46.119 0.0000000000
62161  -28.726  -4.089  45.718 0.0000000000
140331  -29.555  -3.791  46.356 0.0000000000
62163  -30.340  -3.635  46.416 0.0000000000
62164  -31.373  -3.581  46.190 0.0000000000
63264  -33.647  -3.815  46.926 0.0000000000
61141  -31.655  -5.196  42.677 0.0000000000
61127  -32.426  -5.150  42.924 0.0000000000
62209  -33.231  -5.052  43.152 0.0000000000
61129  -34.890  -5.323  43.998 0.0000000000
131715  -33.974  -4.828  42.821 0.0000000000
62242  -33.908  -4.229  42.141 0.0000000000
63323  -33.958  -3.574  41.519 0.0000000000
63322  -33.300  -3.659  41.053 0.0000000000
63339  -33.038  -3.390  40.466 0.0000000000
63350  -32.176  -3.053  39.723 0.0000000000
67307  -30.649  0.209  39.878 0.0000000000
68316  -30.775  1.151  39.693 0.0000000000
123469  -31.071  2.053  39.640 0.0000000000
138906  -31.182  2.177  39.107 0.0000000000
54367  -17.559  -11.515  57.527 0.0000000000
54356  -18.132  -11.589  58.016 0.0000000000
55529  -18.681  -11.021  58.750 0.0000000000
55530  -19.518  -10.575  59.323 0.0000000000
50868  -8.960  -15.091  68.056 0.0000000000
50867  -8.528  -14.485  68.475 0.0000000000
50889  -12.239  -15.080  66.070 0.0000000000
61027  -34.258  -5.575  53.527 0.0000000000
140520  -17.165  -13.981  64.273 0.0000000000
52029  -17.468  -13.354  64.024 0.0000000000
53150  -17.969  -12.472  64.203 0.0000000000
53164  -17.689  -13.114  62.428 0.0000000000
57776  -28.356  -8.617  54.704 0.0000000000
121077  -13.560  -8.672  62.421 0.0000000000
56619  -13.462  -9.598  61.935 0.0000000000
54284  -13.236  -11.080  62.373 0.0000000000
52041  -15.182  -14.051  61.859 0.0000000000
120590  -16.007  -15.006  62.979 0.0000000000
63156  -26.194  -4.070  53.951 0.0000000000
62092  -26.425  -4.365  53.173 0.0000000000
62104  -27.082  -4.849  52.826 0.0000000000
134426  -27.808  -5.239  52.499 0.0000000000
67326  -32.740  0.489  37.578 0.0000000000
134085  -33.217  0.995  37.171 0.0000000000
69380  -33.768  2.582  36.318 0.0000000000
69394  -34.515  2.998  35.923 0.0000000000
70433  -35.219  3.483  35.710 0.0000000000
75603  -36.062  9.007  34.005 0.0000000000
76589  -36.631  9.398  33.553 0.0000000000
75627  -36.563  8.318  32.675 0.0000000000
74516  -36.910  7.633  32.434 0.0000000000
73497  -37.412  6.868  32.153 0.0000000000
72496  -39.616  5.326  32.695 0.0000000000
72508  -40.712  5.864  31.838 0.0000000000
73510  -40.261  6.207  31.165 0.0000000000
72509  -41.359  6.008  31.813 0.0000000000
74562  -41.977  7.323  29.298 0.0000000000
118138  -30.817  -4.669  50.444 0.0000000000
63208  -29.986  -3.054  48.513 0.0000000000
65239  -27.926  -2.168  45.189 0.0000000000
65240  -28.318  -2.108  44.627 0.0000000000
64265  -28.049  -2.738  44.843 0.0000000000
63285  -28.047  -3.146  45.187 0.0000000000
61097  -29.650  -4.862  44.639 0.0000000000
61109  -30.390  -5.274  44.510 0.0000000000
61124  -29.819  -5.152  43.934 0.0000000000
62222  -29.752  -4.371  42.882 0.0000000000
62238  -30.955  -4.291  41.745 0.0000000000
63337  -31.274  -3.270  40.377 0.0000000000
65285  -30.691  -1.482  40.431 0.0000000000
65271  -30.600  -1.765  41.032 0.0000000000
66296  -30.800  -0.025  40.595 0.0000000000
68290  -31.353  0.745  41.027 0.0000000000
55562  -20.044  -10.508  56.484 0.0000000000
120144  -20.992  -10.459  57.756 0.0000000000
55542  -21.310  -10.414  58.417 0.0000000000
56648  -21.923  -9.951  56.917 0.0000000000
55543  -22.027  -10.153  58.418 0.0000000000
53114  -8.596  -12.503  68.183 0.0000000000
53125  -8.943  -11.856  67.409 0.0000000000
49684  -11.031  -15.725  67.964 0.0000000000
49687  -15.063  -16.000  67.093 0.0000000000
47506  -4.836  -17.783  74.728 0.0000000000
47505  -4.546  -18.219  75.324 0.0000000000
47496  -4.230  -17.983  76.048 0.0000000000
75571  -35.450  8.574  37.604 0.0000000000
75580  -35.865  9.226  36.420 0.0000000000
75588  -36.171  9.498  35.569 0.0000000000
76575  -36.679  9.952  34.947 0.0000000000
64195  -34.902  -2.837  50.188 0.0000000000
58825  -23.336  -7.554  54.754 0.0000000000
58810  -23.701  -7.598  55.670 0.0000000000
55436  -11.071  -9.512  65.702 0.0000000000
131096  -10.644  -10.929  65.658 0.0000000000
53134  -10.467  -11.880  65.577 0.0000000000
50902  -12.449  -14.857  65.174 0.0000000000
49710  -14.237  -15.755  65.880 0.0000000000
52034  -13.483  -13.746  63.142 0.0000000000
50917  -14.569  -15.091  64.071 0.0000000000
50904  -14.381  -15.408  64.943 0.0000000000
53200  -16.204  -12.035  59.648 0.0000000000
54340  -15.940  -11.456  59.173 0.0000000000
54353  -16.306  -11.290  58.576 0.0000000000
54366  -16.757  -11.312  57.822 0.0000000000
55549  -17.182  -11.138  57.124 0.0000000000
54375  -17.838  -11.219  56.867 0.0000000000
55560  -18.278  -10.789  56.215 0.0000000000
123986  -17.134  -7.849  57.578 0.0000000000
58798  -17.918  -7.531  56.065 0.0000000000
57745  -17.623  -8.363  55.785 0.0000000000
57754  -17.671  -9.337  55.609 0.0000000000
55571  -18.773  -10.443  55.458 0.0000000000
55572  -19.692  -10.416  55.505 0.0000000000
57770  -20.122  -8.519  53.998 0.0000000000
56674  -20.707  -9.278  54.404 0.0000000000
57757  -21.675  -8.907  54.633 0.0000000000
61006  -21.114  -5.294  55.206 0.0000000000
61016  -20.886  -5.197  54.260 0.0000000000
61026  -20.951  -5.409  53.371 0.0000000000
59922  -21.118  -6.190  52.797 0.0000000000
138235  -22.252  -4.592  52.650 0.0000000000
61033  -21.606  -5.389  52.760 0.0000000000
124403  -21.559  -6.838  52.723 0.0000000000
58824  -22.711  -7.481  53.636 0.0000000000
122000  -24.426  -7.413  53.801 0.0000000000
58860  -24.639  -7.033  52.108 0.0000000000
58843  -25.042  -7.571  52.937 0.0000000000
61037  -26.258  -5.507  51.510 0.0000000000
122870  -26.067  -6.365  51.272 0.0000000000
59948  -27.483  -6.989  51.214 0.0000000000
132147  -26.654  -7.614  51.541 0.0000000000
57789  -27.330  -8.530  52.207 0.0000000000
57782  -27.429  -8.710  53.147 0.0000000000
134243  -29.079  -8.627  54.157 0.0000000000
57709  -14.423  -8.305  60.372 0.0000000000
64317  -36.020  -1.682  40.496 0.0000000000
66327  -34.188  -0.038  37.745 0.0000000000
66328  -34.963  0.103  37.853 0.0000000000
66322  -36.287  -0.070  38.508 0.0000000000
67330  -35.969  0.829  37.518 0.0000000000
73455  -33.703  6.717  37.526 0.0000000000
73460  -33.492  6.223  36.718 0.0000000000
72469  -33.679  5.574  36.008 0.0000000000
73468  -34.013  6.998  35.751 0.0000000000
73467  -33.726  6.382  36.054 0.0000000000
71419  -34.620  4.584  35.444 0.0000000000
121319  -35.156  4.254  35.389 0.0000000000
70434  -35.742  3.973  35.507 0.0000000000
75614  -35.575  8.284  33.736 0.0000000000
74502  -35.237  7.550  33.829 0.0000000000
73476  -34.937  6.835  34.133 0.0000000000
73487  -36.131  6.453  33.339 0.0000000000
72486  -35.537  6.189  33.983 0.0000000000
71420  -35.860  4.739  35.145 0.0000000000
71409  -37.965  4.834  35.716 0.0000000000
74591  -45.771  7.897  28.156 0.0000000000
75667  -44.890  8.300  27.972 0.0000000000
75672  -45.548  8.446  27.564 0.0000000000
77560  -45.563  10.829  26.504 0.0000000000
49615  -6.075  -15.411  73.681 0.0000000000
47548  -7.531  -17.105  71.596 0.0000000000
47547  -6.858  -16.969  71.753 0.0000000000
47533  -6.581  -17.406  72.366 0.0000000000
47532  -5.938  -17.150  72.855 0.0000000000
47522  -5.651  -17.597  73.319 0.0000000000
47513  -5.148  -17.682  73.836 0.0000000000
46498  -5.397  -18.503  74.234 0.0000000000
45571  -5.706  -19.145  74.742 0.0000000000
45567  -6.161  -19.530  75.357 0.0000000000
61039  -33.915  -6.085  52.434 0.0000000000
61046  -34.062  -5.588  51.745 0.0000000000
118127  -31.301  -6.021  49.886 0.0000000000
61063  -31.454  -5.559  49.433 0.0000000000
135934  -33.603  -5.865  51.017 0.0000000000
62118  -34.081  -4.149  50.478 0.0000000000
63186  -34.311  -2.930  49.651 0.0000000000
65199  -29.027  -1.963  49.847 0.0000000000
66209  -27.909  -0.800  49.739 0.0000000000
63234  -27.872  -2.906  46.660 0.0000000000
63235  -27.942  -2.728  47.541 0.0000000000
63207  -28.808  -2.994  47.873 0.0000000000
122835  -29.421  -2.969  48.212 0.0000000000
63211  -33.022  -3.130  48.165 0.0000000000
142974  -33.631  -2.985  48.531 0.0000000000
133101  -34.148  -2.875  48.887 0.0000000000
64210  -34.943  -2.725  49.405 0.0000000000
61100  -32.000  -5.465  45.203 0.0000000000
61101  -32.982  -5.396  45.272 0.0000000000
64289  -35.512  -2.576  42.089 0.0000000000
64299  -34.357  -2.994  41.179 0.0000000000
64315  -34.391  -2.590  40.569 0.0000000000
66319  -33.158  -0.774  38.150 0.0000000000
139441  -31.784  -3.357  40.092 0.0000000000
64332  -31.979  -2.518  39.270 0.0000000000
65298  -31.331  -1.333  39.143 0.0000000000
64345  -32.433  -2.041  38.821 0.0000000000
66318  -32.304  -0.732  38.271 0.0000000000
66325  -32.678  -0.228  37.931 0.0000000000
67325  -31.985  1.035  37.787 0.0000000000
68334  -31.973  1.713  37.576 0.0000000000
69359  -31.537  3.066  38.589 0.0000000000
69360  -31.827  3.238  37.980 0.0000000000
128262  -32.197  4.415  38.243 0.0000000000
72442  -33.209  5.687  38.902 0.0000000000
53201  -16.927  -12.070  59.712 0.0000000000
55521  -20.946  -10.122  60.547 0.0000000000
135833  -20.183  -10.162  60.557 0.0000000000
57747  -23.280  -8.086  56.349 0.0000000000
57735  -23.293  -8.483  57.804 0.0000000000
50846  -7.915  -14.071  69.516 0.0000000000
50858  -8.297  -14.438  68.964 0.0000000000
48579  -9.307  -16.811  71.365 0.0000000000
50887  -10.529  -14.628  66.536 0.0000000000
50888  -11.361  -14.865  66.294 0.0000000000
49673  -11.316  -16.099  68.799 0.0000000000
48631  -14.189  -16.521  67.700 0.0000000000
48619  -13.388  -16.568  67.943 0.0000000000
48608  -11.890  -16.518  69.373 0.0000000000
126781  -4.963  -20.884  77.271 0.0000000000
44644  -4.218  -20.641  76.917 0.0000000000
46471  -3.497  -17.708  76.850 0.0000000000
46468  -2.452  -18.445  76.637 0.0000000000
61111  -32.071  -5.590  44.357 0.0000000000
62110  -25.082  -4.913  51.409 0.0000000000
63349  -31.572  -2.887  39.809 0.0000000000
64256  -27.855  -2.602  45.511 0.0000000000
64335  -35.281  -1.634  39.682 0.0000000000
64344  -31.776  -1.935  38.990 0.0000000000
65225  -27.633  -1.908  45.742 0.0000000000
65305  -31.960  -1.414  38.591 0.0000000000
66213  -27.508  -0.584  48.209 0.0000000000
67329  -35.282  0.702  37.472 0.0000000000
69349  -31.336  2.815  39.378 0.0000000000
123300  -9.445  -11.948  66.576 0.0000000000
127871  -34.617  2.371  36.352 0.0000000000
131800  -34.344  5.222  35.435 0.0000000000
134351  -30.991  -5.613  49.889 0.0000000000
139911  -14.089  -8.826  60.849 0.0000000000
141393  -20.741  -7.597  53.298 0.0000000000
