#!ascii label  , from subject sub_0001 vox2ras=TkReg
459
64911  -26.560  -2.214  -19.968 0.0000000000
60654  -20.617  -6.510  -18.232 0.0000000000
60715  -29.311  -6.882  -22.007 0.0000000000
57493  -23.453  -9.447  -16.426 0.0000000000
76086  -24.785  9.034  -21.943 0.0000000000
72954  -28.252  5.530  -21.960 0.0000000000
68907  -22.455  1.114  -23.420 0.0000000000
54099  -21.663  -12.258  -13.373 0.0000000000
58579  -22.260  -7.825  -17.760 0.0000000000
57472  -20.861  -9.144  -15.805 0.0000000000
75039  -26.385  7.654  -21.376 0.0000000000
123581  -22.647  5.386  -22.776 0.0000000000
132459  -21.770  -3.272  -21.225 0.0000000000
65933  -19.790  -0.872  -22.470 0.0000000000
66902  -24.470  -0.487  -21.318 0.0000000000
68900  -28.004  1.733  -20.833 0.0000000000
65928  -29.342  -0.808  -21.848 0.0000000000
63998  -29.032  -3.324  -24.373 0.0000000000
62859  -19.210  -4.541  -19.134 0.0000000000
62886  -23.388  -4.448  -20.450 0.0000000000
62887  -28.076  -4.785  -21.257 0.0000000000
61780  -25.627  -6.042  -18.585 0.0000000000
58580  -26.914  -8.724  -18.931 0.0000000000
57512  -27.288  -9.766  -17.920 0.0000000000
133051  -20.526  2.842  -24.930 0.0000000000
70929  -24.762  3.208  -21.872 0.0000000000
70955  -29.633  3.347  -23.254 0.0000000000
56367  -20.480  -10.554  -13.582 0.0000000000
55299  -22.995  -11.085  -15.330 0.0000000000
58531  -19.967  -8.185  -15.662 0.0000000000
58508  -19.325  -8.615  -13.877 0.0000000000
72962  -22.151  6.271  -22.954 0.0000000000
72976  -21.311  6.093  -24.974 0.0000000000
64910  -24.168  -2.393  -20.596 0.0000000000
141727  -22.248  -2.162  -21.925 0.0000000000
131636  -25.398  -1.154  -20.463 0.0000000000
66891  -27.403  -0.666  -20.642 0.0000000000
65914  -28.525  -1.690  -21.108 0.0000000000
65937  -29.134  -1.600  -22.721 0.0000000000
64930  -28.607  -2.897  -21.986 0.0000000000
60670  -20.523  -5.800  -18.812 0.0000000000
62883  -21.828  -4.811  -20.417 0.0000000000
61797  -22.325  -5.860  -20.003 0.0000000000
118360  -24.299  -4.926  -19.453 0.0000000000
60692  -22.412  -6.182  -19.410 0.0000000000
57508  -22.366  -8.523  -17.325 0.0000000000
59603  -24.085  -7.618  -17.536 0.0000000000
58567  -25.696  -8.732  -17.417 0.0000000000
57526  -27.185  -9.300  -18.801 0.0000000000
118796  -26.335  -9.479  -17.309 0.0000000000
76085  -23.752  8.893  -22.706 0.0000000000
76096  -22.945  9.615  -23.967 0.0000000000
77962  -24.740  10.199  -22.529 0.0000000000
77969  -25.990  10.947  -22.724 0.0000000000
77088  -27.282  9.187  -21.826 0.0000000000
128275  -26.969  6.293  -21.249 0.0000000000
66927  -20.498  -0.067  -23.344 0.0000000000
67906  -19.406  0.757  -23.812 0.0000000000
68935  -21.373  1.841  -24.566 0.0000000000
70941  -22.830  3.106  -23.127 0.0000000000
128279  -23.101  1.719  -22.748 0.0000000000
68911  -29.372  1.559  -22.520 0.0000000000
69927  -29.020  2.369  -22.271 0.0000000000
141594  -29.241  1.657  -25.537 0.0000000000
131092  -28.195  -5.824  -22.447 0.0000000000
60733  -28.163  -5.517  -23.723 0.0000000000
55255  -20.337  -11.752  -12.581 0.0000000000
55272  -20.609  -11.288  -13.112 0.0000000000
56386  -21.820  -10.776  -14.726 0.0000000000
128639  -22.490  -11.647  -14.527 0.0000000000
59598  -20.261  -7.031  -17.475 0.0000000000
59600  -21.279  -7.405  -17.984 0.0000000000
118981  -20.600  -7.681  -17.219 0.0000000000
57491  -21.239  -8.898  -16.656 0.0000000000
57492  -21.944  -9.341  -16.452 0.0000000000
75036  -23.633  8.029  -22.547 0.0000000000
130664  -25.552  8.349  -21.497 0.0000000000
75037  -24.408  7.458  -21.892 0.0000000000
72950  -24.544  6.125  -21.655 0.0000000000
71976  -25.710  5.040  -21.154 0.0000000000
64908  -19.983  -2.894  -21.092 0.0000000000
65924  -20.633  -2.141  -22.203 0.0000000000
66917  -21.507  -0.981  -22.725 0.0000000000
67880  -23.371  0.118  -22.160 0.0000000000
68897  -25.095  1.374  -21.689 0.0000000000
67883  -26.558  0.580  -20.853 0.0000000000
67885  -28.820  0.672  -21.052 0.0000000000
66928  -29.382  -0.253  -23.451 0.0000000000
66938  -29.336  -1.504  -24.484 0.0000000000
54084  -23.058  -13.239  -12.871 0.0000000000
54101  -23.082  -12.665  -13.714 0.0000000000
63956  -20.482  -3.536  -20.718 0.0000000000
63958  -22.669  -4.000  -21.027 0.0000000000
140894  -25.685  -3.476  -19.651 0.0000000000
63962  -27.954  -4.125  -20.566 0.0000000000
138880  -25.858  -4.122  -19.357 0.0000000000
61801  -27.427  -5.769  -20.153 0.0000000000
60694  -27.359  -6.801  -19.787 0.0000000000
59620  -23.880  -6.764  -18.110 0.0000000000
59621  -25.506  -6.975  -18.372 0.0000000000
59635  -27.563  -8.333  -20.595 0.0000000000
134862  -28.348  -9.308  -21.022 0.0000000000
58583  -28.733  -8.808  -19.238 0.0000000000
76089  -27.764  8.388  -21.778 0.0000000000
72005  -21.769  4.053  -24.606 0.0000000000
70943  -24.134  3.770  -22.290 0.0000000000
71958  -25.846  4.038  -21.019 0.0000000000
69914  -25.922  2.615  -21.117 0.0000000000
70932  -27.249  3.188  -21.137 0.0000000000
71978  -29.407  4.083  -22.744 0.0000000000
63980  -28.267  -3.981  -22.546 0.0000000000
64001  -29.502  -4.293  -24.885 0.0000000000
57440  -19.573  -9.436  -13.562 0.0000000000
56384  -20.182  -9.851  -14.047 0.0000000000
56402  -21.708  -10.123  -15.265 0.0000000000
56418  -23.421  -10.141  -15.896 0.0000000000
55288  -23.818  -11.919  -15.061 0.0000000000
56405  -24.267  -10.976  -15.680 0.0000000000
56419  -24.775  -10.376  -16.172 0.0000000000
73994  -20.800  6.317  -25.115 0.0000000000
139525  -25.742  -2.277  -19.965 0.0000000000
118813  -25.108  -1.908  -20.272 0.0000000000
65911  -25.989  -1.568  -20.153 0.0000000000
65912  -26.916  -1.457  -20.308 0.0000000000
64912  -27.383  -2.269  -20.240 0.0000000000
130019  -28.534  -2.354  -21.416 0.0000000000
64913  -28.073  -2.437  -20.824 0.0000000000
119215  -20.033  -5.909  -18.365 0.0000000000
60689  -21.502  -5.601  -19.672 0.0000000000
60690  -21.920  -6.016  -19.633 0.0000000000
60691  -22.045  -6.287  -19.352 0.0000000000
57509  -23.078  -8.804  -16.933 0.0000000000
58566  -24.553  -8.350  -17.094 0.0000000000
57510  -23.990  -8.855  -16.766 0.0000000000
128173  -25.146  -9.168  -16.947 0.0000000000
57494  -24.501  -9.637  -16.511 0.0000000000
77085  -24.212  9.664  -22.660 0.0000000000
77086  -25.192  9.666  -21.980 0.0000000000
77963  -25.598  10.294  -22.179 0.0000000000
124549  -26.907  10.171  -22.165 0.0000000000
77087  -26.188  9.556  -21.649 0.0000000000
73974  -28.427  6.288  -22.153 0.0000000000
72966  -28.793  5.704  -22.414 0.0000000000
72967  -29.291  5.553  -22.885 0.0000000000
67908  -21.406  0.412  -23.759 0.0000000000
67907  -20.280  0.547  -23.891 0.0000000000
68922  -20.946  1.193  -24.255 0.0000000000
68923  -21.764  1.406  -24.172 0.0000000000
120589  -22.286  1.870  -23.970 0.0000000000
68937  -29.596  1.222  -24.649 0.0000000000
68924  -29.681  1.418  -23.447 0.0000000000
60714  -28.730  -6.661  -22.110 0.0000000000
142597  -28.407  -6.231  -22.693 0.0000000000
60730  -29.808  -6.548  -22.656 0.0000000000
54083  -21.251  -12.629  -12.679 0.0000000000
54098  -20.926  -11.983  -12.950 0.0000000000
124565  -21.419  -11.604  -13.598 0.0000000000
55286  -21.951  -11.341  -14.290 0.0000000000
55273  -22.099  -11.890  -13.999 0.0000000000
59586  -19.869  -7.281  -16.624 0.0000000000
58546  -20.356  -7.932  -16.454 0.0000000000
57471  -20.244  -8.797  -15.342 0.0000000000
58532  -20.621  -8.558  -16.218 0.0000000000
75051  -22.811  7.640  -22.982 0.0000000000
75052  -23.639  7.203  -22.312 0.0000000000
72963  -22.998  5.831  -22.383 0.0000000000
73973  -23.766  6.367  -22.155 0.0000000000
72964  -24.157  5.463  -22.266 0.0000000000
72951  -25.407  6.012  -21.562 0.0000000000
72965  -24.888  5.250  -21.627 0.0000000000
63970  -20.767  -2.990  -21.230 0.0000000000
64921  -21.213  -2.796  -21.598 0.0000000000
124092  -23.747  -1.094  -21.450 0.0000000000
65926  -22.291  -1.423  -22.299 0.0000000000
66901  -23.123  -0.828  -22.014 0.0000000000
66918  -22.455  -0.497  -22.556 0.0000000000
120221  -23.821  -0.410  -21.737 0.0000000000
67881  -24.340  0.129  -21.756 0.0000000000
66903  -25.118  0.046  -21.442 0.0000000000
66905  -29.142  -0.353  -21.027 0.0000000000
66904  -28.281  -0.052  -20.713 0.0000000000
66919  -29.317  0.038  -21.587 0.0000000000
66920  -29.322  -0.057  -22.512 0.0000000000
66937  -29.360  -0.711  -24.252 0.0000000000
130967  -29.314  -0.873  -23.028 0.0000000000
64953  -29.036  -2.391  -24.040 0.0000000000
65957  -29.306  -1.802  -24.237 0.0000000000
137060  -29.673  -3.258  -24.641 0.0000000000
52983  -22.361  -13.521  -12.382 0.0000000000
52985  -23.822  -13.258  -12.369 0.0000000000
63941  -19.422  -4.067  -19.761 0.0000000000
63942  -20.143  -4.215  -20.227 0.0000000000
61818  -22.297  -5.265  -20.366 0.0000000000
62884  -22.356  -4.522  -20.776 0.0000000000
62885  -22.868  -4.435  -20.834 0.0000000000
63959  -23.218  -3.872  -20.886 0.0000000000
63960  -24.038  -3.788  -20.277 0.0000000000
63943  -24.946  -3.871  -19.743 0.0000000000
62870  -24.174  -4.395  -19.858 0.0000000000
61799  -25.061  -5.333  -19.051 0.0000000000
125608  -26.084  -4.987  -19.395 0.0000000000
135202  -26.145  -5.624  -18.904 0.0000000000
61800  -26.841  -5.755  -19.412 0.0000000000
60675  -26.574  -6.639  -18.998 0.0000000000
59601  -21.652  -7.522  -17.953 0.0000000000
120419  -22.122  -7.121  -18.290 0.0000000000
59602  -22.939  -7.308  -17.864 0.0000000000
59605  -26.065  -7.994  -17.909 0.0000000000
59604  -24.906  -7.390  -17.812 0.0000000000
59622  -26.695  -7.738  -18.830 0.0000000000
59634  -27.157  -7.618  -19.556 0.0000000000
59623  -27.258  -8.600  -19.836 0.0000000000
58595  -27.870  -9.146  -21.144 0.0000000000
134574  -27.510  -9.098  -20.645 0.0000000000
142918  -27.403  -9.566  -18.475 0.0000000000
58582  -28.058  -9.360  -19.459 0.0000000000
57528  -27.649  -9.489  -18.490 0.0000000000
123579  -29.217  -8.093  -18.506 0.0000000000
76088  -26.633  8.549  -21.497 0.0000000000
75040  -27.421  7.702  -21.582 0.0000000000
65922  -19.010  -1.367  -21.493 0.0000000000
69946  -19.777  3.134  -24.680 0.0000000000
70968  -20.314  3.810  -25.026 0.0000000000
137673  -21.227  4.629  -24.962 0.0000000000
70969  -21.137  3.632  -25.027 0.0000000000
70942  -23.470  3.218  -22.501 0.0000000000
131858  -23.205  3.895  -22.769 0.0000000000
71957  -24.949  3.860  -21.670 0.0000000000
68898  -26.016  1.347  -21.024 0.0000000000
131268  -25.687  1.962  -21.320 0.0000000000
133421  -27.170  2.156  -20.638 0.0000000000
142699  -29.643  2.720  -23.467 0.0000000000
70933  -27.851  3.005  -21.641 0.0000000000
70946  -29.181  3.188  -22.658 0.0000000000
71977  -28.672  3.903  -22.267 0.0000000000
118144  -29.665  3.742  -24.226 0.0000000000
63973  -28.379  -3.876  -21.411 0.0000000000
62897  -28.013  -4.912  -22.282 0.0000000000
62934  -28.871  -4.965  -24.848 0.0000000000
55271  -20.035  -10.812  -12.889 0.0000000000
56366  -19.798  -10.212  -13.178 0.0000000000
56403  -22.364  -10.640  -15.289 0.0000000000
57474  -22.207  -9.921  -15.742 0.0000000000
121397  -22.865  -10.414  -15.637 0.0000000000
54111  -23.501  -12.227  -14.505 0.0000000000
128311  -23.999  -10.496  -15.876 0.0000000000
138213  -19.760  -7.628  -15.912 0.0000000000
58520  -19.570  -8.383  -14.757 0.0000000000
73972  -22.853  6.745  -22.570 0.0000000000
132145  -21.709  6.222  -24.195 0.0000000000
72977  -22.172  5.363  -23.527 0.0000000000
64922  -22.422  -3.348  -21.208 0.0000000000
121031  -21.933  -2.778  -21.582 0.0000000000
64923  -22.726  -2.530  -21.442 0.0000000000
65910  -24.497  -1.304  -20.776 0.0000000000
66889  -25.249  -0.526  -20.877 0.0000000000
66890  -26.230  -0.722  -20.580 0.0000000000
66892  -28.495  -0.894  -20.827 0.0000000000
127465  -29.037  -1.099  -21.263 0.0000000000
65936  -29.005  -1.822  -21.792 0.0000000000
64931  -28.863  -2.312  -22.566 0.0000000000
64942  -28.611  -3.104  -22.981 0.0000000000
61769  -19.419  -5.561  -18.107 0.0000000000
61778  -19.788  -5.301  -18.922 0.0000000000
62867  -20.533  -4.778  -20.040 0.0000000000
61795  -20.667  -5.330  -19.516 0.0000000000
61796  -21.948  -5.538  -20.072 0.0000000000
61819  -22.762  -5.138  -20.400 0.0000000000
62869  -23.483  -5.005  -19.844 0.0000000000
61798  -22.922  -5.792  -19.859 0.0000000000
61779  -23.830  -5.500  -19.215 0.0000000000
60693  -23.224  -6.085  -18.926 0.0000000000
58564  -21.714  -8.172  -17.553 0.0000000000
58565  -23.266  -8.189  -17.356 0.0000000000
142795  -25.120  -7.939  -17.395 0.0000000000
58568  -26.595  -9.113  -18.109 0.0000000000
57511  -27.036  -9.746  -18.047 0.0000000000
76095  -22.562  8.632  -23.652 0.0000000000
77094  -27.985  9.589  -22.208 0.0000000000
73959  -27.123  6.974  -21.463 0.0000000000
73960  -28.015  6.983  -21.795 0.0000000000
68906  -18.716  0.963  -23.460 0.0000000000
68920  -19.170  1.471  -24.019 0.0000000000
69934  -19.845  2.165  -24.482 0.0000000000
69947  -21.309  2.550  -24.854 0.0000000000
70970  -21.889  3.050  -24.660 0.0000000000
68936  -21.907  2.193  -24.522 0.0000000000
69925  -23.320  2.478  -22.597 0.0000000000
69926  -24.132  2.823  -22.193 0.0000000000
68910  -28.844  1.630  -21.670 0.0000000000
69936  -29.696  2.185  -23.867 0.0000000000
61831  -28.121  -5.411  -21.782 0.0000000000
61845  -27.772  -5.453  -23.215 0.0000000000
60728  -28.113  -5.855  -23.083 0.0000000000
61858  -29.258  -5.724  -24.087 0.0000000000
55254  -19.902  -11.313  -12.476 0.0000000000
55285  -21.271  -10.917  -13.915 0.0000000000
56387  -22.480  -11.216  -14.883 0.0000000000
136535  -19.653  -6.717  -17.030 0.0000000000
59618  -21.282  -6.762  -18.396 0.0000000000
59599  -20.866  -7.332  -17.863 0.0000000000
58563  -21.342  -7.878  -17.665 0.0000000000
58547  -20.896  -8.257  -16.969 0.0000000000
58548  -21.309  -8.335  -17.290 0.0000000000
58549  -21.778  -8.805  -17.111 0.0000000000
121054  -22.500  -9.112  -16.765 0.0000000000
76094  -21.153  8.891  -23.860 0.0000000000
76087  -25.651  9.071  -21.547 0.0000000000
125216  -24.566  8.229  -21.953 0.0000000000
75038  -25.348  7.553  -21.507 0.0000000000
73956  -24.258  6.817  -21.885 0.0000000000
73957  -24.973  6.812  -21.454 0.0000000000
72952  -26.447  5.795  -21.305 0.0000000000
72953  -27.412  5.397  -21.307 0.0000000000
65923  -19.792  -1.629  -22.072 0.0000000000
65925  -21.480  -2.079  -22.263 0.0000000000
65935  -20.873  -1.501  -22.574 0.0000000000
65934  -20.279  -1.233  -22.519 0.0000000000
66916  -20.679  -0.759  -22.864 0.0000000000
67909  -21.856  -0.153  -23.159 0.0000000000
67894  -22.564  0.338  -22.837 0.0000000000
68908  -23.283  1.005  -22.552 0.0000000000
68896  -24.178  0.854  -22.014 0.0000000000
135191  -24.883  0.604  -21.664 0.0000000000
128185  -27.701  0.771  -20.682 0.0000000000
67872  -26.660  -0.145  -20.798 0.0000000000
67895  -29.203  0.774  -22.058 0.0000000000
67910  -29.547  0.374  -23.959 0.0000000000
67922  -29.053  -0.280  -24.873 0.0000000000
66942  -28.948  -1.348  -25.375 0.0000000000
65947  -29.247  -1.614  -23.622 0.0000000000
59648  -29.011  -7.697  -21.208 0.0000000000
130181  -22.149  -12.931  -13.077 0.0000000000
54100  -22.346  -12.363  -13.710 0.0000000000
142743  -21.131  -3.575  -20.812 0.0000000000
62882  -21.023  -4.289  -20.440 0.0000000000
63957  -21.699  -4.020  -20.746 0.0000000000
63972  -22.067  -3.747  -20.991 0.0000000000
140625  -22.866  -3.684  -21.110 0.0000000000
63961  -24.920  -2.957  -20.028 0.0000000000
64896  -26.094  -2.909  -19.833 0.0000000000
130151  -27.678  -3.140  -20.343 0.0000000000
63944  -26.464  -3.608  -19.697 0.0000000000
63945  -27.211  -3.822  -20.061 0.0000000000
62872  -27.348  -4.736  -20.148 0.0000000000
139100  -25.051  -4.585  -19.422 0.0000000000
141486  -26.968  -5.117  -19.649 0.0000000000
119658  -27.805  -5.156  -20.715 0.0000000000
61820  -28.104  -5.858  -20.786 0.0000000000
142957  -28.303  -6.413  -20.938 0.0000000000
60702  -28.598  -6.996  -21.154 0.0000000000
127592  -22.078  -6.550  -18.878 0.0000000000
60673  -22.644  -6.617  -18.556 0.0000000000
60674  -24.460  -6.075  -18.617 0.0000000000
59649  -29.378  -8.453  -21.023 0.0000000000
138295  -27.824  -9.395  -20.521 0.0000000000
58596  -28.600  -9.300  -20.401 0.0000000000
77089  -28.060  8.901  -22.095 0.0000000000
75041  -28.347  7.689  -21.913 0.0000000000
72990  -21.026  5.507  -25.200 0.0000000000
71989  -21.616  5.211  -24.605 0.0000000000
71972  -22.725  4.588  -23.094 0.0000000000
70954  -22.392  3.502  -24.086 0.0000000000
136288  -22.711  3.900  -23.400 0.0000000000
71973  -23.608  4.791  -22.608 0.0000000000
71974  -24.516  4.594  -22.115 0.0000000000
125721  -26.648  4.755  -21.002 0.0000000000
68909  -24.043  1.812  -22.251 0.0000000000
69913  -25.066  2.420  -21.786 0.0000000000
69916  -27.598  2.602  -21.022 0.0000000000
69915  -26.764  2.678  -20.868 0.0000000000
70931  -26.361  3.255  -20.999 0.0000000000
71959  -26.940  3.863  -20.995 0.0000000000
140672  -27.442  4.419  -21.275 0.0000000000
124742  -28.961  4.882  -22.378 0.0000000000
128510  -29.517  4.778  -22.909 0.0000000000
63963  -28.140  -3.313  -20.864 0.0000000000
63997  -28.595  -3.889  -24.169 0.0000000000
62926  -27.955  -4.908  -23.705 0.0000000000
132285  -28.324  -4.446  -24.144 0.0000000000
141409  -29.226  -3.837  -24.695 0.0000000000
57456  -19.901  -9.087  -14.414 0.0000000000
57457  -20.577  -9.428  -14.906 0.0000000000
56385  -21.020  -10.206  -14.548 0.0000000000
56401  -21.158  -9.647  -15.295 0.0000000000
57473  -21.525  -9.480  -15.903 0.0000000000
56417  -22.725  -9.698  -16.101 0.0000000000
54110  -22.760  -12.095  -14.295 0.0000000000
55287  -23.098  -11.694  -14.928 0.0000000000
55300  -23.685  -11.415  -15.382 0.0000000000
56404  -23.515  -10.803  -15.619 0.0000000000
128410  -24.041  -10.027  -16.160 0.0000000000
57495  -25.547  -9.766  -16.636 0.0000000000
57527  -27.596  -9.408  -19.286 0.0000000000
58562  -21.053  -7.878  -17.546 0.0000000000
58581  -27.374  -9.128  -19.822 0.0000000000
58597  -29.218  -9.005  -20.214 0.0000000000
58610  -28.609  -8.936  -21.159 0.0000000000
58611  -29.033  -9.106  -20.869 0.0000000000
59619  -21.733  -6.817  -18.520 0.0000000000
59647  -28.246  -8.181  -21.068 0.0000000000
60671  -21.274  -6.014  -19.004 0.0000000000
60672  -21.776  -6.345  -18.970 0.0000000000
60701  -27.958  -6.902  -20.593 0.0000000000
60729  -28.885  -6.453  -22.902 0.0000000000
60734  -28.722  -5.936  -23.593 0.0000000000
60738  -28.697  -5.562  -24.132 0.0000000000
61821  -28.351  -6.153  -21.500 0.0000000000
61844  -27.402  -5.773  -23.492 0.0000000000
61857  -27.881  -5.323  -23.648 0.0000000000
61864  -28.428  -5.271  -24.314 0.0000000000
62866  -19.905  -4.778  -19.738 0.0000000000
62868  -21.273  -5.076  -20.029 0.0000000000
62871  -26.699  -4.400  -19.693 0.0000000000
62911  -27.435  -5.650  -23.515 0.0000000000
62912  -27.831  -4.949  -23.190 0.0000000000
62933  -28.313  -4.913  -24.312 0.0000000000
63971  -21.458  -3.365  -21.038 0.0000000000
63991  -28.262  -4.089  -23.564 0.0000000000
64897  -26.997  -2.971  -19.860 0.0000000000
64909  -23.252  -3.041  -21.015 0.0000000000
64924  -28.357  -2.949  -21.316 0.0000000000
64943  -28.882  -2.312  -23.351 0.0000000000
64952  -28.730  -3.165  -23.802 0.0000000000
65909  -23.558  -1.997  -21.165 0.0000000000
65913  -27.823  -1.553  -20.628 0.0000000000
65927  -22.951  -1.670  -21.722 0.0000000000
67871  -25.918  -0.037  -21.105 0.0000000000
67882  -25.579  0.640  -21.303 0.0000000000
67884  -27.300  0.093  -20.707 0.0000000000
67893  -21.152  -0.302  -23.172 0.0000000000
67896  -29.443  0.642  -22.992 0.0000000000
68899  -26.978  1.470  -20.588 0.0000000000
68921  -20.032  1.296  -24.220 0.0000000000
68934  -20.701  1.951  -24.639 0.0000000000
69917  -28.333  2.445  -21.597 0.0000000000
69924  -22.747  2.141  -23.282 0.0000000000
69928  -29.589  2.396  -22.961 0.0000000000
69935  -22.386  2.613  -24.055 0.0000000000
70930  -25.468  3.209  -21.384 0.0000000000
70944  -27.851  3.653  -21.605 0.0000000000
70945  -28.394  3.056  -22.173 0.0000000000
70953  -19.231  3.714  -24.139 0.0000000000
70967  -19.743  3.977  -24.723 0.0000000000
71960  -28.125  4.613  -21.793 0.0000000000
71975  -25.129  4.498  -21.481 0.0000000000
71990  -22.278  4.419  -23.954 0.0000000000
72004  -20.668  4.667  -25.149 0.0000000000
73958  -26.121  6.842  -21.582 0.0000000000
76097  -28.582  8.363  -22.170 0.0000000000
118195  -29.493  2.306  -24.833 0.0000000000
118247  -28.804  -4.310  -24.598 0.0000000000
125287  -23.848  -3.216  -20.523 0.0000000000
130670  -27.741  6.256  -21.650 0.0000000000
130964  -29.456  -1.117  -23.858 0.0000000000
130993  -29.614  2.928  -24.093 0.0000000000
132228  -26.381  2.059  -20.780 0.0000000000
140569  -22.103  0.367  -23.402 0.0000000000
142953  -20.701  -2.609  -21.725 0.0000000000
