#!ascii label  , from subject sub_0001 vox2ras=TkReg
1084
56384  -20.182  -9.851  -14.047 0.5555555820
56401  -21.158  -9.647  -15.295 0.6666666865
57491  -21.239  -8.898  -16.656 0.7777777910
121054  -22.500  -9.112  -16.765 0.7777777910
58579  -22.260  -7.825  -17.760 0.8888888955
59605  -26.065  -7.994  -17.909 0.8888888955
57440  -19.573  -9.436  -13.562 0.5555555820
57456  -19.901  -9.087  -14.414 0.5555555820
57471  -20.244  -8.797  -15.342 0.6666666865
58532  -20.621  -8.558  -16.218 0.8888888955
57508  -22.366  -8.523  -17.325 0.8888888955
59621  -25.506  -6.975  -18.372 1.0000000000
59622  -26.695  -7.738  -18.830 0.8888888955
60675  -26.574  -6.639  -18.998 1.0000000000
58531  -19.967  -8.185  -15.662 0.7777777910
118981  -20.600  -7.681  -17.219 1.0000000000
60654  -20.617  -6.510  -18.232 1.0000000000
59600  -21.279  -7.405  -17.984 1.0000000000
60692  -22.412  -6.182  -19.410 1.0000000000
59618  -21.282  -6.762  -18.396 1.0000000000
60693  -23.224  -6.085  -18.926 1.0000000000
61797  -22.325  -5.860  -20.003 1.0000000000
61779  -23.830  -5.500  -19.215 1.0000000000
61799  -25.061  -5.333  -19.051 1.0000000000
61800  -26.841  -5.755  -19.412 1.0000000000
118360  -24.299  -4.926  -19.453 1.0000000000
125608  -26.084  -4.987  -19.395 1.0000000000
61820  -28.104  -5.858  -20.786 1.0000000000
62872  -27.348  -4.736  -20.148 1.0000000000
62887  -28.076  -4.785  -21.257 0.7777777910
119215  -20.033  -5.909  -18.365 0.8888888955
61798  -22.922  -5.792  -19.859 1.0000000000
60689  -21.502  -5.601  -19.672 1.0000000000
61819  -22.762  -5.138  -20.400 1.0000000000
62870  -24.174  -4.395  -19.858 1.0000000000
138880  -25.858  -4.122  -19.357 1.0000000000
63945  -27.211  -3.822  -20.061 1.0000000000
63962  -27.954  -4.125  -20.566 1.0000000000
62897  -28.013  -4.912  -22.282 0.8888888955
63973  -28.379  -3.876  -21.411 1.0000000000
63980  -28.267  -3.981  -22.546 0.7777777910
132285  -28.324  -4.446  -24.144 0.7777777910
62859  -19.210  -4.541  -19.134 0.5555555820
142743  -21.131  -3.575  -20.812 0.7777777910
62882  -21.023  -4.289  -20.440 0.8888888955
62885  -22.868  -4.435  -20.834 1.0000000000
62886  -23.388  -4.448  -20.450 1.0000000000
63958  -22.669  -4.000  -21.027 0.8888888955
63959  -23.218  -3.872  -20.886 1.0000000000
140894  -25.685  -3.476  -19.651 1.0000000000
130151  -27.678  -3.140  -20.343 1.0000000000
63963  -28.140  -3.313  -20.864 0.8888888955
64913  -28.073  -2.437  -20.824 1.0000000000
64930  -28.607  -2.897  -21.986 0.8888888955
64953  -29.036  -2.391  -24.040 0.7777777910
137060  -29.673  -3.258  -24.641 0.6666666865
64954  -29.440  -2.450  -24.449 0.6666666865
64907  -19.267  -2.603  -20.525 0.4444444478
63956  -20.482  -3.536  -20.718 0.7777777910
64920  -20.228  -2.438  -21.704 0.6666666865
121031  -21.933  -2.778  -21.582 0.7777777910
64922  -22.422  -3.348  -21.208 0.8888888955
64910  -24.168  -2.393  -20.596 0.8888888955
64896  -26.094  -2.909  -19.833 1.0000000000
118813  -25.108  -1.908  -20.272 1.0000000000
65911  -25.989  -1.568  -20.153 1.0000000000
64912  -27.383  -2.269  -20.240 1.0000000000
65914  -28.525  -1.690  -21.108 0.8888888955
65936  -29.005  -1.822  -21.792 0.7777777910
65937  -29.134  -1.600  -22.721 0.7777777910
64958  -30.383  -2.476  -24.662 0.5555555820
65947  -29.247  -1.614  -23.622 0.7777777910
66938  -29.336  -1.504  -24.484 0.6666666865
65923  -19.792  -1.629  -22.072 0.6666666865
64919  -19.492  -2.156  -21.343 0.6666666865
65925  -21.480  -2.079  -22.263 0.7777777910
65935  -20.873  -1.501  -22.574 0.7777777910
141727  -22.248  -2.162  -21.925 0.8888888955
65910  -24.497  -1.304  -20.776 0.8888888955
124092  -23.747  -1.094  -21.450 1.0000000000
66890  -26.230  -0.722  -20.580 1.0000000000
65912  -26.916  -1.457  -20.308 0.8888888955
66905  -29.142  -0.353  -21.027 0.8888888955
65928  -29.342  -0.808  -21.848 0.8888888955
66904  -28.281  -0.052  -20.713 0.8888888955
66919  -29.317  0.038  -21.587 0.7777777910
66928  -29.382  -0.253  -23.451 0.7777777910
65933  -19.790  -0.872  -22.470 0.6666666865
65922  -19.010  -1.367  -21.493 0.5555555820
65934  -20.279  -1.233  -22.519 0.7777777910
66917  -21.507  -0.981  -22.725 0.8888888955
66901  -23.123  -0.828  -22.014 0.8888888955
120221  -23.821  -0.410  -21.737 1.0000000000
66902  -24.470  -0.487  -21.318 1.0000000000
67872  -26.660  -0.145  -20.798 1.0000000000
66891  -27.403  -0.666  -20.642 0.8888888955
66920  -29.322  -0.057  -22.512 0.7777777910
67910  -29.547  0.374  -23.959 0.7777777910
67922  -29.053  -0.280  -24.873 0.6666666865
141672  -27.981  -2.132  -26.273 0.5555555820
66947  -28.365  -2.077  -26.204 0.5555555820
66915  -20.054  -0.453  -22.859 0.7777777910
67892  -19.665  0.214  -23.335 0.6666666865
66916  -20.679  -0.759  -22.864 0.8888888955
67880  -23.371  0.118  -22.160 1.0000000000
67881  -24.340  0.129  -21.756 1.0000000000
128185  -27.701  0.771  -20.682 0.8888888955
68900  -28.004  1.733  -20.833 0.8888888955
67885  -28.820  0.672  -21.052 0.8888888955
68911  -29.372  1.559  -22.520 0.7777777910
68924  -29.681  1.418  -23.447 0.7777777910
68937  -29.596  1.222  -24.649 0.7777777910
67925  -28.699  -1.068  -26.203 0.5555555820
69927  -29.020  2.369  -22.271 0.7777777910
68945  -27.779  -0.527  -26.839 0.5555555820
141594  -29.241  1.657  -25.537 0.6666666865
131316  -18.308  0.914  -22.569 0.4444444478
140193  -19.152  0.546  -23.487 0.5555555820
67907  -20.280  0.547  -23.891 0.7777777910
67894  -22.564  0.338  -22.837 1.0000000000
67908  -21.406  0.412  -23.759 0.8888888955
68908  -23.283  1.005  -22.552 1.0000000000
68897  -25.095  1.374  -21.689 0.8888888955
131268  -25.687  1.962  -21.320 0.8888888955
68898  -26.016  1.347  -21.024 0.8888888955
133421  -27.170  2.156  -20.638 0.8888888955
68910  -28.844  1.630  -21.670 0.8888888955
69936  -29.696  2.185  -23.867 0.6666666865
69956  -28.345  1.512  -26.708 0.5555555820
133051  -20.526  2.842  -24.930 0.6666666865
69934  -19.845  2.165  -24.482 0.6666666865
68936  -21.907  2.193  -24.522 0.7777777910
128279  -23.101  1.719  -22.748 0.8888888955
69925  -23.320  2.478  -22.597 0.7777777910
69926  -24.132  2.823  -22.193 0.7777777910
69913  -25.066  2.420  -21.786 0.8888888955
70929  -24.762  3.208  -21.872 0.7777777910
69914  -25.922  2.615  -21.117 0.8888888955
70931  -26.361  3.255  -20.999 0.7777777910
69915  -26.764  2.678  -20.868 0.7777777910
70933  -27.851  3.005  -21.641 0.6666666865
71958  -25.846  4.038  -21.019 0.6666666865
71977  -28.672  3.903  -22.267 0.6666666865
70946  -29.181  3.188  -22.658 0.6666666865
142699  -29.643  2.720  -23.467 0.5555555820
124742  -28.961  4.882  -22.378 0.6666666865
71978  -29.407  4.083  -22.744 0.5555555820
118144  -29.665  3.742  -24.226 0.5555555820
117472  -28.898  2.392  -25.671 0.4444444478
71991  -29.696  4.282  -23.431 0.5555555820
72988  -19.310  6.086  -24.681 0.3333333433
133449  -19.507  5.326  -24.799 0.3333333433
137673  -21.227  4.629  -24.962 0.5555555820
70969  -21.137  3.632  -25.027 0.6666666865
71989  -21.616  5.211  -24.605 0.5555555820
70954  -22.392  3.502  -24.086 0.7777777910
131858  -23.205  3.895  -22.769 0.7777777910
71973  -23.608  4.791  -22.608 0.6666666865
70943  -24.134  3.770  -22.290 0.6666666865
71957  -24.949  3.860  -21.670 0.6666666865
125721  -26.648  4.755  -21.002 0.6666666865
72953  -27.412  5.397  -21.307 0.6666666865
72954  -28.252  5.530  -21.960 0.6666666865
128510  -29.517  4.778  -22.909 0.5555555820
72978  -29.535  5.114  -23.615 0.5555555820
72967  -29.291  5.553  -22.885 0.6666666865
73993  -19.949  6.595  -24.800 0.4444444478
72987  -19.123  6.853  -24.151 0.4444444478
73994  -20.800  6.317  -25.115 0.4444444478
125658  -21.149  6.916  -24.574 0.5555555820
72976  -21.311  6.093  -24.974 0.5555555820
72977  -22.172  5.363  -23.527 0.6666666865
71972  -22.725  4.588  -23.094 0.6666666865
123581  -22.647  5.386  -22.776 0.6666666865
71974  -24.516  4.594  -22.115 0.6666666865
71976  -25.710  5.040  -21.154 0.6666666865
72952  -26.447  5.795  -21.305 0.6666666865
73974  -28.427  6.288  -22.153 0.6666666865
143142  -29.345  6.254  -23.086 0.5555555820
128301  -29.369  5.865  -23.663 0.6666666865
139187  -20.520  7.491  -24.227 0.4444444478
72962  -22.151  6.271  -22.954 0.6666666865
72963  -22.998  5.831  -22.383 0.6666666865
73973  -23.766  6.367  -22.155 0.6666666865
72965  -24.888  5.250  -21.627 0.6666666865
72964  -24.157  5.463  -22.266 0.6666666865
128275  -26.969  6.293  -21.249 0.6666666865
58548  -21.309  -8.335  -17.290 0.8888888955
58546  -20.356  -7.932  -16.454 1.0000000000
120419  -22.122  -7.121  -18.290 1.0000000000
66892  -28.495  -0.894  -20.827 0.8888888955
66914  -19.513  -0.224  -22.674 0.5555555820
68919  -18.638  1.742  -23.522 0.5555555820
66927  -20.498  -0.067  -23.344 0.7777777910
68896  -24.178  0.854  -22.014 1.0000000000
68905  -18.239  1.624  -22.776 0.2222222239
70942  -23.470  3.218  -22.501 0.7777777910
117475  -29.120  3.173  -25.146 0.4444444478
132145  -21.709  6.222  -24.195 0.6666666865
73972  -22.853  6.745  -22.570 0.6666666865
65908  -18.774  -1.833  -20.721 0.4444444478
66900  -19.315  -0.796  -22.129 0.4444444478
73995  -29.218  6.261  -24.448 0.5555555820
117476  -29.419  5.440  -24.550 0.5555555820
73983  -18.905  7.416  -23.546 0.2222222239
73985  -20.473  6.974  -24.601 0.3333333433
56367  -20.480  -10.554  -13.582 0.5555555820
56386  -21.820  -10.776  -14.726 0.5555555820
57473  -21.525  -9.480  -15.903 0.5555555820
56417  -22.725  -9.698  -16.101 0.5555555820
58567  -25.696  -8.732  -17.417 0.7777777910
142795  -25.120  -7.939  -17.395 0.8888888955
55271  -20.035  -10.812  -12.889 0.5555555820
57509  -23.078  -8.804  -16.933 0.6666666865
58566  -24.553  -8.350  -17.094 0.8888888955
58580  -26.914  -8.724  -18.931 0.7777777910
59623  -27.258  -8.600  -19.836 0.7777777910
59635  -27.563  -8.333  -20.595 0.8888888955
57428  -19.263  -9.836  -12.842 0.4444444478
58508  -19.325  -8.615  -13.877 0.5555555820
60694  -27.359  -6.801  -19.787 1.0000000000
59556  -18.728  -7.281  -14.323 0.2222222239
138213  -19.760  -7.628  -15.912 0.6666666865
131092  -28.195  -5.824  -22.447 0.8888888955
60728  -28.113  -5.855  -23.083 0.6666666865
62926  -27.955  -4.908  -23.705 0.7777777910
62934  -28.871  -4.965  -24.848 0.6666666865
60630  -19.209  -6.589  -16.312 0.5555555820
64001  -29.502  -4.293  -24.885 0.6666666865
61768  -18.839  -5.219  -17.742 0.4444444478
121652  -30.354  -3.644  -24.859 0.5555555820
65964  -30.745  -1.640  -24.880 0.5555555820
63931  -18.159  -3.117  -18.518 0.2222222239
64906  -18.582  -2.188  -19.794 0.4444444478
66943  -29.565  -1.537  -25.168 0.5555555820
66888  -18.126  -0.278  -20.572 0.3333333433
131801  -28.246  -2.858  -27.345 0.5555555820
117452  -27.269  -2.777  -28.250 0.4444444478
68895  -18.011  1.538  -21.779 0.3333333433
68944  -27.582  0.287  -27.532 0.5555555820
118136  -28.146  2.891  -26.235 0.4444444478
72975  -18.754  5.497  -24.188 0.3333333433
70967  -19.743  3.977  -24.723 0.4444444478
117465  -28.333  3.746  -25.913 0.4444444478
117477  -29.309  4.932  -25.428 0.4444444478
118152  -28.953  5.754  -25.383 0.2222222239
75048  -20.116  7.989  -23.687 0.3333333433
73986  -21.662  7.146  -23.886 0.6666666865
72950  -24.544  6.125  -21.655 0.6666666865
73957  -24.973  6.812  -21.454 0.6666666865
75039  -26.385  7.654  -21.376 0.6666666865
75040  -27.421  7.702  -21.582 0.6666666865
73960  -28.015  6.983  -21.795 0.6666666865
132769  -28.744  6.996  -22.309 0.6666666865
73988  -29.460  6.638  -23.593 0.4444444478
74004  -28.771  6.640  -25.255 0.3333333433
73987  -22.185  7.276  -23.313 0.5555555820
57457  -20.577  -9.428  -14.906 0.6666666865
56385  -21.020  -10.206  -14.548 0.6666666865
56402  -21.708  -10.123  -15.265 0.6666666865
57472  -20.861  -9.144  -15.805 0.6666666865
57492  -21.944  -9.341  -16.452 0.7777777910
58549  -21.778  -8.805  -17.111 0.8888888955
59602  -22.939  -7.308  -17.864 1.0000000000
59601  -21.652  -7.522  -17.953 1.0000000000
58564  -21.714  -8.172  -17.553 0.8888888955
58563  -21.342  -7.878  -17.665 1.0000000000
59604  -24.906  -7.390  -17.812 1.0000000000
59603  -24.085  -7.618  -17.536 0.8888888955
56366  -19.798  -10.212  -13.178 0.4444444478
58520  -19.570  -8.383  -14.757 0.5555555820
58547  -20.896  -8.257  -16.969 0.8888888955
58565  -23.266  -8.189  -17.356 0.8888888955
59620  -23.880  -6.764  -18.110 1.0000000000
60674  -24.460  -6.075  -18.617 1.0000000000
59634  -27.157  -7.618  -19.556 1.0000000000
58519  -19.022  -7.875  -14.136 0.5555555820
59557  -19.253  -7.629  -15.044 0.6666666865
59586  -19.869  -7.281  -16.624 0.8888888955
59598  -20.261  -7.031  -17.475 0.8888888955
59599  -20.866  -7.332  -17.863 1.0000000000
136535  -19.653  -6.717  -17.030 0.8888888955
127592  -22.078  -6.550  -18.878 1.0000000000
60691  -22.045  -6.287  -19.352 1.0000000000
60673  -22.644  -6.617  -18.556 1.0000000000
61780  -25.627  -6.042  -18.585 1.0000000000
60690  -21.920  -6.016  -19.633 1.0000000000
135202  -26.145  -5.624  -18.904 1.0000000000
142957  -28.303  -6.413  -20.938 0.8888888955
61801  -27.427  -5.769  -20.153 1.0000000000
139100  -25.051  -4.585  -19.422 1.0000000000
62869  -23.483  -5.005  -19.844 1.0000000000
141486  -26.968  -5.117  -19.649 1.0000000000
119658  -27.805  -5.156  -20.715 1.0000000000
61831  -28.121  -5.411  -21.782 0.8888888955
61845  -27.772  -5.453  -23.215 0.7777777910
60670  -20.523  -5.800  -18.812 1.0000000000
61769  -19.419  -5.561  -18.107 0.5555555820
60653  -19.767  -6.260  -17.681 0.6666666865
60652  -19.155  -5.698  -17.480 0.5555555820
61796  -21.948  -5.538  -20.072 1.0000000000
61795  -20.667  -5.330  -19.516 0.8888888955
61818  -22.297  -5.265  -20.366 1.0000000000
63960  -24.038  -3.788  -20.277 1.0000000000
63943  -24.946  -3.871  -19.743 1.0000000000
63944  -26.464  -3.608  -19.697 1.0000000000
63997  -28.595  -3.889  -24.169 0.7777777910
141409  -29.226  -3.837  -24.695 0.6666666865
61777  -18.972  -4.909  -18.374 0.5555555820
63941  -19.422  -4.067  -19.761 0.6666666865
63942  -20.143  -4.215  -20.227 0.6666666865
61778  -19.788  -5.301  -18.922 0.7777777910
62867  -20.533  -4.778  -20.040 0.7777777910
63970  -20.767  -2.990  -21.230 0.6666666865
132459  -21.770  -3.272  -21.225 0.8888888955
63957  -21.699  -4.020  -20.746 0.8888888955
63972  -22.067  -3.747  -20.991 0.8888888955
62883  -21.828  -4.811  -20.417 0.8888888955
62884  -22.356  -4.522  -20.776 1.0000000000
140625  -22.866  -3.684  -21.110 0.8888888955
63961  -24.920  -2.957  -20.028 1.0000000000
64911  -26.560  -2.214  -19.968 1.0000000000
130019  -28.534  -2.354  -21.416 0.8888888955
64931  -28.863  -2.312  -22.566 0.8888888955
64942  -28.611  -3.104  -22.981 0.7777777910
63998  -29.032  -3.324  -24.373 0.7777777910
65957  -29.306  -1.802  -24.237 0.6666666865
65958  -29.659  -1.886  -24.634 0.6666666865
64908  -19.983  -2.894  -21.092 0.5555555820
64895  -18.113  -2.358  -18.867 0.3333333433
63940  -18.877  -3.109  -19.577 0.3333333433
63955  -19.713  -3.435  -20.370 0.4444444478
65924  -20.633  -2.141  -22.203 0.6666666865
64921  -21.213  -2.796  -21.598 0.7777777910
64923  -22.726  -2.530  -21.442 0.8888888955
139525  -25.742  -2.277  -19.965 1.0000000000
131636  -25.398  -1.154  -20.463 1.0000000000
127465  -29.037  -1.099  -21.263 0.7777777910
130967  -29.314  -0.873  -23.028 0.7777777910
65926  -22.291  -1.423  -22.299 0.8888888955
66889  -25.249  -0.526  -20.877 1.0000000000
66937  -29.360  -0.711  -24.252 0.7777777910
66942  -28.948  -1.348  -25.375 0.6666666865
127347  -18.412  -1.051  -20.733 0.4444444478
66918  -22.455  -0.497  -22.556 0.8888888955
66903  -25.118  0.046  -21.442 1.0000000000
67883  -26.558  0.580  -20.853 0.8888888955
67895  -29.203  0.774  -22.058 0.7777777910
118391  -26.764  -2.888  -27.565 0.5555555820
118263  -27.230  -3.241  -27.757 0.5555555820
66913  -19.044  -0.136  -22.309 0.5555555820
67909  -21.856  -0.153  -23.159 0.8888888955
135191  -24.883  0.604  -21.664 1.0000000000
68940  -28.992  0.501  -25.826 0.6666666865
69916  -27.598  2.602  -21.022 0.8888888955
68906  -18.716  0.963  -23.460 0.5555555820
67906  -19.406  0.757  -23.812 0.5555555820
68907  -22.455  1.114  -23.420 1.0000000000
68923  -21.764  1.406  -24.172 0.7777777910
68922  -20.946  1.193  -24.255 0.7777777910
68909  -24.043  1.812  -22.251 0.8888888955
138890  -27.405  1.480  -28.045 0.5555555820
69946  -19.777  3.134  -24.680 0.5555555820
70968  -20.314  3.810  -25.026 0.4444444478
69947  -21.309  2.550  -24.854 0.6666666865
70970  -21.889  3.050  -24.660 0.6666666865
68935  -21.373  1.841  -24.566 0.7777777910
68920  -19.170  1.471  -24.019 0.7777777910
69933  -19.045  2.563  -23.959 0.6666666865
70941  -22.830  3.106  -23.127 0.7777777910
120589  -22.286  1.870  -23.970 0.7777777910
70932  -27.249  3.188  -21.137 0.6666666865
71959  -26.940  3.863  -20.995 0.6666666865
140672  -27.442  4.419  -21.275 0.6666666865
70955  -29.633  3.347  -23.254 0.5555555820
118103  -29.271  4.112  -25.187 0.4444444478
122762  -29.608  4.609  -24.444 0.5555555820
72003  -19.973  4.690  -25.037 0.4444444478
72990  -21.026  5.507  -25.200 0.5555555820
72005  -21.769  4.053  -24.606 0.6666666865
136288  -22.711  3.900  -23.400 0.7777777910
72966  -28.793  5.704  -22.414 0.6666666865
72951  -25.407  6.012  -21.562 0.6666666865
73959  -27.123  6.974  -21.463 0.6666666865
66899  -18.637  -0.438  -21.555 0.4444444478
69923  -18.343  2.560  -23.001 0.3333333433
65897  -18.316  -1.435  -19.848 0.4444444478
117473  -28.419  5.142  -26.361 0.3333333433
75068  -29.331  7.226  -24.299 0.3333333433
58568  -26.595  -9.113  -18.109 0.6666666865
56352  -19.376  -10.697  -12.440 0.4444444478
60702  -28.598  -6.996  -21.154 0.7777777910
56351  -18.973  -10.335  -12.240 0.3333333433
57439  -19.104  -8.970  -13.225 0.4444444478
60733  -28.163  -5.517  -23.723 0.6666666865
63932  -18.788  -3.849  -19.139 0.3333333433
62858  -18.586  -4.083  -18.452 0.3333333433
63922  -18.104  -3.457  -17.777 0.1111111119
67879  -18.556  0.340  -22.087 0.3333333433
70952  -18.576  3.560  -23.341 0.3333333433
139046  -29.598  7.342  -23.437 0.4444444478
55301  -24.519  -11.549  -15.267 0.4444444478
56390  -26.976  -10.112  -14.747 0.2222222239
55286  -21.951  -11.341  -14.290 0.4444444478
128639  -22.490  -11.647  -14.527 0.4444444478
55299  -22.995  -11.085  -15.330 0.4444444478
56405  -24.267  -10.976  -15.680 0.4444444478
56420  -25.766  -10.207  -16.273 0.4444444478
57475  -27.168  -9.723  -16.177 0.2222222239
56418  -23.421  -10.141  -15.896 0.4444444478
128410  -24.041  -10.027  -16.160 0.4444444478
56419  -24.775  -10.376  -16.172 0.4444444478
57498  -27.778  -9.206  -16.552 0.1111111119
58550  -28.548  -8.579  -16.328 0.1111111119
57495  -25.547  -9.766  -16.636 0.4444444478
129386  -26.930  -9.805  -17.399 0.3333333433
57494  -24.501  -9.637  -16.511 0.4444444478
57496  -26.363  -9.762  -16.793 0.3333333433
57512  -27.288  -9.766  -17.920 0.3333333433
126565  -28.296  -8.802  -17.277 0.2222222239
118796  -26.335  -9.479  -17.309 0.4444444478
57493  -23.453  -9.447  -16.426 0.5555555820
58583  -28.733  -8.808  -19.238 0.2222222239
59624  -29.387  -8.265  -19.448 0.1111111119
60696  -30.826  -5.986  -19.091 0.1111111119
58582  -28.058  -9.360  -19.459 0.3333333433
58596  -28.600  -9.300  -20.401 0.3333333433
134574  -27.510  -9.098  -20.645 0.4444444478
58595  -27.870  -9.146  -21.144 0.5555555820
59648  -29.011  -7.697  -21.208 0.6666666865
61822  -30.790  -5.939  -21.182 0.4444444478
62898  -31.937  -4.704  -22.254 0.3333333433
60715  -29.311  -6.882  -22.007 0.6666666865
61846  -30.441  -6.093  -23.112 0.5555555820
60714  -28.730  -6.661  -22.110 0.6666666865
60735  -29.497  -6.237  -23.446 0.5555555820
61860  -30.920  -5.344  -23.499 0.5555555820
62913  -31.710  -4.731  -23.160 0.4444444478
142630  -31.778  -4.420  -24.279 0.3333333433
142597  -28.407  -6.231  -22.693 0.5555555820
62943  -30.880  -4.245  -24.737 0.4444444478
64002  -31.031  -3.799  -24.863 0.5555555820
62936  -31.248  -4.450  -24.465 0.4444444478
140741  -31.088  -3.175  -24.926 0.4444444478
73956  -24.258  6.817  -21.885 0.5555555820
75037  -24.408  7.458  -21.892 0.5555555820
75038  -25.348  7.553  -21.507 0.5555555820
76089  -27.764  8.388  -21.778 0.5555555820
55288  -23.818  -11.919  -15.061 0.4444444478
56389  -26.236  -10.599  -14.950 0.2222222239
57513  -27.640  -9.528  -17.716 0.2222222239
123579  -29.217  -8.093  -18.506 0.2222222239
59636  -29.544  -8.528  -20.469 0.4444444478
60695  -30.235  -6.658  -19.824 0.3333333433
134862  -28.348  -9.308  -21.022 0.4444444478
60716  -30.098  -6.662  -21.758 0.4444444478
62937  -32.287  -4.030  -24.578 0.3333333433
127803  -32.012  -3.250  -25.148 0.4444444478
66944  -31.123  -1.070  -25.461 0.4444444478
125216  -24.566  8.229  -21.953 0.5555555820
76086  -24.785  9.034  -21.943 0.5555555820
57474  -22.207  -9.921  -15.742 0.4444444478
142578  -31.563  -5.053  -20.537 0.2222222239
75041  -28.347  7.689  -21.913 0.5555555820
130181  -22.149  -12.931  -13.077 0.4444444478
54101  -23.082  -12.665  -13.714 0.4444444478
54102  -23.982  -12.471  -13.906 0.4444444478
55291  -25.824  -11.101  -14.299 0.2222222239
56368  -26.692  -10.566  -13.835 0.2222222239
55272  -20.609  -11.288  -13.112 0.4444444478
54099  -21.663  -12.258  -13.373 0.4444444478
135503  -27.219  -9.792  -15.355 0.1111111119
58533  -28.402  -8.811  -15.534 0.1111111119
56369  -27.421  -9.931  -13.974 0.1111111119
58551  -29.139  -8.083  -16.778 0.1111111119
59606  -29.490  -7.754  -17.599 0.1111111119
60656  -31.519  -6.223  -17.598 0.1111111119
61804  -32.709  -4.866  -19.110 0.1111111119
61803  -31.654  -5.236  -19.295 0.1111111119
62889  -32.460  -4.434  -20.549 0.2222222239
62914  -32.576  -4.245  -22.888 0.1111111119
62888  -32.052  -4.550  -21.341 0.2222222239
62938  -33.547  -3.996  -25.019 0.2222222239
62945  -33.023  -3.630  -25.174 0.3333333433
64959  -31.493  -2.183  -24.966 0.4444444478
65965  -32.037  -1.430  -25.353 0.3333333433
66945  -32.619  -0.756  -25.859 0.3333333433
66952  -27.174  -2.098  -27.995 0.4444444478
136124  -21.604  7.854  -23.975 0.4444444478
75054  -29.571  7.860  -22.991 0.5555555820
75051  -22.811  7.640  -22.982 0.5555555820
75036  -23.633  8.029  -22.547 0.5555555820
130664  -25.552  8.349  -21.497 0.5555555820
76088  -26.633  8.549  -21.497 0.5555555820
77089  -28.060  8.901  -22.095 0.5555555820
76085  -23.752  8.893  -22.706 0.5555555820
55285  -21.271  -10.917  -13.915 0.4444444478
57510  -23.990  -8.855  -16.766 0.5555555820
128173  -25.146  -9.168  -16.947 0.5555555820
61858  -29.258  -5.724  -24.087 0.5555555820
61866  -29.775  -5.335  -24.551 0.5555555820
62941  -29.550  -4.920  -24.914 0.4444444478
66948  -29.679  -1.002  -26.417 0.4444444478
124806  -28.709  4.537  -25.857 0.3333333433
56403  -22.364  -10.640  -15.289 0.4444444478
57526  -27.185  -9.300  -18.801 0.3333333433
57511  -27.036  -9.746  -18.047 0.3333333433
55300  -23.685  -11.415  -15.382 0.4444444478
56388  -25.419  -11.106  -15.188 0.4444444478
55290  -25.038  -11.651  -14.554 0.3333333433
56406  -25.121  -10.878  -15.770 0.4444444478
124565  -21.419  -11.604  -13.598 0.4444444478
55273  -22.099  -11.890  -13.999 0.4444444478
56387  -22.480  -11.216  -14.883 0.4444444478
54110  -22.760  -12.095  -14.295 0.4444444478
55287  -23.098  -11.694  -14.928 0.4444444478
121397  -22.865  -10.414  -15.637 0.4444444478
56404  -23.515  -10.803  -15.619 0.4444444478
128311  -23.999  -10.496  -15.876 0.4444444478
56407  -25.921  -10.483  -15.771 0.4444444478
56421  -26.568  -9.881  -16.523 0.4444444478
56408  -26.647  -10.093  -15.630 0.2222222239
57497  -27.177  -9.738  -17.191 0.2222222239
58534  -29.213  -8.167  -15.579 0.1111111119
57528  -27.649  -9.489  -18.490 0.3333333433
142918  -27.403  -9.566  -18.475 0.3333333433
58569  -28.147  -9.161  -18.364 0.2222222239
58570  -28.806  -8.425  -17.942 0.2222222239
59637  -29.818  -7.539  -19.634 0.2222222239
60676  -30.276  -6.658  -18.819 0.1111111119
61802  -30.825  -5.853  -20.107 0.1111111119
60677  -30.960  -6.283  -18.343 0.1111111119
138295  -27.824  -9.395  -20.521 0.3333333433
59649  -29.378  -8.453  -21.023 0.4444444478
59660  -29.645  -7.422  -21.233 0.4444444478
61833  -31.417  -5.339  -21.681 0.3333333433
60703  -30.276  -6.751  -20.871 0.4444444478
62915  -33.449  -4.251  -22.612 0.1111111119
61832  -30.701  -6.130  -22.210 0.4444444478
60730  -29.808  -6.548  -22.656 0.5555555820
61867  -30.625  -5.136  -24.231 0.5555555820
62928  -32.225  -4.312  -23.805 0.3333333433
54111  -23.501  -12.227  -14.505 0.4444444478
55289  -24.264  -12.073  -14.611 0.4444444478
60655  -30.583  -6.685  -17.881 0.1111111119
54100  -22.346  -12.363  -13.710 0.4444444478
55274  -24.696  -12.018  -13.808 0.4444444478
55275  -25.431  -11.522  -13.625 0.2222222239
54098  -20.926  -11.983  -12.950 0.4444444478
55255  -20.337  -11.752  -12.581 0.4444444478
57476  -27.736  -9.384  -15.490 0.1111111119
57458  -27.632  -9.648  -14.689 0.1111111119
121042  -29.808  -7.501  -16.824 0.1111111119
48446  -23.926  -17.394  -8.967 0.1111111119
130571  -21.345  -15.318  -9.775 0.3333333433
128839  -23.056  -16.740  -9.890 0.2222222239
48436  -24.607  -17.287  -8.360 0.1111111119
49487  -24.611  -16.879  -9.098 0.1111111119
51824  -19.860  -13.881  -10.208 0.3333333433
51811  -20.204  -14.457  -9.842 0.3333333433
50681  -20.618  -15.108  -9.436 0.3333333433
50695  -22.547  -15.147  -10.438 0.3333333433
50683  -23.716  -16.242  -10.161 0.2222222239
50696  -23.475  -15.433  -10.492 0.2222222239
50684  -24.642  -16.269  -9.736 0.1111111119
50697  -24.356  -15.587  -10.298 0.2222222239
54042  -19.240  -12.519  -10.624 0.2222222239
52942  -19.594  -13.222  -10.417 0.2222222239
51825  -20.471  -14.111  -10.514 0.3333333433
50693  -20.893  -14.690  -10.144 0.3333333433
50694  -21.675  -14.909  -10.319 0.3333333433
54059  -19.437  -12.048  -11.342 0.2222222239
52960  -19.906  -12.805  -10.981 0.3333333433
54060  -20.220  -12.467  -11.613 0.3333333433
52961  -20.514  -13.165  -11.273 0.3333333433
52981  -20.886  -12.876  -11.909 0.3333333433
52944  -20.694  -13.724  -10.961 0.3333333433
52962  -21.236  -13.556  -11.465 0.3333333433
52964  -22.471  -13.876  -11.728 0.3333333433
52963  -21.872  -13.699  -11.863 0.3333333433
51844  -23.169  -14.028  -11.432 0.3333333433
52984  -23.118  -13.642  -12.100 0.3333333433
52965  -23.814  -13.682  -11.676 0.3333333433
52945  -24.649  -14.196  -10.850 0.1111111119
140931  -24.400  -13.761  -11.306 0.2222222239
55236  -19.357  -11.375  -11.912 0.2222222239
54082  -20.549  -12.276  -12.314 0.3333333433
54083  -21.251  -12.629  -12.679 0.3333333433
52982  -21.584  -13.266  -12.273 0.3333333433
52983  -22.361  -13.521  -12.382 0.3333333433
54084  -23.058  -13.239  -12.871 0.3333333433
54061  -24.500  -13.248  -11.775 0.3333333433
56334  -18.928  -10.944  -11.758 0.3333333433
120091  -23.836  -12.850  -13.145 0.3333333433
122130  -24.421  -12.350  -13.230 0.3333333433
64003  -33.328  -3.009  -25.571 0.2222222239
64960  -32.661  -2.006  -25.270 0.2222222239
118049  -27.982  -2.570  -28.165 0.3333333433
66953  -29.235  -1.711  -27.668 0.2222222239
50682  -22.070  -15.582  -10.000 0.3333333433
49511  -22.868  -15.984  -10.206 0.3333333433
49500  -23.878  -16.908  -9.669 0.2222222239
50698  -25.056  -15.557  -9.927 0.1111111119
52943  -20.182  -13.513  -10.745 0.3333333433
51843  -21.880  -14.068  -11.342 0.3333333433
142814  -22.563  -14.228  -11.221 0.3333333433
51828  -23.145  -14.605  -10.861 0.3333333433
51845  -23.893  -14.205  -11.146 0.3333333433
54085  -24.609  -12.603  -12.482 0.3333333433
47401  -23.115  -18.098  -8.189 0.1111111119
48423  -23.864  -17.744  -8.064 0.1111111119
50680  -19.850  -14.847  -9.096 0.3333333433
49497  -21.103  -15.820  -9.235 0.3333333433
137511  -20.940  -16.586  -8.861 0.3333333433
49498  -21.667  -16.497  -9.311 0.3333333433
48444  -22.362  -17.128  -9.406 0.3333333433
48445  -23.200  -17.342  -9.378 0.3333333433
48424  -24.614  -17.587  -7.685 0.1111111119
49488  -25.351  -16.825  -8.487 0.1111111119
51810  -19.525  -14.198  -9.539 0.3333333433
49501  -25.196  -16.452  -9.143 0.1111111119
52941  -18.982  -12.857  -10.006 0.2222222239
50685  -25.566  -15.900  -9.399 0.1111111119
54058  -18.799  -11.896  -10.723 0.2222222239
51830  -25.039  -14.846  -10.370 0.1111111119
52966  -25.141  -13.512  -11.147 0.1111111119
55235  -18.918  -11.403  -11.264 0.2222222239
54062  -25.256  -12.779  -11.729 0.1111111119
55256  -25.040  -11.909  -12.952 0.1111111119
56333  -18.786  -10.860  -11.525 0.1111111119
139355  -28.863  -1.044  -28.528 0.2222222239
57427  -19.039  -9.385  -12.788 0.2222222239
59571  -19.237  -7.072  -15.702 0.5555555820
55254  -19.902  -11.313  -12.476 0.4444444478
66949  -31.688  -0.695  -26.613 0.2222222239
48435  -23.211  -17.745  -8.733 0.1111111119
134785  -21.721  -15.880  -9.569 0.3333333433
49499  -22.306  -16.304  -9.726 0.3333333433
52929  -19.274  -13.553  -9.809 0.2222222239
51826  -21.236  -14.222  -10.796 0.3333333433
51827  -22.153  -14.541  -10.808 0.3333333433
51829  -24.117  -14.844  -10.713 0.2222222239
54081  -19.942  -11.841  -12.045 0.3333333433
52985  -23.822  -13.258  -12.369 0.3333333433
136490  -25.340  -14.083  -10.612 0.1111111119
120199  -18.741  -11.111  -11.191 0.2222222239
48434  -22.667  -17.656  -9.076 0.2222222239
50670  -20.182  -15.750  -8.699 0.3333333433
48433  -21.585  -17.296  -8.954 0.3333333433
130197  -22.123  -17.744  -9.004 0.3333333433
51809  -18.979  -13.892  -9.267 0.2222222239
64961  -33.928  -1.783  -25.536 0.1111111119
132246  -34.755  -0.848  -25.700 0.1111111119
129819  -33.686  -0.264  -26.244 0.1111111119
66946  -34.319  -0.025  -25.974 0.1111111119
124659  -30.643  -0.805  -27.178 0.1111111119
66951  -33.826  0.426  -26.590 0.1111111119
66954  -31.878  -0.272  -27.276 0.1111111119
66955  -32.646  0.507  -27.301 0.1111111119
117453  -30.365  -0.414  -27.610 0.1111111119
67933  -31.591  0.575  -27.592 0.1111111119
117456  -27.321  3.271  -28.365 0.1111111119
117459  -27.499  2.572  -27.484 0.2222222239
118163  -27.888  4.365  -26.829 0.1111111119
117943  -27.103  2.486  -28.868 0.1111111119
117691  -27.272  4.164  -28.728 0.1111111119
75052  -23.639  7.203  -22.312 0.4444444478
76094  -21.153  8.891  -23.860 0.4444444478
76087  -25.651  9.071  -21.547 0.4444444478
75063  -29.670  8.003  -23.723 0.3333333433
74003  -28.227  6.047  -26.239 0.1111111119
74011  -27.772  6.183  -27.149 0.1111111119
77086  -25.192  9.666  -21.980 0.4444444478
77963  -25.598  10.294  -22.179 0.4444444478
77087  -26.188  9.556  -21.649 0.4444444478
124549  -26.907  10.171  -22.165 0.4444444478
77088  -27.282  9.187  -21.826 0.4444444478
77094  -27.985  9.589  -22.208 0.4444444478
77096  -29.223  9.291  -22.879 0.4444444478
76111  -29.691  8.780  -24.049 0.2222222239
118808  -29.430  8.917  -24.914 0.2222222239
76119  -28.709  8.294  -25.403 0.2222222239
140528  -28.293  8.297  -26.001 0.2222222239
79682  -30.519  12.286  -27.998 0.1111111119
78006  -30.066  10.656  -27.611 0.1111111119
76140  -28.046  7.812  -27.632 0.1111111119
125257  -21.255  9.593  -24.051 0.4444444478
76096  -22.945  9.615  -23.967 0.4444444478
77962  -24.740  10.199  -22.529 0.4444444478
77969  -25.990  10.947  -22.724 0.4444444478
121668  -27.174  11.067  -22.684 0.4444444478
77970  -28.043  10.406  -22.459 0.4444444478
77972  -29.203  10.131  -22.997 0.4444444478
78808  -27.466  11.877  -23.157 0.3333333433
77975  -29.053  10.999  -23.250 0.3333333433
77979  -29.580  10.406  -24.592 0.1111111119
77995  -29.443  10.263  -26.264 0.1111111119
76129  -28.875  8.988  -25.779 0.2222222239
77116  -29.113  9.390  -26.544 0.1111111119
78005  -29.463  9.950  -27.223 0.1111111119
77967  -23.821  10.387  -23.231 0.3333333433
77968  -24.892  10.778  -22.828 0.3333333433
78804  -28.268  11.185  -22.791 0.4444444478
79653  -28.113  12.044  -23.953 0.2222222239
132000  -28.493  11.654  -23.269 0.2222222239
78810  -29.559  11.071  -24.084 0.2222222239
78824  -29.944  11.282  -24.860 0.1111111119
79660  -28.753  12.485  -24.347 0.1111111119
78814  -29.557  12.253  -24.595 0.1111111119
79661  -29.776  12.664  -25.164 0.1111111119
77996  -29.926  10.797  -26.734 0.1111111119
80504  -29.152  13.027  -24.767 0.1111111119
79672  -30.086  12.251  -25.654 0.1111111119
78832  -30.191  11.669  -26.302 0.1111111119
132550  -22.671  11.054  -23.071 0.3333333433
123016  -23.689  10.774  -23.334 0.3333333433
78802  -25.178  11.335  -23.568 0.3333333433
78803  -26.330  11.709  -23.083 0.3333333433
78807  -26.557  12.115  -23.593 0.2222222239
132457  -27.785  12.538  -24.366 0.1111111119
80514  -29.385  13.366  -25.492 0.1111111119
79678  -30.289  12.432  -26.454 0.1111111119
80536  -29.876  14.083  -27.936 0.1111111119
79637  -21.329  12.512  -21.363 0.1111111119
79642  -22.030  12.606  -22.053 0.1111111119
78800  -23.114  11.737  -23.014 0.2222222239
79644  -23.693  12.509  -23.870 0.2222222239
78801  -24.248  11.320  -23.876 0.3333333433
124003  -25.278  12.487  -24.198 0.2222222239
79645  -24.786  11.990  -24.127 0.3333333433
79651  -26.127  12.561  -24.202 0.1111111119
140228  -26.043  13.280  -24.561 0.1111111119
79659  -26.987  12.982  -24.679 0.1111111119
80502  -27.496  14.022  -25.083 0.1111111119
81304  -29.098  14.024  -25.805 0.1111111119
81312  -29.186  14.356  -26.475 0.1111111119
80522  -30.113  13.161  -26.715 0.1111111119
137592  -30.333  12.980  -28.477 0.1111111119
78846  -30.497  11.609  -28.773 0.1111111119
80484  -22.691  14.142  -22.100 0.1111111119
79643  -22.793  13.361  -22.922 0.1111111119
80489  -24.722  13.892  -24.013 0.1111111119
80490  -25.308  13.194  -24.332 0.2222222239
80500  -25.568  13.953  -24.484 0.1111111119
81294  -25.868  14.773  -24.851 0.1111111119
80501  -26.412  13.928  -24.829 0.1111111119
82211  -27.119  14.934  -25.846 0.1111111119
81303  -28.318  14.494  -25.930 0.1111111119
80476  -23.419  14.449  -21.632 0.1111111119
81263  -24.174  14.698  -22.270 0.1111111119
81273  -24.216  14.435  -23.273 0.1111111119
133701  -24.951  14.609  -23.617 0.1111111119
81285  -25.405  14.581  -24.183 0.1111111119
140479  -25.012  14.752  -21.945 0.1111111119
138059  -25.539  14.678  -21.311 0.1111111119
81274  -25.068  14.926  -22.830 0.1111111119
64962  -35.177  -1.872  -25.943 0.1111111119
65966  -33.484  -0.902  -25.522 0.1111111119
128711  -35.008  -0.395  -25.543 0.1111111119
117454  -30.134  0.472  -28.211 0.1111111119
117449  -29.033  0.439  -29.469 0.1111111119
76095  -22.562  8.632  -23.652 0.4444444478
76098  -29.202  8.491  -22.679 0.4444444478
76105  -29.565  8.643  -23.259 0.3333333433
126898  -29.302  8.137  -24.571 0.2222222239
75079  -28.703  7.510  -25.254 0.1111111119
76128  -28.193  7.666  -25.959 0.1111111119
77987  -29.572  10.470  -25.437 0.1111111119
139768  -29.020  9.633  -27.757 0.1111111119
123708  -30.602  11.905  -27.104 0.1111111119
79650  -24.451  12.986  -24.199 0.2222222239
80485  -23.273  14.322  -22.773 0.1111111119
82210  -26.196  15.272  -25.491 0.1111111119
82180  -25.548  15.164  -23.600 0.1111111119
81264  -25.784  15.064  -22.154 0.1111111119
66939  -35.180  -0.314  -24.930 0.1111111119
65959  -35.492  -0.810  -25.492 0.1111111119
118187  -28.303  -0.355  -29.035 0.2222222239
117872  -27.636  4.811  -27.661 0.1111111119
75050  -21.945  8.145  -23.789 0.4444444478
138121  -28.760  10.564  -22.771 0.4444444478
80467  -22.728  13.895  -21.033 0.1111111119
80468  -23.788  14.227  -20.589 0.1111111119
81256  -24.574  14.446  -21.217 0.1111111119
65960  -36.035  -1.304  -25.781 0.1111111119
132480  -34.534  -2.923  -26.022 0.1111111119
64963  -35.988  -2.014  -26.093 0.1111111119
66929  -34.968  -0.581  -23.789 0.1111111119
65949  -35.873  -1.548  -24.698 0.1111111119
67923  -34.186  0.775  -25.235 0.1111111119
67927  -34.091  0.656  -26.139 0.1111111119
68941  -33.498  1.715  -26.397 0.1111111119
68951  -32.638  1.583  -27.310 0.1111111119
117448  -30.019  1.467  -28.730 0.1111111119
68950  -31.263  1.501  -27.809 0.1111111119
117458  -29.022  1.544  -29.741 0.1111111119
117462  -27.906  3.396  -30.009 0.1111111119
117457  -27.424  4.030  -29.992 0.1111111119
118254  -26.901  4.880  -29.788 0.1111111119
117783  -26.946  4.760  -28.845 0.1111111119
75092  -28.070  6.904  -26.853 0.1111111119
118226  -27.097  5.576  -28.633 0.1111111119
76151  -27.361  7.462  -28.643 0.1111111119
76152  -27.991  8.510  -28.099 0.1111111119
77093  -21.249  10.369  -23.984 0.2222222239
142858  -20.289  10.810  -23.604 0.2222222239
77966  -22.608  10.405  -23.614 0.2222222239
78014  -28.460  9.562  -29.181 0.1111111119
78796  -21.014  11.867  -22.118 0.1111111119
78799  -22.076  11.691  -22.610 0.2222222239
78015  -30.136  10.800  -28.562 0.1111111119
78025  -30.075  11.229  -29.518 0.1111111119
78795  -20.471  12.127  -21.706 0.1111111119
79609  -21.688  12.761  -20.393 0.1111111119
79628  -23.233  13.585  -20.055 0.1111111119
132853  -30.342  13.282  -29.245 0.1111111119
79629  -24.345  13.750  -19.772 0.1111111119
126840  -24.943  13.698  -20.482 0.1111111119
82217  -26.296  15.718  -26.280 0.1111111119
82226  -27.326  15.867  -27.444 0.1111111119
82234  -28.875  15.392  -28.501 0.1111111119
81257  -25.585  13.728  -20.618 0.1111111119
82197  -25.587  15.471  -24.372 0.1111111119
82209  -25.406  15.934  -25.920 0.1111111119
82166  -26.039  15.310  -22.880 0.1111111119
117450  -27.932  0.222  -29.432 0.1111111119
77095  -28.657  9.070  -22.453 0.4444444478
134244  -27.632  3.511  -27.102 0.2222222239
77085  -24.212  9.664  -22.660 0.4444444478
66950  -33.062  -0.173  -27.008 0.1111111119
67928  -34.503  0.204  -25.654 0.1111111119
67926  -33.782  1.248  -26.645 0.1111111119
118323  -27.848  1.581  -29.660 0.1111111119
118015  -27.037  3.410  -29.687 0.1111111119
133117  -27.648  2.647  -29.839 0.1111111119
134245  -27.635  5.465  -27.522 0.1111111119
75078  -28.192  6.870  -26.065 0.1111111119
132398  -27.692  6.258  -27.778 0.1111111119
77976  -29.325  10.291  -23.746 0.2222222239
77100  -29.523  9.584  -24.357 0.2222222239
77108  -29.495  9.679  -25.184 0.1111111119
77115  -28.609  8.515  -26.682 0.2222222239
124904  -28.240  7.661  -26.788 0.1111111119
78839  -30.481  11.355  -27.849 0.1111111119
80529  -30.255  13.267  -27.661 0.1111111119
123438  -30.409  11.276  -27.101 0.1111111119
77133  -29.362  10.033  -28.240 0.1111111119
77124  -28.759  9.025  -27.434 0.2222222239
131962  -24.421  11.098  -23.402 0.3333333433
139620  -29.750  11.663  -24.480 0.2222222239
78815  -30.104  11.995  -24.909 0.1111111119
79671  -29.890  12.930  -25.936 0.1111111119
79652  -27.126  12.305  -24.042 0.1111111119
80503  -28.187  13.178  -24.664 0.1111111119
80513  -28.615  13.705  -25.270 0.1111111119
80528  -29.778  13.903  -27.027 0.1111111119
81318  -29.320  14.528  -27.407 0.1111111119
80537  -30.256  13.686  -28.520 0.1111111119
82227  -28.895  15.006  -27.795 0.1111111119
79625  -21.205  12.465  -21.010 0.1111111119
79626  -21.622  12.882  -20.775 0.1111111119
79646  -25.691  12.013  -23.750 0.3333333433
81311  -28.520  14.907  -26.956 0.1111111119
131105  -22.357  13.519  -21.763 0.1111111119
79638  -21.910  13.271  -21.152 0.1111111119
79649  -23.691  13.659  -23.643 0.1111111119
81295  -26.586  14.533  -25.237 0.1111111119
82218  -27.148  15.543  -26.658 0.1111111119
81310  -27.805  15.078  -26.440 0.1111111119
123725  -25.742  15.642  -25.084 0.1111111119
64964  -35.479  -2.995  -26.288 0.1111111119
67924  -34.762  0.193  -25.056 0.1111111119
117965  -28.345  0.761  -29.972 0.1111111119
77132  -28.457  9.299  -28.200 0.1111111119
67912  -34.694  0.100  -24.104 0.1111111119
117463  -28.274  2.399  -29.666 0.1111111119
134381  -27.293  3.430  -30.092 0.1111111119
75106  -27.864  6.887  -27.690 0.1111111119
138842  -27.349  8.529  -29.011 0.1111111119
77960  -20.189  11.848  -22.061 0.1111111119
78024  -29.483  10.374  -29.316 0.1111111119
79627  -22.200  13.234  -20.338 0.1111111119
82225  -26.346  16.002  -27.227 0.1111111119
123428  -28.239  15.580  -27.738 0.1111111119
118526  -25.345  16.302  -25.146 0.1111111119
47398  -20.791  -17.550  -8.463 0.2222222239
120853  -18.666  -5.839  -16.143 0.2222222239
62840  -18.265  -4.588  -16.774 0.2222222239
60642  -19.197  -6.079  -16.918 0.4444444478
121015  -18.599  -5.307  -16.959 0.3333333433
75049  -20.470  8.367  -23.595 0.2222222239
122067  -20.276  9.752  -23.665 0.1111111119
77092  -20.110  10.441  -23.442 0.1111111119
71987  -18.689  4.540  -23.765 0.2222222239
70940  -18.030  3.590  -22.271 0.1111111119
59570  -18.703  -6.880  -14.844 0.2222222239
73970  -18.550  7.278  -22.716 0.1111111119
141887  -20.080  8.255  -21.743 0.1111111119
76084  -20.099  8.804  -21.697 0.1111111119
77084  -19.739  10.691  -23.409 0.1111111119
75062  -20.971  7.866  -24.087 0.2222222239
73971  -19.242  7.813  -23.258 0.1111111119
58507  -18.871  -8.152  -13.498 0.2222222239
130086  -18.104  -1.751  -19.129 0.2222222239
64888  -17.469  -2.326  -18.165 0.1111111119
65896  -17.801  -1.203  -18.991 0.3333333433
76104  -21.052  8.419  -23.896 0.3333333433
60629  -18.681  -6.377  -15.455 0.2222222239
75034  -19.894  8.227  -23.215 0.1111111119
76093  -20.581  8.759  -23.351 0.1111111119
73955  -18.801  7.700  -22.837 0.1111111119
75029  -20.086  7.450  -21.571 0.1111111119
133810  -20.791  7.572  -21.317 0.1111111119
75035  -20.475  8.346  -21.741 0.1111111119
47399  -21.613  -18.184  -8.580 0.1111111119
49469  -19.242  -17.025  -7.660 0.1111111119
49485  -19.534  -16.355  -8.159 0.1111111119
140765  -19.499  -15.778  -8.377 0.1111111119
50669  -19.359  -15.297  -8.547 0.1111111119
51797  -19.019  -14.541  -8.809 0.1111111119
58494  -18.880  -8.531  -13.154 0.1111111119
61749  -18.261  -5.086  -16.128 0.1111111119
67870  -18.199  0.343  -21.210 0.2222222239
130247  -18.145  0.856  -21.756 0.2222222239
68884  -18.007  1.123  -20.862 0.2222222239
68894  -17.872  1.955  -20.822 0.2222222239
62852  -18.462  -4.491  -17.595 0.1111111119
48420  -19.064  -17.619  -7.183 0.1111111119
48422  -20.322  -18.077  -7.872 0.1111111119
47384  -20.939  -18.535  -8.135 0.1111111119
48419  -18.584  -16.990  -7.305 0.1111111119
49484  -19.007  -15.778  -8.131 0.1111111119
50668  -18.679  -15.181  -8.221 0.1111111119
52917  -18.542  -13.886  -8.767 0.1111111119
54041  -18.681  -12.290  -10.246 0.1111111119
58474  -18.449  -8.558  -11.739 0.1111111119
59530  -18.045  -7.209  -12.263 0.1111111119
60614  -18.286  -6.251  -14.653 0.1111111119
61748  -18.099  -5.004  -15.791 0.1111111119
67869  -17.946  0.435  -20.314 0.2222222239
69896  -17.535  2.523  -20.120 0.2222222239
69911  -17.654  2.720  -20.813 0.1111111119
47400  -22.470  -18.126  -8.599 0.1111111119
137200  -20.521  -18.799  -7.679 0.1111111119
141639  -17.904  2.160  -21.339 0.2222222239
69912  -17.920  2.516  -21.870 0.1111111119
59544  -18.580  -7.376  -13.745 0.1111111119
66887  -17.848  -0.112  -19.699 0.2222222239
54027  -18.417  -12.414  -9.700 0.1111111119
55195  -18.321  -11.851  -10.141 0.1111111119
55219  -18.526  -11.399  -10.659 0.1111111119
52928  -18.656  -13.192  -9.305 0.1111111119
49486  -20.271  -16.696  -8.449 0.1111111119
61732  -18.282  -5.689  -15.333 0.1111111119
58506  -18.647  -7.799  -13.417 0.1111111119
58493  -18.192  -7.910  -12.133 0.1111111119
143092  -18.114  -6.006  -14.601 0.1111111119
48432  -19.958  -17.234  -8.033 0.1111111119
48421  -19.667  -17.777  -7.544 0.1111111119
49468  -18.808  -16.355  -7.734 0.1111111119
58447  -18.350  -7.966  -11.598 0.1111111119
131030  -17.796  1.017  -20.058 0.1111111119
51796  -18.350  -14.526  -8.256 0.1111111119
58448  -18.609  -8.744  -11.148 0.1111111119
59543  -18.506  -7.288  -13.586 0.1111111119
70914  -17.296  3.425  -20.054 0.1111111119
70928  -17.589  3.772  -20.948 0.1111111119
119684  -18.333  5.302  -23.341 0.1111111119
66876  -17.651  -0.641  -19.027 0.1111111119
71956  -17.816  4.729  -21.669 0.1111111119
124798  -18.291  6.108  -23.379 0.1111111119
73982  -18.527  6.854  -23.419 0.1111111119
57527  -27.596  -9.408  -19.286 0.3333333433
58562  -21.053  -7.878  -17.546 1.0000000000
58581  -27.374  -9.128  -19.822 0.4444444478
58597  -29.218  -9.005  -20.214 0.3333333433
58610  -28.609  -8.936  -21.159 0.5555555820
58611  -29.033  -9.106  -20.869 0.4444444478
59619  -21.733  -6.817  -18.520 1.0000000000
59647  -28.246  -8.181  -21.068 0.6666666865
59650  -29.968  -7.769  -20.695 0.4444444478
60671  -21.274  -6.014  -19.004 1.0000000000
60672  -21.776  -6.345  -18.970 1.0000000000
60701  -27.958  -6.902  -20.593 0.7777777910
60729  -28.885  -6.453  -22.902 0.5555555820
60734  -28.722  -5.936  -23.593 0.5555555820
60738  -28.697  -5.562  -24.132 0.6666666865
61821  -28.351  -6.153  -21.500 0.8888888955
61823  -32.244  -4.698  -19.807 0.1111111119
61844  -27.402  -5.773  -23.492 0.6666666865
61847  -31.219  -5.443  -22.643 0.4444444478
61857  -27.881  -5.323  -23.648 0.7777777910
61859  -30.094  -5.732  -23.873 0.5555555820
61864  -28.428  -5.271  -24.314 0.6666666865
61865  -29.021  -5.349  -24.705 0.5555555820
62866  -19.905  -4.778  -19.738 0.5555555820
62868  -21.273  -5.076  -20.029 0.8888888955
62871  -26.699  -4.400  -19.693 1.0000000000
62899  -32.675  -4.428  -21.976 0.1111111119
62911  -27.435  -5.650  -23.515 0.7777777910
62912  -27.831  -4.949  -23.190 0.7777777910
62927  -31.444  -4.804  -23.977 0.3333333433
62933  -28.313  -4.913  -24.312 0.6666666865
62935  -30.347  -4.780  -24.708 0.4444444478
62942  -30.233  -4.322  -24.871 0.4444444478
62944  -31.686  -3.884  -24.813 0.4444444478
63971  -21.458  -3.365  -21.038 0.7777777910
63991  -28.262  -4.089  -23.564 0.7777777910
64006  -35.954  -3.293  -26.502 0.1111111119
64897  -26.997  -2.971  -19.860 1.0000000000
64909  -23.252  -3.041  -21.015 0.8888888955
64924  -28.357  -2.949  -21.316 1.0000000000
64943  -28.882  -2.312  -23.351 0.7777777910
64952  -28.730  -3.165  -23.802 0.7777777910
65909  -23.558  -1.997  -21.165 0.8888888955
65913  -27.823  -1.553  -20.628 0.8888888955
65927  -22.951  -1.670  -21.722 1.0000000000
65967  -35.600  -1.119  -25.745 0.1111111119
67871  -25.918  -0.037  -21.105 1.0000000000
67882  -25.579  0.640  -21.303 0.8888888955
67884  -27.300  0.093  -20.707 1.0000000000
67891  -18.959  0.354  -22.938 0.5555555820
67893  -21.152  -0.302  -23.172 0.7777777910
67896  -29.443  0.642  -22.992 0.7777777910
67929  -27.023  -1.385  -27.576 0.4444444478
67930  -27.005  -2.176  -26.658 0.5555555820
67931  -33.365  0.976  -26.980 0.1111111119
68883  -17.743  1.707  -20.145 0.2222222239
68899  -26.978  1.470  -20.588 0.8888888955
68921  -20.032  1.296  -24.220 0.7777777910
68934  -20.701  1.951  -24.639 0.6666666865
68948  -27.554  1.231  -29.047 0.2222222239
68949  -27.373  0.213  -28.183 0.5555555820
69877  -17.440  3.074  -19.515 0.1111111119
69917  -28.333  2.445  -21.597 0.8888888955
69924  -22.747  2.141  -23.282 0.7777777910
69928  -29.589  2.396  -22.961 0.6666666865
69935  -22.386  2.613  -24.055 0.7777777910
70930  -25.468  3.209  -21.384 0.7777777910
70944  -27.851  3.653  -21.605 0.6666666865
70945  -28.394  3.056  -22.173 0.6666666865
70953  -19.231  3.714  -24.139 0.5555555820
71960  -28.125  4.613  -21.793 0.6666666865
71971  -18.237  4.560  -22.785 0.2222222239
71975  -25.129  4.498  -21.481 0.6666666865
71988  -19.306  4.623  -24.479 0.4444444478
71990  -22.278  4.419  -23.954 0.6666666865
72004  -20.668  4.667  -25.149 0.5555555820
72989  -20.221  5.657  -25.204 0.3333333433
73958  -26.121  6.842  -21.582 0.6666666865
73975  -29.023  6.292  -22.647 0.5555555820
73984  -19.696  7.432  -24.097 0.3333333433
75053  -29.085  7.730  -22.436 0.5555555820
76097  -28.582  8.363  -22.170 0.5555555820
77098  -29.439  9.447  -23.484 0.2222222239
77971  -28.720  9.852  -22.605 0.4444444478
78809  -29.079  11.671  -24.018 0.2222222239
78825  -30.087  11.746  -25.402 0.1111111119
78831  -29.680  11.109  -25.843 0.1111111119
80521  -29.604  13.675  -26.205 0.1111111119
82219  -27.837  15.404  -27.007 0.1111111119
117451  -27.556  -0.608  -28.479 0.4444444478
117455  -27.401  2.675  -29.642 0.1111111119
118195  -29.493  2.306  -24.833 0.6666666865
118247  -28.804  -4.310  -24.598 0.7777777910
118519  -27.759  -1.307  -28.657 0.2222222239
119597  -29.259  9.792  -25.845 0.1111111119
125287  -23.848  -3.216  -20.523 1.0000000000
125825  -29.797  -7.409  -18.427 0.1111111119
127651  -30.465  12.579  -27.167 0.1111111119
129581  -28.142  1.766  -29.717 0.1111111119
130599  -35.536  -0.884  -24.863 0.1111111119
130670  -27.741  6.256  -21.650 0.6666666865
130964  -29.456  -1.117  -23.858 0.7777777910
130993  -29.614  2.928  -24.093 0.5555555820
132228  -26.381  2.059  -20.780 0.8888888955
132564  -29.450  7.004  -22.830 0.6666666865
137043  -32.748  -4.308  -21.229 0.2222222239
137238  -18.695  6.324  -24.051 0.1111111119
137247  -27.982  -1.847  -28.620 0.4444444478
137486  -27.178  -3.076  -26.810 0.5555555820
140569  -22.103  0.367  -23.402 1.0000000000
140609  -25.563  15.946  -24.743 0.1111111119
142953  -20.701  -2.609  -21.725 0.7777777910
