#!ascii label  , from subject sub_0001 vox2ras=TkReg
1879
18156  -22.064  -49.987  -0.388 0.5000000000
18960  -20.858  -49.860  -0.014 0.4000000060
18948  -20.886  -49.783  0.652 0.6000000238
18961  -21.133  -49.407  -0.294 0.6000000238
19790  -24.403  -48.664  -1.274 0.6000000238
18970  -21.751  -49.349  -0.523 0.5000000000
19769  -21.020  -49.232  0.102 0.6999999881
129527  -21.259  -49.853  1.458 0.6999999881
20601  -22.505  -48.022  -0.762 0.6999999881
19789  -23.353  -48.598  -1.133 0.6999999881
126309  -24.099  -48.082  -1.520 0.6999999881
20622  -26.273  -47.738  -2.153 0.5000000000
20613  -25.149  -48.054  -1.722 0.6999999881
19791  -25.322  -48.492  -0.944 0.5000000000
17255  -21.095  -51.899  11.363 0.5000000000
18949  -21.398  -49.139  1.078 0.6999999881
136384  -21.586  -48.623  0.353 0.6999999881
125002  -23.337  -47.452  -1.073 0.6999999881
20602  -22.830  -47.162  -0.229 0.6999999881
21466  -23.600  -46.466  -0.963 0.6999999881
18903  -24.266  -48.924  6.004 0.6999999881
19729  -23.997  -48.950  5.341 0.6999999881
19758  -22.377  -48.890  2.100 0.6999999881
19745  -23.098  -48.768  2.957 0.6999999881
17266  -20.956  -51.660  10.462 0.6000000238
16498  -19.839  -52.669  10.161 0.4000000060
19771  -22.168  -48.307  1.207 0.6999999881
20612  -24.259  -47.280  -1.512 0.6999999881
21478  -26.130  -46.940  -2.261 0.6999999881
21477  -25.066  -46.157  -1.836 0.6999999881
22366  -28.091  -46.050  -2.300 0.6000000238
138209  -25.263  -48.651  7.341 0.6999999881
19721  -24.625  -48.444  6.633 0.6999999881
19738  -23.549  -49.117  4.638 0.6999999881
19730  -24.348  -48.225  5.924 0.6999999881
20531  -24.559  -47.441  6.569 0.6999999881
18038  -22.692  -50.289  10.641 0.6000000238
20549  -23.995  -48.310  4.575 0.6999999881
20572  -23.413  -47.704  2.105 0.6999999881
125710  -23.530  -48.595  3.846 0.6999999881
123765  -24.224  -47.619  4.971 0.6999999881
20541  -24.323  -47.348  5.670 0.6999999881
16511  -20.395  -51.893  8.910 0.5000000000
16499  -20.446  -52.042  9.832 0.5000000000
21458  -23.265  -46.492  0.260 0.6999999881
120210  -22.960  -47.029  0.705 0.6999999881
21407  -24.378  -46.816  4.968 0.6999999881
15739  -20.143  -52.447  9.217 0.4000000060
21476  -24.272  -46.348  -1.484 0.6999999881
21431  -23.658  -47.119  1.611 0.6999999881
20558  -24.302  -47.518  3.385 0.6999999881
20550  -24.273  -47.614  4.356 0.6999999881
15738  -19.750  -53.103  9.128 0.4000000060
21446  -23.496  -46.539  0.906 0.6999999881
21418  -24.960  -46.919  3.439 0.6999999881
21419  -25.466  -46.477  3.549 0.6999999881
21475  -23.861  -45.674  -0.850 0.6999999881
22326  -25.027  -45.932  1.208 0.6999999881
21448  -25.042  -46.446  1.898 0.6999999881
22355  -25.904  -45.661  -2.116 0.6999999881
141772  -24.288  -45.777  0.680 0.6999999881
23305  -27.167  -45.444  -2.406 0.6000000238
23304  -26.160  -44.734  -2.338 0.6999999881
23303  -25.271  -44.783  -1.862 0.6999999881
25164  -29.209  -42.424  -4.142 0.5000000000
25156  -29.513  -43.345  -4.046 0.5000000000
25145  -29.678  -42.402  -2.154 0.4000000060
123145  -30.004  -42.280  -3.489 0.5000000000
21383  -24.674  -46.474  6.664 0.6999999881
19689  -22.013  -48.842  9.877 0.6000000238
20557  -23.539  -48.003  3.010 0.6999999881
17281  -20.769  -51.414  9.606 0.5000000000
22276  -24.727  -45.961  5.316 0.6999999881
22344  -23.522  -45.867  -0.183 0.6999999881
125766  -24.370  -45.650  -1.347 0.6999999881
23283  -24.321  -44.581  0.009 0.6999999881
26035  -27.837  -41.988  -3.907 0.6999999881
23311  -27.328  -44.607  -2.868 0.6999999881
118249  -27.493  -43.718  -3.304 0.6999999881
21315  -25.676  -46.830  10.758 0.6999999881
21333  -26.168  -46.459  10.371 0.6999999881
21343  -26.518  -46.129  9.810 0.8000000119
21356  -26.523  -45.925  8.887 0.8000000119
20481  -24.158  -47.882  10.787 0.6000000238
20465  -24.878  -47.157  10.927 0.6000000238
125049  -25.690  -46.088  10.672 0.6000000238
21355  -26.159  -46.553  8.237 0.8000000119
121738  -23.863  -47.004  10.772 0.6000000238
131725  -23.090  -46.882  10.628 0.6000000238
21384  -25.074  -45.723  6.899 0.6999999881
138219  -22.714  -48.982  10.153 0.6000000238
20480  -23.274  -47.627  10.512 0.6000000238
18867  -21.411  -49.451  9.630 0.6000000238
133339  -21.258  -48.686  9.737 0.6000000238
17301  -20.607  -51.238  8.870 0.5000000000
18883  -20.885  -49.990  9.185 0.6000000238
22277  -25.158  -45.257  5.630 0.6999999881
21408  -25.019  -46.377  4.366 0.6999999881
22353  -24.366  -45.064  -0.891 0.6999999881
22335  -24.010  -45.371  0.199 0.6999999881
21433  -25.370  -46.590  2.709 0.6999999881
128910  -25.869  -42.482  -2.924 0.8000000119
24205  -26.279  -43.929  -2.594 0.6999999881
22345  -24.086  -45.148  -0.257 0.6999999881
22327  -25.768  -45.383  1.229 0.6999999881
26034  -26.322  -41.918  -3.222 0.8000000119
23302  -24.706  -44.362  -1.233 0.6999999881
121280  -24.804  -43.687  -0.805 0.6999999881
25165  -29.888  -42.473  -3.950 0.5000000000
26036  -29.945  -41.616  -3.018 0.5000000000
132489  -29.793  -41.227  -3.453 0.5000000000
26014  -29.718  -41.438  -1.593 0.4000000060
22204  -24.606  -45.706  10.864 0.6000000238
22206  -26.077  -45.546  10.339 0.6999999881
23155  -26.147  -44.673  10.039 0.8000000119
22217  -26.439  -45.309  9.575 0.8999999762
21332  -24.293  -46.287  10.870 0.6000000238
22232  -26.489  -45.142  8.618 0.8000000119
22246  -26.246  -44.967  7.832 0.8000000119
23203  -25.679  -44.645  6.643 0.8000000119
20479  -22.355  -47.222  10.350 0.6000000238
19668  -21.598  -47.903  9.990 0.6000000238
22261  -25.237  -45.155  6.427 0.8000000119
18073  -20.438  -50.596  8.808 0.6000000238
18866  -20.508  -49.052  9.534 0.6000000238
19688  -20.634  -48.117  9.816 0.6000000238
23216  -25.563  -44.573  5.937 0.6999999881
16529  -20.240  -51.816  8.222 0.5000000000
22293  -26.219  -45.305  4.342 0.6999999881
23232  -26.545  -44.508  4.607 0.6999999881
16528  -19.944  -52.269  7.737 0.5000000000
17300  -20.187  -51.193  8.238 0.5000000000
22303  -26.494  -45.672  3.484 0.6999999881
21420  -26.047  -46.286  3.081 0.6999999881
129921  -25.716  -41.246  -2.892 0.8000000119
24204  -25.520  -43.337  -2.006 0.8000000119
23293  -24.451  -44.398  -0.471 0.6999999881
121798  -24.724  -43.736  -0.281 0.6999999881
23275  -25.557  -44.680  0.737 0.6999999881
24193  -24.973  -43.534  -1.299 0.6999999881
121822  -24.532  -45.140  10.810 0.6999999881
23152  -24.039  -44.619  10.794 0.6999999881
23153  -24.939  -44.480  10.697 0.6999999881
24043  -25.680  -44.082  10.325 0.8000000119
24055  -26.203  -43.816  9.771 0.8000000119
22203  -23.850  -45.477  10.841 0.6999999881
24069  -26.565  -43.692  8.943 0.8000000119
21330  -22.558  -46.374  10.567 0.6000000238
23189  -26.216  -44.390  7.301 0.8000000119
21329  -21.848  -46.553  10.340 0.6000000238
23204  -26.048  -44.075  6.405 0.6999999881
18882  -20.054  -49.786  9.075 0.6000000238
19687  -19.798  -48.293  9.632 0.6000000238
24127  -26.913  -43.747  4.816 0.8000000119
24114  -26.817  -43.433  5.504 0.6999999881
18072  -19.650  -50.443  8.605 0.6000000238
24128  -27.440  -43.483  4.283 0.8000000119
17317  -19.384  -51.989  7.607 0.4000000060
23261  -26.554  -45.402  1.976 0.6999999881
135969  -26.476  -45.814  2.665 0.6999999881
23246  -27.502  -44.608  3.164 0.6999999881
15755  -19.565  -53.676  6.891 0.4000000060
23276  -26.403  -44.710  1.267 0.6999999881
22304  -27.033  -45.321  2.858 0.6999999881
25153  -25.366  -42.608  -2.171 0.8000000119
25144  -24.845  -42.735  -1.060 0.8000000119
24170  -25.920  -43.920  0.672 0.6999999881
24169  -24.894  -44.169  0.271 0.6999999881
26923  -26.901  -41.113  -3.230 0.8000000119
26934  -27.982  -40.958  -3.834 0.6999999881
26046  -28.806  -41.611  -4.025 0.5000000000
27817  -29.527  -39.764  -2.147 0.5000000000
123738  -29.669  -41.158  -3.706 0.5000000000
26911  -29.953  -39.950  -1.161 0.4000000060
128212  -24.230  -43.815  10.647 0.6000000238
24041  -25.036  -43.501  10.518 0.6999999881
24054  -26.347  -42.878  9.476 0.8000000119
25004  -26.761  -42.984  8.534 0.8000000119
22202  -22.854  -45.586  10.661 0.6999999881
22201  -21.873  -45.756  10.300 0.6999999881
25018  -27.002  -43.075  7.608 0.8000000119
21342  -21.022  -46.384  10.152 0.6000000238
21341  -20.262  -46.727  9.738 0.6000000238
25036  -27.076  -43.050  6.740 0.8000000119
24094  -27.066  -42.939  5.935 0.8000000119
18865  -19.487  -48.987  9.432 0.6000000238
19686  -19.131  -48.366  9.457 0.6000000238
23233  -27.270  -44.226  4.043 0.8999999762
24115  -27.391  -43.006  5.072 0.8000000119
131558  -27.678  -44.103  2.583 0.8000000119
24146  -27.729  -43.649  3.395 0.8000000119
17299  -19.211  -51.132  8.103 0.5000000000
25129  -27.256  -42.282  0.790 0.8000000119
23262  -27.231  -44.654  2.094 0.6999999881
139452  -18.205  -51.636  8.026 0.4000000060
26921  -24.679  -40.800  -2.438 0.8000000119
130433  -24.596  -42.081  -1.600 0.8000000119
126834  -24.424  -42.034  -1.127 0.8000000119
123680  -25.044  -42.822  -0.465 0.8000000119
25116  -26.024  -43.073  0.537 0.6999999881
26922  -26.000  -40.447  -2.941 0.8000000119
24185  -24.991  -43.073  -0.718 0.8000000119
24178  -25.216  -43.336  0.117 0.6999999881
26013  -24.316  -41.769  -0.956 0.8000000119
27830  -26.325  -39.735  -3.251 0.8000000119
26023  -24.226  -41.516  -1.355 0.8000000119
27846  -28.540  -39.892  -3.591 0.6000000238
27845  -27.936  -40.080  -3.756 0.6000000238
27831  -29.217  -39.728  -2.913 0.5000000000
24040  -23.631  -43.402  10.419 0.6000000238
24042  -25.792  -43.191  10.167 0.6999999881
23150  -22.285  -44.864  10.322 0.6000000238
24992  -26.090  -42.067  9.415 0.6999999881
25005  -27.051  -42.337  8.116 0.6999999881
142181  -21.634  -45.140  10.100 0.6000000238
23164  -22.268  -44.008  9.925 0.6000000238
24989  -23.266  -42.735  9.971 0.6000000238
22231  -20.867  -44.815  9.051 0.6000000238
25019  -27.471  -42.375  7.227 0.8000000119
21340  -19.593  -46.967  9.322 0.6000000238
22215  -20.497  -46.057  9.679 0.6000000238
25901  -27.811  -41.684  7.212 0.6999999881
18864  -18.716  -48.806  9.259 0.5000000000
25059  -27.447  -42.323  5.750 0.8000000119
18879  -17.754  -49.045  8.508 0.3000000119
25094  -28.153  -41.928  3.435 0.8000000119
25075  -27.760  -42.679  4.063 0.8000000119
25107  -27.924  -42.702  2.120 0.8000000119
25093  -28.057  -42.769  3.007 0.8000000119
26007  -26.142  -41.574  0.097 0.8000000119
26032  -24.238  -41.293  -1.868 0.8000000119
25128  -26.507  -42.342  0.472 0.8000000119
24171  -27.021  -43.933  1.214 0.6999999881
25126  -24.692  -42.037  -0.538 0.8000000119
132926  -24.120  -41.282  -1.155 0.8000000119
27844  -27.027  -39.361  -3.620 0.6999999881
28801  -28.402  -38.951  -3.452 0.6000000238
29687  -30.340  -37.902  -0.959 0.3000000119
24990  -23.956  -42.088  9.904 0.6000000238
25871  -24.593  -41.624  9.839 0.6999999881
25872  -25.451  -41.486  9.583 0.6999999881
25873  -26.195  -41.520  9.061 0.6999999881
22275  -19.509  -45.231  5.519 0.5000000000
23163  -21.544  -44.572  9.661 0.6000000238
24053  -22.353  -43.111  9.556 0.6000000238
25887  -27.419  -41.641  7.825 0.6999999881
21353  -19.617  -46.649  8.519 0.5000000000
22230  -20.475  -45.565  9.051 0.5000000000
136509  -21.215  -44.162  8.937 0.6000000238
25902  -28.087  -41.295  6.893 0.6999999881
122722  -18.559  -47.928  7.320 0.3000000119
20505  -19.015  -47.317  8.876 0.5000000000
25917  -27.776  -41.873  6.499 0.8000000119
25940  -28.209  -41.042  5.369 0.8000000119
25939  -27.823  -41.667  5.608 0.8000000119
25119  -27.925  -42.072  1.823 0.8999999762
25985  -28.309  -41.084  2.856 0.8999999762
25076  -27.966  -41.747  4.296 0.8000000119
25959  -28.227  -41.072  4.591 0.8000000119
17298  -17.707  -50.886  8.389 0.4000000060
129445  -26.916  -40.781  0.199 0.8999999762
25118  -27.608  -42.535  1.348 0.8999999762
25998  -28.149  -41.387  1.929 0.8999999762
27829  -25.134  -39.735  -2.791 0.8000000119
26006  -25.131  -41.502  -0.341 0.8000000119
25127  -25.412  -42.393  0.024 0.8000000119
135843  -26.525  -38.639  -3.436 0.6999999881
139261  -27.791  -38.530  -3.522 0.6000000238
129192  -29.225  -37.274  -2.061 0.6000000238
125198  -29.506  -38.906  -2.178 0.6000000238
25869  -23.197  -41.900  9.513 0.6000000238
26765  -24.609  -40.856  9.504 0.6000000238
26766  -25.264  -40.708  9.287 0.6999999881
24988  -22.681  -42.388  9.408 0.6000000238
26767  -25.811  -40.941  9.147 0.6999999881
24068  -21.700  -43.033  8.965 0.6000000238
26779  -26.463  -40.829  8.830 0.8000000119
22244  -20.217  -45.280  7.523 0.6000000238
23176  -20.532  -45.081  8.242 0.5000000000
24067  -21.225  -43.491  8.449 0.6000000238
26780  -27.282  -40.749  8.278 0.6999999881
26793  -28.332  -40.524  6.911 0.8000000119
122384  -19.625  -46.515  6.917 0.4000000060
26810  -28.421  -40.397  5.917 0.6999999881
20515  -18.510  -47.865  8.449 0.4000000060
133247  -28.353  -40.529  2.000 0.8000000119
26848  -28.360  -40.586  4.202 0.8000000119
27794  -26.524  -39.989  -0.187 0.8999999762
26879  -27.979  -40.836  1.296 0.8000000119
26860  -28.379  -40.416  3.525 0.8000000119
122330  -27.238  -40.025  0.234 0.8000000119
27816  -23.464  -40.034  -1.709 0.8000000119
27792  -24.096  -40.127  -0.748 0.8000000119
27828  -23.857  -40.021  -2.304 0.8000000119
26888  -24.756  -40.723  -0.570 0.8000000119
26898  -24.028  -40.795  -0.953 0.8000000119
27843  -26.011  -39.079  -3.187 0.8000000119
27827  -23.175  -39.242  -2.220 0.8000000119
122547  -27.293  -37.779  -3.396 0.6999999881
29712  -28.155  -38.032  -3.199 0.6999999881
30630  -28.152  -36.298  -2.540 0.6000000238
30631  -28.970  -36.345  -2.077 0.6000000238
31561  -29.519  -35.451  -1.816 0.6000000238
25883  -21.924  -41.792  8.399 0.6000000238
27673  -25.024  -39.293  8.983 0.8000000119
26778  -25.728  -40.154  9.035 0.6999999881
25073  -20.825  -42.971  4.762 0.5000000000
118659  -20.974  -42.877  7.710 0.5000000000
127874  -27.874  -40.173  7.775 0.8000000119
26792  -27.823  -41.019  7.488 0.6999999881
24092  -20.268  -43.900  6.818 0.5000000000
24079  -20.756  -43.737  7.632 0.5000000000
132098  -27.355  -39.870  8.354 0.8000000119
131732  -28.349  -38.887  7.546 0.8000000119
23202  -19.759  -44.459  5.921 0.5000000000
27688  -28.378  -39.602  7.332 0.8000000119
131907  -28.664  -39.612  5.589 0.8000000119
137242  -28.891  -38.845  5.313 0.8000000119
26828  -28.426  -40.294  4.934 0.8000000119
120434  -28.633  -39.413  4.739 0.8000000119
130971  -28.410  -40.108  2.736 0.8000000119
26891  -27.707  -39.618  0.611 0.8000000119
27761  -28.454  -39.606  3.377 0.8000000119
27815  -23.012  -39.321  -1.619 0.8000000119
27803  -25.314  -38.745  -0.534 0.8000000119
28754  -24.374  -39.400  -0.620 0.8999999762
27842  -25.092  -38.935  -2.952 0.8000000119
27841  -23.470  -38.759  -2.775 0.8000000119
123492  -26.511  -37.963  -3.464 0.6999999881
29710  -25.750  -37.398  -3.532 0.6999999881
29696  -27.718  -37.134  -2.981 0.6999999881
30643  -25.837  -36.429  -3.594 0.6999999881
29711  -26.526  -37.144  -3.414 0.6999999881
30644  -26.651  -36.281  -3.311 0.6999999881
30629  -27.356  -36.266  -2.914 0.6999999881
28624  -23.826  -39.015  8.307 0.8000000119
26777  -23.231  -40.617  8.950 0.6000000238
27672  -24.190  -39.482  8.862 0.6000000238
26858  -22.838  -40.223  3.236 0.6000000238
25957  -23.068  -41.633  3.859 0.5000000000
25900  -21.953  -41.247  7.794 0.6000000238
26791  -22.581  -40.678  7.574 0.6000000238
27674  -26.001  -39.221  8.976 0.8000000119
28743  -20.263  -37.890  0.521 0.6000000238
26868  -21.945  -39.945  2.395 0.6000000238
25916  -22.668  -41.265  5.727 0.5000000000
26790  -21.911  -41.255  6.849 0.5000000000
138181  -19.603  -36.053  1.163 0.5000000000
29658  -19.695  -36.137  0.715 0.5000000000
28728  -21.034  -37.392  1.310 0.6000000238
27770  -22.314  -39.309  2.695 0.6000000238
25058  -21.191  -42.340  5.318 0.5000000000
28639  -28.045  -38.316  7.988 0.8000000119
27701  -28.701  -38.975  6.907 0.8000000119
30576  -19.912  -35.848  0.970 0.5000000000
133041  -20.864  -42.532  6.975 0.5000000000
29615  -20.746  -37.435  4.286 0.4000000060
25017  -20.600  -43.184  7.128 0.5000000000
28677  -29.020  -38.348  5.813 0.6999999881
28730  -28.625  -38.397  2.448 0.8000000119
139901  -28.786  -38.560  3.810 0.8000000119
28694  -28.843  -38.669  4.490 0.6999999881
27795  -27.133  -39.380  0.023 0.8000000119
26880  -28.166  -39.903  1.306 0.8000000119
124629  -28.917  -38.084  3.257 0.8000000119
27771  -28.475  -39.270  2.590 0.8000000119
28744  -28.394  -38.955  1.641 0.8000000119
128070  -22.803  -37.749  -3.012 0.8999999762
28777  -22.650  -38.751  -1.803 0.8999999762
28765  -24.043  -38.754  -0.685 0.8000000119
27804  -26.334  -39.156  -0.337 0.8000000119
28764  -23.127  -38.803  -1.170 1.0000000000
29675  -24.771  -38.063  -0.690 0.8000000119
29709  -24.820  -37.690  -3.455 0.8000000119
129501  -25.074  -36.877  -3.665 0.6999999881
28637  -23.735  -38.737  7.472 0.8000000119
121146  -24.475  -38.652  8.657 0.8000000119
28625  -25.326  -38.416  8.929 0.8000000119
141526  -22.835  -38.344  2.942 0.6000000238
27700  -23.605  -39.398  6.806 0.6000000238
27686  -23.388  -39.461  7.710 0.6000000238
28626  -26.303  -38.318  8.985 0.8000000119
29556  -26.602  -37.477  8.782 0.8000000119
29647  -20.588  -36.070  0.996 0.5000000000
28729  -22.192  -38.253  2.374 0.6000000238
27760  -23.713  -39.419  3.970 0.6000000238
26809  -23.184  -40.125  6.984 0.6000000238
28627  -27.273  -38.332  8.611 0.8000000119
29568  -28.332  -37.548  7.793 0.6999999881
129384  -21.709  -37.005  1.719 0.5000000000
27744  -23.935  -39.501  4.892 0.6000000238
29616  -21.012  -36.251  3.469 0.4000000060
30577  -20.870  -35.447  1.484 0.4000000060
29648  -21.884  -35.984  1.642 0.4000000060
28656  -28.876  -38.283  6.539 0.6999999881
30561  -21.087  -35.249  2.211 0.4000000060
30578  -21.649  -35.132  1.785 0.4000000060
125888  -23.448  -37.577  3.445 0.4000000060
28678  -29.131  -38.003  5.060 0.6999999881
31508  -21.635  -34.710  2.017 0.4000000060
31478  -23.531  -35.418  3.386 0.5000000000
28695  -29.151  -37.985  4.086 0.6999999881
31492  -21.329  -34.702  2.741 0.3000000119
31493  -22.879  -35.174  2.507 0.5000000000
30562  -23.324  -35.977  2.956 0.5000000000
132124  -27.681  -38.865  0.395 0.8000000119
28756  -28.268  -38.410  0.778 0.8000000119
29636  -29.165  -37.139  3.493 0.8000000119
29649  -28.865  -37.443  2.505 0.8000000119
28787  -22.681  -38.387  -2.470 0.8000000119
135866  -23.698  -37.988  -0.861 0.8000000119
128362  -24.921  -37.163  -0.963 0.8000000119
29676  -26.916  -37.832  -0.389 0.8000000119
28755  -27.739  -38.001  0.084 0.8000000119
29685  -22.107  -38.095  -1.866 1.0000000000
130552  -25.921  -36.828  -0.777 0.8000000119
28798  -24.458  -38.485  -3.076 0.8000000119
141207  -23.068  -37.739  -1.111 0.8000000119
123171  -25.874  -37.716  -0.647 0.8000000119
30642  -24.607  -36.397  -3.679 0.8999999762
31575  -26.200  -35.414  -3.435 0.6999999881
31576  -26.966  -35.332  -2.927 0.6999999881
31559  -27.827  -35.324  -2.556 0.6999999881
127758  -29.271  -34.684  -2.102 0.6000000238
32446  -28.507  -34.183  -2.459 0.6999999881
32463  -26.702  -34.244  -3.157 0.6999999881
32447  -29.549  -34.025  -2.338 0.6000000238
32465  -29.184  -33.492  -2.847 0.6000000238
131685  -24.090  -38.242  8.059 0.8000000119
29554  -24.731  -37.768  8.405 0.8000000119
27759  -22.993  -39.180  3.259 0.5000000000
28655  -23.987  -37.791  6.297 0.8000000119
141029  -24.292  -37.496  6.784 0.8000000119
142588  -24.295  -37.766  7.823 0.8000000119
29555  -25.648  -37.552  8.785 0.8000000119
28693  -23.714  -38.507  4.296 0.6000000238
28638  -23.999  -37.920  7.218 0.8000000119
29557  -27.572  -37.547  8.356 0.6999999881
29617  -23.604  -36.779  3.615 0.5000000000
28676  -23.989  -37.517  5.597 0.6999999881
27722  -23.847  -39.423  5.863 0.6999999881
30474  -26.973  -36.774  8.420 0.6999999881
30498  -28.498  -36.746  7.510 0.6999999881
122413  -21.311  -34.885  1.944 0.3000000119
29569  -28.785  -37.509  7.002 0.6999999881
30518  -29.251  -36.822  5.769 0.6999999881
30530  -29.561  -36.474  5.118 0.6999999881
32376  -23.034  -34.532  2.990 0.5000000000
30546  -29.411  -36.367  4.160 0.6999999881
32394  -21.652  -34.329  2.437 0.4000000060
29668  -28.484  -36.939  0.957 0.8000000119
29667  -28.261  -37.554  0.588 0.8000000119
30607  -27.246  -36.293  -0.247 0.8000000119
142938  -27.701  -34.944  0.621 0.6999999881
131931  -23.694  -37.157  -1.123 0.8000000119
124583  -26.680  -36.993  -0.529 0.8000000119
30640  -22.667  -37.000  -3.169 0.8999999762
30641  -23.992  -37.093  -3.345 0.8999999762
30628  -21.918  -37.578  -2.489 0.8999999762
30615  -21.561  -36.736  -1.644 0.8000000119
30603  -22.196  -36.498  -1.307 0.8000000119
31539  -24.009  -35.529  -1.352 0.8000000119
136056  -23.696  -36.143  -3.591 0.8999999762
138022  -22.578  -36.195  -3.270 0.8000000119
134846  -25.154  -36.211  -3.724 0.8999999762
32461  -24.883  -34.830  -3.944 0.8000000119
31550  -30.340  -35.445  -1.555 0.4000000060
32462  -25.726  -34.587  -3.691 0.8000000119
32445  -27.496  -34.484  -2.703 0.6999999881
33368  -29.432  -33.173  -4.377 0.5000000000
29566  -24.560  -37.324  7.452 0.6999999881
29567  -25.197  -36.966  8.241 0.8000000119
30515  -24.812  -36.140  6.641 0.6999999881
30496  -26.383  -36.066  8.110 0.6999999881
31509  -22.205  -34.970  2.002 0.4000000060
31464  -24.214  -35.581  5.246 0.6000000238
30516  -25.196  -36.015  7.344 0.6999999881
30497  -27.882  -36.820  8.118 0.6999999881
132411  -28.550  -35.929  7.217 0.6999999881
132692  -28.953  -35.718  6.484 0.6999999881
30517  -28.907  -36.628  6.558 0.6999999881
32360  -23.992  -34.896  4.647 0.5000000000
127990  -29.348  -36.150  5.905 0.6999999881
32359  -23.665  -34.241  3.859 0.4000000060
131857  -29.773  -35.688  4.666 0.6999999881
123906  -22.633  -32.866  3.324 0.3000000119
33273  -22.826  -33.651  3.197 0.3000000119
33259  -24.183  -34.087  4.788 0.5000000000
30596  -27.957  -36.716  0.344 0.6999999881
30563  -29.015  -36.626  2.671 0.6999999881
31494  -29.579  -35.564  3.824 0.6999999881
33258  -23.659  -33.336  3.984 0.4000000060
30597  -28.361  -36.060  0.922 0.6999999881
30564  -29.210  -36.122  3.256 0.6999999881
31519  -28.555  -35.389  1.624 0.6999999881
122133  -27.693  -35.581  0.327 0.6999999881
31538  -22.819  -35.676  -1.436 0.8000000119
131976  -24.506  -36.291  -1.200 0.8000000119
30605  -25.517  -36.168  -0.944 0.8000000119
30606  -26.414  -36.119  -0.619 0.8000000119
31540  -25.035  -35.389  -1.126 0.8000000119
31558  -21.167  -35.832  -2.345 0.8000000119
32460  -23.873  -35.000  -3.877 0.8000000119
32459  -22.701  -34.708  -3.602 0.8000000119
31572  -21.896  -35.484  -3.077 0.8999999762
31573  -24.663  -35.707  -3.797 0.8999999762
32478  -24.343  -34.041  -4.252 0.8000000119
33364  -25.645  -32.914  -4.319 0.8000000119
137632  -28.469  -33.429  -2.959 0.6999999881
33352  -29.551  -33.401  -3.444 0.6000000238
33349  -26.116  -33.534  -3.752 0.6999999881
33350  -27.061  -33.200  -3.459 0.6999999881
34249  -26.146  -32.174  -4.826 0.6999999881
30495  -25.537  -36.305  7.930 0.6999999881
32321  -24.734  -34.663  6.368 0.6000000238
31448  -25.033  -35.309  7.083 0.6000000238
32307  -25.648  -34.865  7.650 0.6999999881
31432  -26.224  -35.303  7.974 0.6999999881
31433  -27.179  -35.476  7.924 0.6999999881
137608  -27.309  -36.253  8.104 0.6999999881
31479  -23.842  -35.578  4.389 0.5000000000
30529  -24.411  -36.258  5.753 0.6000000238
32309  -27.490  -34.767  7.649 0.6999999881
31434  -28.061  -35.306  7.576 0.6999999881
130560  -28.021  -36.074  7.858 0.6999999881
31447  -24.603  -35.487  6.098 0.6000000238
33272  -22.005  -33.210  3.047 0.3000000119
32339  -24.401  -34.799  5.493 0.5000000000
33231  -25.307  -33.601  7.044 0.6000000238
138655  -29.406  -35.501  6.006 0.6999999881
142449  -23.920  -32.823  4.406 0.4000000060
123561  -24.368  -33.173  5.034 0.5000000000
129639  -24.845  -33.180  6.209 0.6000000238
31465  -29.685  -35.621  5.411 0.6999999881
138483  -29.491  -34.442  3.005 0.6999999881
121064  -29.972  -35.091  4.304 0.6999999881
31511  -29.295  -35.216  3.004 0.6999999881
35032  -23.438  -31.763  3.993 0.3000000119
32396  -28.578  -34.487  1.839 0.6999999881
31541  -25.977  -35.299  -0.803 0.8000000119
32428  -26.225  -34.474  -0.616 0.8000000119
31542  -26.866  -35.247  -0.305 0.6999999881
31529  -27.361  -34.723  0.275 0.6999999881
32407  -28.293  -33.981  1.404 0.6999999881
32425  -23.384  -34.847  -1.525 0.8000000119
33320  -25.670  -33.873  -0.957 0.8000000119
32458  -21.759  -34.456  -3.170 0.8000000119
31536  -21.181  -35.302  -1.769 0.8000000119
32424  -21.998  -34.911  -1.590 0.8000000119
32426  -24.443  -34.681  -1.280 0.8000000119
32477  -23.325  -33.986  -4.057 0.8000000119
34226  -22.473  -32.414  -3.092 0.8000000119
34216  -23.491  -32.972  -2.338 0.8000000119
34227  -23.759  -32.255  -2.559 0.8000000119
35108  -24.106  -31.584  -2.879 0.8000000119
33351  -28.900  -33.157  -3.499 0.6000000238
33367  -28.535  -32.757  -4.281 0.6999999881
33365  -26.563  -32.655  -4.128 0.6000000238
128384  -25.857  -30.515  -5.940 0.6999999881
127818  -26.703  -30.724  -5.765 0.6000000238
34250  -27.113  -32.057  -4.793 0.6000000238
125822  -25.784  -34.087  7.508 0.6000000238
33230  -24.873  -33.960  6.534 0.6000000238
32310  -28.121  -34.523  7.357 0.6999999881
33218  -25.981  -33.350  7.399 0.6000000238
33232  -28.859  -33.546  6.666 0.6999999881
32323  -28.695  -34.344  6.818 0.6999999881
31450  -29.090  -34.979  6.368 0.6999999881
34135  -24.651  -32.509  5.581 0.4000000060
34116  -25.470  -32.781  6.968 0.5000000000
33220  -28.179  -33.715  7.148 0.6999999881
130276  -29.700  -34.932  5.820 0.6999999881
34136  -25.097  -32.275  6.259 0.5000000000
35001  -25.750  -31.902  6.852 0.5000000000
32341  -30.231  -33.919  4.941 0.6999999881
125265  -30.087  -34.871  5.037 0.6999999881
34149  -24.165  -32.236  4.729 0.3000000119
35033  -24.196  -31.292  4.782 0.3000000119
130443  -24.790  -31.698  5.579 0.4000000060
128339  -28.266  -34.664  1.317 0.6999999881
32361  -30.148  -34.394  4.274 0.6999999881
35924  -24.411  -30.480  4.706 0.3000000119
33289  -29.706  -33.674  2.775 0.6999999881
32408  -28.695  -33.873  1.868 0.6999999881
34180  -29.743  -33.153  2.248 0.6999999881
32427  -25.388  -34.564  -0.988 0.8000000119
33310  -27.607  -33.675  0.462 0.6999999881
134931  -27.792  -34.321  0.820 0.6999999881
34191  -29.461  -33.069  1.727 0.6999999881
33311  -28.116  -33.500  0.863 0.6999999881
34209  -29.182  -32.415  0.349 0.6999999881
33328  -22.063  -34.147  -1.999 0.8000000119
32436  -23.794  -34.128  -1.547 0.8000000119
32429  -26.841  -34.266  -0.115 0.6999999881
127596  -28.613  -32.855  0.654 0.6999999881
35086  -29.469  -31.949  -0.225 0.6999999881
32444  -21.325  -34.536  -2.429 0.8000000119
33319  -22.855  -34.310  -1.744 0.8000000119
32437  -24.762  -33.985  -1.207 0.8000000119
33331  -25.124  -33.434  -1.454 0.8000000119
33332  -26.006  -33.257  -1.201 0.8000000119
34220  -27.971  -31.925  -0.961 0.8000000119
35099  -28.932  -31.679  -0.917 0.6999999881
141694  -22.032  -33.513  -3.207 0.8000000119
34217  -24.529  -32.936  -2.112 0.8000000119
34229  -25.825  -32.106  -2.187 0.8000000119
35097  -27.552  -31.649  -1.789 0.8000000119
32476  -22.374  -33.864  -3.635 0.8000000119
34245  -22.573  -32.599  -3.819 0.8000000119
35096  -22.896  -32.367  -2.716 0.8000000119
34228  -24.848  -32.212  -2.370 0.8000000119
120323  -27.142  -31.193  -2.619 0.8000000119
138358  -23.853  -33.091  -4.402 0.8000000119
132656  -22.703  -31.827  -3.546 0.8000000119
35109  -25.187  -31.488  -2.685 0.8000000119
122228  -25.555  -30.903  -3.026 0.8000000119
138286  -27.110  -30.517  -3.187 0.8000000119
34246  -23.153  -32.332  -4.315 0.8000000119
36000  -24.498  -30.819  -3.339 0.8000000119
34247  -24.140  -32.094  -4.757 0.8000000119
34252  -29.062  -32.535  -5.239 0.5000000000
34251  -28.132  -32.213  -4.966 0.6000000238
136739  -24.030  -31.275  -5.167 0.8000000119
34268  -24.825  -31.548  -5.311 0.8000000119
34272  -28.788  -31.795  -5.589 0.6000000238
35153  -27.196  -31.154  -5.630 0.6000000238
34271  -27.695  -31.640  -5.379 0.6000000238
127191  -26.481  -33.865  7.508 0.6999999881
32308  -26.570  -34.589  7.762 0.6999999881
34106  -27.450  -33.124  7.235 0.6999999881
34120  -29.039  -32.703  6.500 0.6999999881
35002  -26.644  -31.548  7.102 0.5000000000
34119  -28.291  -32.848  6.928 0.6999999881
128085  -25.293  -31.133  5.921 0.4000000060
35903  -25.621  -30.529  5.798 0.4000000060
35886  -25.904  -31.017  6.541 0.5000000000
33247  -30.068  -33.318  5.496 0.6999999881
33260  -30.351  -33.516  4.177 0.6999999881
35925  -25.282  -30.161  5.126 0.3000000119
36850  -26.110  -29.842  5.432 0.3000000119
35904  -26.451  -30.275  6.237 0.5000000000
35034  -30.298  -31.905  4.774 0.6999999881
34166  -30.467  -32.810  3.696 0.6999999881
36894  -26.262  -28.679  4.134 0.3000000119
120214  -30.632  -32.271  3.294 0.6999999881
36893  -25.669  -29.119  4.302 0.3000000119
35070  -30.646  -31.785  1.717 0.6999999881
34206  -26.767  -32.976  -0.822 0.8000000119
34198  -27.907  -33.070  0.216 0.6999999881
35077  -29.866  -32.081  0.501 0.6999999881
34207  -27.569  -32.664  -0.495 0.6999999881
34208  -28.518  -32.384  -0.198 0.6999999881
35978  -29.998  -31.231  -0.852 0.6999999881
34215  -22.595  -32.996  -2.617 0.8000000119
34218  -25.463  -32.764  -1.764 0.8000000119
34219  -27.171  -32.304  -1.271 0.6999999881
35098  -28.381  -31.407  -1.640 0.8000000119
33339  -22.150  -33.333  -2.846 0.8000000119
35112  -28.615  -30.804  -2.214 0.8000000119
33347  -22.300  -33.036  -3.265 0.8000000119
35110  -26.159  -31.397  -2.599 0.8000000119
36002  -27.911  -30.538  -2.874 0.8000000119
35119  -22.838  -31.453  -4.005 0.8000000119
35131  -22.832  -31.792  -4.144 0.8000000119
35107  -23.028  -31.777  -3.121 0.8000000119
36942  -25.396  -30.169  -3.569 0.8000000119
36943  -26.505  -29.972  -3.501 0.8000000119
36944  -27.410  -29.892  -3.405 0.8000000119
35149  -23.534  -30.575  -5.345 0.8000000119
35132  -23.231  -30.967  -4.576 0.8000000119
36941  -24.267  -30.072  -3.895 0.8000000119
36958  -24.538  -29.410  -4.183 0.8000000119
120944  -27.115  -28.195  -3.863 0.8000000119
35151  -25.342  -30.943  -5.697 0.8000000119
34117  -26.493  -32.583  7.283 0.6000000238
34118  -27.556  -32.169  7.201 0.6000000238
35902  -24.883  -30.876  5.374 0.3000000119
35015  -25.346  -31.594  6.243 0.5000000000
35887  -26.775  -30.810  6.789 0.5000000000
34137  -28.449  -31.869  6.742 0.6999999881
34138  -29.129  -32.027  6.180 0.6999999881
34139  -29.610  -32.631  5.849 0.6999999881
35905  -27.463  -30.449  6.486 0.6000000238
35017  -28.926  -31.236  6.215 0.6999999881
35018  -29.635  -31.733  5.556 0.6999999881
36864  -24.961  -29.724  4.514 0.3000000119
36866  -26.485  -29.177  4.841 0.3000000119
35907  -29.399  -30.664  5.726 0.6999999881
36892  -24.808  -29.156  3.859 0.3000000119
37809  -27.263  -27.860  3.794 0.3000000119
120333  -30.590  -31.231  4.394 0.6999999881
35049  -30.619  -32.075  4.000 0.6999999881
38816  -25.815  -27.338  1.846 0.3000000119
38803  -26.151  -27.639  2.519 0.3000000119
38788  -26.670  -27.742  3.090 0.3000000119
38789  -27.248  -27.444  3.041 0.3000000119
39804  -25.629  -26.368  0.915 0.3000000119
34200  -30.186  -32.156  1.163 0.6999999881
35078  -30.662  -31.482  0.735 0.6999999881
138636  -29.193  -31.054  -1.563 0.8000000119
122875  -28.802  -29.975  -2.683 0.8000000119
36945  -28.145  -29.783  -3.204 0.8000000119
36010  -23.241  -30.689  -4.400 0.8000000119
36011  -23.466  -30.450  -4.007 0.8000000119
36956  -23.314  -29.954  -4.663 0.8000000119
36957  -23.615  -29.621  -4.456 0.8000000119
37880  -24.686  -28.541  -4.511 0.8000000119
127577  -25.852  -28.385  -4.214 0.8000000119
37865  -26.763  -29.153  -3.760 0.8000000119
36040  -23.790  -30.242  -6.039 0.8000000119
35150  -24.335  -30.808  -5.684 0.8000000119
36996  -25.522  -29.998  -6.481 0.6999999881
35016  -28.196  -31.016  6.493 0.6000000238
36853  -29.143  -29.627  5.534 0.6000000238
130772  -30.129  -31.006  5.184 0.6999999881
37785  -27.835  -28.310  4.614 0.4000000060
126308  -29.297  -28.912  5.047 0.6000000238
35926  -29.858  -30.220  5.262 0.6999999881
35927  -30.405  -30.372  4.763 0.6999999881
35947  -30.844  -30.547  4.043 0.6999999881
35064  -31.042  -31.259  2.483 0.6999999881
39795  -27.843  -26.233  2.065 0.3000000119
37811  -29.942  -27.724  4.092 0.4000000060
132525  -31.094  -29.045  3.452 0.6000000238
36906  -31.748  -29.724  2.129 0.6999999881
35965  -31.611  -30.362  1.476 0.6999999881
35968  -31.115  -30.768  0.255 0.6999999881
36924  -31.097  -29.840  -0.886 0.6999999881
35111  -27.958  -31.195  -2.295 0.8000000119
36003  -29.332  -30.382  -2.058 0.8000000119
36961  -28.635  -29.191  -3.170 0.8000000119
36959  -25.671  -29.292  -3.973 0.8000000119
37905  -23.128  -29.057  -6.067 0.8000000119
37898  -23.700  -28.860  -4.787 0.8000000119
131233  -24.832  -27.576  -4.754 0.8000000119
38870  -26.059  -27.660  -4.358 0.8000000119
37899  -24.114  -28.146  -5.173 0.8000000119
36043  -27.719  -30.589  -5.816 0.6000000238
37011  -24.255  -29.446  -6.519 0.8000000119
36997  -26.615  -29.628  -6.093 0.6000000238
37012  -25.384  -29.155  -6.279 0.6999999881
35906  -28.404  -30.236  6.120 0.6000000238
36869  -30.000  -29.496  4.857 0.6000000238
37810  -28.208  -27.746  4.157 0.3000000119
125338  -30.653  -29.859  4.391 0.6000000238
38805  -27.888  -26.948  3.074 0.3000000119
38791  -29.489  -27.280  3.682 0.3000000119
37812  -30.592  -28.189  3.844 0.5000000000
39771  -29.903  -26.801  3.219 0.3000000119
38792  -30.262  -27.462  3.540 0.5000000000
36896  -31.467  -29.788  2.999 0.6999999881
40693  -27.297  -26.017  1.500 0.3000000119
40694  -28.071  -25.564  1.737 0.3000000119
38818  -31.697  -27.587  2.056 0.4000000060
36913  -32.066  -29.585  1.225 0.6999999881
41653  -26.596  -24.057  -0.025 0.3000000119
36914  -32.247  -29.031  0.749 0.6000000238
36934  -31.315  -29.143  -1.102 0.6000000238
37858  -31.737  -28.455  -0.747 0.6000000238
36933  -30.676  -29.397  -1.615 0.8000000119
36932  -29.982  -29.969  -1.876 0.8000000119
37867  -30.484  -28.589  -2.086 0.6999999881
37857  -31.137  -28.547  -1.515 0.6999999881
36946  -29.332  -29.222  -2.708 0.8000000119
37866  -29.814  -28.555  -2.590 0.6999999881
38856  -30.306  -27.782  -2.480 0.6999999881
38846  -30.843  -27.921  -1.860 0.6999999881
37881  -28.341  -28.394  -3.491 0.8000000119
37882  -29.171  -28.529  -3.111 0.8000000119
38874  -29.854  -27.344  -3.078 0.6999999881
38872  -28.072  -27.616  -3.889 0.8000000119
39857  -29.461  -26.997  -3.515 0.6999999881
39858  -30.134  -26.683  -3.353 0.6999999881
36025  -23.293  -30.009  -5.159 0.8000000119
130043  -23.438  -28.804  -5.576 0.8000000119
39870  -28.598  -26.496  -4.485 0.8000000119
39855  -25.587  -27.009  -4.744 0.8000000119
38871  -26.961  -27.273  -4.347 0.8000000119
36039  -23.268  -29.862  -5.915 0.8000000119
37906  -24.210  -28.119  -5.664 0.8000000119
133704  -24.615  -26.867  -5.244 0.8000000119
40765  -25.684  -25.905  -5.481 0.8000000119
37010  -23.429  -29.294  -6.304 0.8000000119
37920  -23.550  -28.825  -6.132 0.8000000119
38911  -24.605  -26.956  -6.306 0.6999999881
36998  -27.613  -29.937  -5.916 0.6000000238
37013  -28.057  -29.157  -6.111 0.6000000238
37921  -24.318  -28.504  -6.242 0.8000000119
37922  -25.363  -28.053  -6.180 0.6999999881
38912  -26.117  -27.261  -6.412 0.6999999881
37813  -31.179  -28.297  3.101 0.5000000000
39781  -28.352  -26.406  2.652 0.3000000119
38806  -30.677  -27.150  2.966 0.4000000060
132424  -32.017  -28.981  1.918 0.6000000238
40695  -28.806  -25.304  1.833 0.3000000119
37834  -32.103  -28.261  1.655 0.5000000000
138952  -32.242  -28.849  1.269 0.6000000238
122683  -28.881  -24.417  1.016 0.3000000119
40696  -30.399  -25.237  1.757 0.3000000119
38819  -32.135  -27.538  1.364 0.6000000238
37835  -32.327  -28.273  0.808 0.6000000238
41654  -27.228  -23.778  0.006 0.3000000119
41655  -27.909  -23.804  0.278 0.3000000119
40706  -31.004  -24.808  1.105 0.3000000119
42593  -27.667  -23.327  -0.445 0.3000000119
138261  -31.974  -27.665  -0.653 0.6000000238
42617  -26.449  -23.116  -1.183 0.3000000119
120540  -31.506  -27.653  -1.331 0.6999999881
39843  -30.517  -26.951  -2.715 0.6999999881
39869  -27.622  -26.457  -4.697 0.8000000119
40768  -29.219  -25.912  -4.781 0.6999999881
134622  -29.573  -26.437  -4.045 0.6999999881
40766  -27.019  -25.936  -5.169 0.8000000119
40782  -27.620  -25.374  -5.536 0.6999999881
38887  -24.366  -27.227  -5.419 0.8000000119
40764  -24.649  -25.844  -5.823 0.6999999881
39868  -25.102  -26.401  -5.316 0.8000000119
40781  -26.254  -25.377  -5.807 0.6000000238
37925  -30.310  -29.286  -7.821 0.6000000238
132368  -24.430  -27.706  -6.010 0.6999999881
39893  -24.571  -25.953  -6.390 0.6999999881
37923  -27.148  -28.183  -6.125 0.6999999881
138835  -27.759  -27.719  -6.583 0.6999999881
39894  -25.040  -26.233  -6.756 0.6999999881
40830  -27.118  -24.248  -9.884 0.5000000000
41765  -28.117  -24.467  -10.302 0.5000000000
39807  -32.234  -26.600  0.404 0.6000000238
38836  -32.207  -27.186  -0.153 0.6000000238
39822  -32.255  -26.440  -0.333 0.6000000238
39832  -31.833  -25.903  -1.463 0.6000000238
38857  -31.025  -27.151  -2.011 0.6999999881
40745  -31.422  -25.805  -2.389 0.6999999881
43589  -24.795  -22.156  -2.290 0.3000000119
40769  -30.133  -25.716  -4.463 0.6999999881
39844  -31.088  -26.539  -2.429 0.6999999881
39871  -30.502  -26.023  -3.724 0.6999999881
41719  -25.431  -24.812  -6.435 0.6999999881
40783  -28.766  -25.341  -5.341 0.6999999881
40784  -29.746  -25.243  -5.094 0.6000000238
40767  -28.198  -25.957  -5.024 0.6999999881
38898  -24.508  -26.953  -5.915 0.6999999881
40780  -24.547  -25.592  -6.309 0.6999999881
132958  -24.868  -25.321  -6.056 0.6999999881
40794  -24.508  -25.301  -6.903 0.6999999881
38914  -28.893  -28.358  -7.385 0.6000000238
37924  -29.248  -28.978  -7.071 0.5000000000
39907  -25.494  -25.626  -7.541 0.6999999881
39908  -27.317  -26.112  -7.810 0.6999999881
39918  -28.406  -26.314  -8.808 0.6000000238
40708  -32.235  -25.837  0.142 0.5000000000
40722  -31.931  -25.171  -0.216 0.4000000060
40723  -32.157  -25.791  -0.630 0.5000000000
40734  -31.857  -25.149  -1.028 0.5000000000
40733  -31.734  -25.085  -1.874 0.6000000238
41685  -31.577  -24.915  -2.718 0.6000000238
44490  -25.459  -21.707  -2.644 0.3000000119
40755  -31.181  -25.515  -3.273 0.6999999881
40785  -30.524  -24.965  -4.728 0.6000000238
40770  -30.886  -25.305  -4.062 0.6000000238
41736  -27.594  -24.377  -6.655 0.6000000238
41722  -29.309  -24.743  -5.689 0.6000000238
41718  -24.526  -24.982  -6.688 0.6999999881
41720  -26.925  -24.864  -6.196 0.6000000238
41721  -28.220  -24.798  -5.890 0.6000000238
41734  -25.042  -24.506  -7.216 0.6999999881
42684  -25.667  -23.994  -7.816 0.6000000238
40804  -25.125  -25.032  -8.234 0.6999999881
38913  -28.460  -27.593  -7.416 0.6000000238
38925  -30.022  -28.202  -8.691 0.5000000000
38923  -28.574  -27.066  -8.051 0.6000000238
38934  -29.640  -27.444  -8.693 0.6000000238
39920  -29.662  -27.014  -8.708 0.5000000000
40817  -25.900  -24.610  -8.596 0.6000000238
40805  -26.604  -25.370  -8.324 0.5000000000
40819  -28.861  -26.071  -9.505 0.5000000000
40832  -29.395  -25.733  -9.755 0.5000000000
41766  -29.359  -25.143  -10.213 0.5000000000
41777  -28.816  -24.238  -10.587 0.5000000000
42597  -31.345  -23.746  -0.826 0.4000000060
126704  -31.666  -24.395  -1.358 0.4000000060
42620  -31.590  -23.573  -1.662 0.4000000060
43542  -29.170  -22.574  -0.789 0.4000000060
44510  -26.067  -21.280  -2.984 0.3000000119
44511  -26.893  -20.923  -2.920 0.3000000119
44491  -27.590  -21.422  -2.467 0.3000000119
41699  -31.431  -24.647  -3.595 0.6000000238
130496  -26.275  -19.397  -4.433 0.3000000119
41724  -31.011  -24.247  -5.000 0.6000000238
41738  -29.806  -24.161  -6.118 0.5000000000
42686  -28.162  -23.906  -7.178 0.6000000238
41737  -28.804  -24.326  -6.398 0.6000000238
42685  -26.866  -23.949  -7.494 0.6000000238
42698  -28.572  -23.380  -7.876 0.6000000238
41733  -24.611  -24.856  -7.438 0.6999999881
42697  -26.183  -23.469  -8.415 0.6000000238
142004  -25.159  -24.614  -8.293 0.6999999881
40831  -28.466  -25.270  -9.901 0.5000000000
42596  -30.664  -23.272  -0.408 0.4000000060
42619  -31.091  -22.991  -1.127 0.4000000060
119665  -31.731  -24.266  -2.200 0.5000000000
43593  -31.066  -21.950  -1.884 0.4000000060
136034  -31.755  -24.202  -2.924 0.4000000060
46333  -27.708  -19.705  -3.923 0.3000000119
45392  -27.768  -20.687  -3.012 0.4000000060
45414  -28.617  -20.415  -3.252 0.4000000060
42674  -31.249  -23.580  -5.339 0.5000000000
129245  -31.459  -24.057  -4.253 0.6000000238
42673  -30.662  -23.875  -5.744 0.5000000000
42688  -30.258  -23.486  -6.462 0.5000000000
42687  -29.250  -23.699  -6.831 0.6000000238
42700  -30.773  -22.891  -6.847 0.5000000000
131323  -27.451  -23.613  -7.960 0.6000000238
43653  -28.280  -22.922  -8.920 0.6000000238
41763  -25.765  -23.115  -9.378 0.6000000238
43661  -26.230  -22.434  -9.716 0.6000000238
41764  -25.854  -23.109  -10.057 0.5000000000
41754  -26.067  -23.933  -9.328 0.5000000000
41776  -27.623  -23.541  -10.595 0.5000000000
42753  -28.644  -22.929  -11.324 0.5000000000
42736  -29.332  -23.720  -10.812 0.5000000000
43571  -30.704  -22.323  -1.438 0.4000000060
42635  -31.823  -23.418  -2.610 0.4000000060
43572  -31.466  -22.665  -1.928 0.4000000060
131551  -31.774  -22.607  -2.686 0.4000000060
42651  -32.019  -22.859  -3.445 0.4000000060
43594  -31.464  -22.002  -2.411 0.4000000060
42660  -31.840  -23.285  -4.205 0.4000000060
46350  -27.488  -19.271  -4.428 0.3000000119
46349  -26.876  -18.980  -4.766 0.3000000119
43649  -31.404  -22.510  -6.460 0.4000000060
43655  -30.418  -22.552  -7.625 0.5000000000
43656  -31.232  -22.233  -7.138 0.4000000060
43654  -29.385  -22.749  -8.151 0.6000000238
42699  -29.799  -23.143  -7.277 0.5000000000
44556  -30.980  -21.970  -7.964 0.5000000000
42708  -27.176  -23.182  -8.875 0.6000000238
43663  -29.054  -22.527  -9.214 0.5000000000
43664  -30.083  -22.236  -8.487 0.5000000000
41775  -26.510  -22.688  -10.284 0.5000000000
42718  -25.841  -22.592  -9.879 0.6000000238
43662  -27.574  -22.460  -9.899 0.6000000238
43676  -28.542  -22.077  -10.220 0.6000000238
133548  -26.544  -22.406  -10.224 0.6000000238
42734  -27.306  -22.688  -10.731 0.5000000000
135058  -27.617  -22.365  -11.120 0.5000000000
42755  -31.196  -23.372  -10.995 0.5000000000
133855  -27.271  -22.233  -10.527 0.5000000000
49471  -26.543  -17.029  -7.560 0.3000000119
49454  -27.830  -16.820  -7.045 0.4000000060
49473  -28.193  -16.331  -7.371 0.4000000060
49490  -27.039  -16.088  -8.327 0.4000000060
43675  -27.471  -21.917  -10.805 0.5000000000
45492  -30.184  -20.408  -10.859 0.5000000000
45493  -31.072  -20.137  -10.347 0.5000000000
44584  -27.899  -21.363  -11.405 0.5000000000
46409  -29.419  -20.034  -11.653 0.5000000000
43689  -27.648  -21.716  -11.085 0.5000000000
44589  -27.876  -21.192  -11.673 0.6000000238
43696  -30.376  -22.681  -11.631 0.5000000000
43695  -29.116  -22.460  -11.728 0.6000000238
43710  -29.514  -21.862  -12.175 0.5000000000
43711  -31.067  -22.171  -12.110 0.6000000238
50658  -27.840  -15.918  -7.953 0.4000000060
49456  -29.298  -16.494  -6.608 0.4000000060
44585  -28.330  -20.955  -11.412 0.5000000000
142465  -28.255  -20.363  -12.117 0.5000000000
118496  -28.146  -20.626  -12.398 0.5000000000
120467  -28.370  -20.098  -12.696 0.5000000000
46417  -28.724  -19.675  -12.488 0.5000000000
43709  -28.410  -21.504  -11.999 0.5000000000
119366  -28.505  -20.882  -12.596 0.5000000000
44605  -31.827  -21.879  -12.639 0.4000000060
45514  -29.247  -20.385  -13.005 0.5000000000
44604  -30.118  -21.315  -12.601 0.5000000000
125480  -29.444  -15.485  -7.427 0.4000000060
51798  -27.729  -14.852  -8.759 0.4000000060
142310  -29.175  -20.600  -11.378 0.5000000000
45515  -31.059  -20.815  -12.982 0.5000000000
45523  -32.311  -20.747  -13.190 0.3000000119
46418  -29.678  -19.329  -11.969 0.4000000060
45520  -28.879  -19.499  -13.284 0.4000000060
45522  -31.540  -19.991  -13.366 0.5000000000
46444  -30.669  -19.097  -13.615 0.4000000060
46442  -28.809  -18.908  -13.657 0.4000000060
46447  -35.322  -20.615  -13.452 0.4000000060
46445  -32.150  -19.201  -13.682 0.4000000060
48506  -30.003  -17.281  -14.366 0.4000000060
47456  -33.248  -18.681  -13.741 0.4000000060
125856  -34.785  -19.597  -13.545 0.4000000060
142859  -35.456  -19.373  -13.547 0.4000000060
122103  -36.026  -20.120  -13.402 0.4000000060
47466  -30.527  -17.772  -14.499 0.4000000060
47455  -31.729  -18.170  -14.268 0.3000000119
48507  -30.761  -16.931  -14.596 0.4000000060
49563  -30.583  -16.650  -14.462 0.4000000060
48494  -32.300  -17.593  -14.287 0.3000000119
48495  -33.588  -17.873  -13.874 0.4000000060
47457  -34.433  -18.773  -13.654 0.4000000060
47458  -36.591  -19.629  -13.530 0.4000000060
123874  -35.188  -17.498  -13.738 0.4000000060
48496  -35.111  -18.472  -13.648 0.5000000000
49546  -32.628  -16.749  -14.312 0.4000000060
119554  -33.929  -17.051  -13.729 0.4000000060
20590  -22.837  -47.613  1.381 0.6999999881
18054  -21.368  -50.223  9.593 0.6000000238
22205  -25.268  -45.424  10.751 0.6999999881
23217  -26.185  -43.992  5.478 0.8000000119
24080  -26.660  -43.723  7.948 0.8000000119
23151  -22.836  -44.262  10.384 0.6000000238
24972  -24.271  -42.884  10.376 0.6000000238
24974  -25.153  -42.675  10.292 0.6999999881
119695  -27.629  -42.127  4.937 0.8000000119
136012  -19.271  -46.573  6.202 0.4000000060
26920  -23.861  -40.664  -1.958 0.8000000119
26764  -23.938  -40.279  9.179 0.6000000238
25937  -22.037  -41.851  5.018 0.5000000000
128708  -28.615  -39.697  6.478 0.8000000119
119739  -28.531  -39.145  3.974 0.8000000119
27675  -26.951  -39.158  8.753 0.8000000119
30560  -20.347  -35.678  1.681 0.4000000060
28712  -22.690  -37.442  2.543 0.5000000000
30473  -26.003  -36.778  8.510 0.6999999881
31449  -28.601  -35.122  6.998 0.6999999881
33219  -26.755  -33.380  7.391 0.6999999881
36001  -26.354  -30.708  -3.099 0.8000000119
35087  -30.578  -31.181  -0.103 0.6999999881
35990  -30.433  -30.304  -1.260 0.6999999881
36870  -30.586  -29.124  4.200 0.6000000238
119386  -31.681  -30.263  0.662 0.6999999881
35980  -31.480  -30.124  -0.146 0.6000000238
36868  -28.496  -28.842  5.246 0.6000000238
38793  -30.808  -27.739  3.264 0.5000000000
40707  -31.702  -25.301  0.629 0.4000000060
41723  -30.239  -24.585  -5.436 0.6000000238
43608  -32.011  -22.163  -3.751 0.4000000060
46435  -28.673  -19.269  -13.137 0.4000000060
18972  -23.795  -49.470  -0.909 0.5000000000
18922  -21.530  -50.325  2.404 0.6999999881
20623  -27.288  -47.779  -2.083 0.5000000000
17257  -22.679  -51.477  11.756 0.5000000000
22356  -27.085  -46.422  -2.267 0.6999999881
20517  -25.002  -47.777  7.293 0.6999999881
140840  -24.461  -46.912  6.199 0.6999999881
21432  -24.568  -47.008  2.364 0.6999999881
23274  -24.795  -45.142  0.554 0.6999999881
21447  -24.219  -46.417  1.270 0.6999999881
25157  -29.740  -43.265  -3.310 0.5000000000
24206  -28.841  -43.885  -3.838 0.6000000238
26047  -29.612  -41.742  -3.932 0.5000000000
19669  -22.615  -48.200  10.150 0.6000000238
22292  -25.404  -45.581  4.816 0.6999999881
25154  -26.986  -42.713  -3.354 0.6999999881
19670  -23.472  -48.624  10.512 0.6000000238
141339  -25.481  -45.709  7.330 0.8000000119
131245  -29.617  -40.714  -2.292 0.4000000060
23165  -26.443  -44.494  9.278 0.8000000119
20494  -20.765  -47.259  10.028 0.6000000238
20493  -19.994  -47.488  9.708 0.6000000238
26033  -25.146  -41.797  -2.426 0.8000000119
120504  -23.225  -44.811  10.649 0.6999999881
122992  -26.606  -43.665  7.008 0.6999999881
18071  -18.426  -50.189  8.706 0.5000000000
26936  -29.175  -40.398  -3.457 0.5000000000
21354  -20.059  -46.286  9.123 0.6000000238
24172  -27.567  -43.294  1.593 0.8000000119
120990  -27.194  -38.589  -3.561 0.6999999881
28789  -28.965  -38.851  -2.883 0.6000000238
25886  -26.846  -41.565  8.513 0.6999999881
23177  -20.868  -44.314  8.272 0.6000000238
26889  -25.836  -40.733  -0.264 0.8999999762
27802  -23.600  -40.336  -1.188 0.8000000119
28788  -28.815  -38.010  -2.710 0.6000000238
21394  -19.230  -46.183  5.519 0.3000000119
21367  -20.202  -45.892  8.120 0.5000000000
21366  -19.827  -46.416  7.641 0.5000000000
20516  -19.170  -47.105  7.782 0.5000000000
20530  -19.033  -47.158  6.656 0.4000000060
123005  -27.545  -41.085  0.716 0.8999999762
134828  -24.024  -39.242  -2.729 0.8000000119
25870  -23.753  -41.177  9.514 0.6000000238
25885  -23.011  -41.266  9.168 0.6000000238
27661  -24.758  -40.103  9.143 0.6000000238
127719  -26.672  -40.015  8.733 0.8000000119
25002  -21.476  -42.561  8.379 0.5000000000
22243  -20.062  -45.899  7.149 0.4000000060
22259  -19.826  -44.911  6.671 0.5000000000
23188  -20.407  -44.546  7.515 0.5000000000
31560  -28.701  -35.361  -2.214 0.6000000238
32438  -29.976  -34.637  -1.848 0.4000000060
25884  -22.540  -41.071  8.498 0.6000000238
25074  -21.623  -42.459  4.394 0.5000000000
24113  -20.067  -43.712  5.903 0.5000000000
25899  -21.371  -41.957  7.578 0.5000000000
25034  -20.434  -43.045  6.451 0.5000000000
28640  -28.594  -38.271  7.325 0.6999999881
27671  -23.439  -39.832  8.547 0.6000000238
25971  -23.122  -41.187  3.489 0.5000000000
26846  -23.565  -41.201  4.150 0.6000000238
25938  -23.022  -41.554  4.618 0.5000000000
130295  -23.585  -40.732  3.761 0.6000000238
25956  -22.414  -41.999  4.081 0.5000000000
130492  -20.092  -36.691  0.597 0.6000000238
27769  -21.487  -38.744  1.820 0.6000000238
121991  -23.409  -40.639  5.993 0.6000000238
26827  -23.895  -40.279  5.404 0.6000000238
25915  -21.590  -41.766  5.965 0.5000000000
26808  -22.781  -40.796  6.618 0.5000000000
29601  -29.335  -37.232  5.286 0.6999999881
29619  -29.346  -37.219  4.533 0.6999999881
28766  -26.347  -38.407  -0.449 0.8000000119
26847  -23.903  -40.442  4.395 0.6000000238
131287  -23.694  -40.039  6.202 0.6000000238
28675  -23.880  -38.440  5.446 0.6000000238
30579  -22.521  -35.602  2.164 0.4000000060
132688  -22.999  -36.543  2.607 0.4000000060
29599  -23.810  -37.528  4.608 0.5000000000
32395  -22.235  -34.569  2.285 0.4000000060
30588  -28.710  -36.578  1.766 0.6999999881
30604  -22.329  -37.410  -1.311 0.8000000119
129312  -28.032  -33.108  -3.501 0.6999999881
140517  -24.468  -37.018  6.353 0.6999999881
30494  -24.947  -36.600  7.352 0.6999999881
32375  -22.082  -33.958  2.702 0.4000000060
33348  -25.232  -33.878  -4.114 0.8000000119
31431  -25.652  -35.642  7.712 0.6999999881
29600  -24.093  -36.897  5.311 0.6000000238
30545  -23.949  -36.230  4.944 0.5000000000
34148  -23.442  -32.521  3.867 0.3000000119
131892  -28.942  -35.816  2.430 0.6999999881
32377  -29.772  -34.805  3.644 0.6999999881
136025  -24.796  -33.179  -4.463 0.8000000119
33366  -27.560  -32.574  -4.130 0.6000000238
34270  -26.691  -31.587  -5.319 0.6000000238
34269  -25.769  -31.606  -5.322 0.8000000119
33246  -24.555  -33.986  5.750 0.6000000238
138958  -27.317  -33.993  7.414 0.6999999881
31510  -28.877  -34.960  2.343 0.6999999881
33321  -26.449  -33.699  -0.605 0.8000000119
33363  -22.832  -33.172  -4.019 0.8000000119
34248  -25.140  -32.342  -4.862 0.8000000119
32324  -29.318  -34.243  6.279 0.6999999881
33248  -30.377  -33.219  4.894 0.6999999881
33275  -30.200  -33.395  3.399 0.6999999881
33301  -29.203  -33.558  2.074 0.6999999881
34181  -30.221  -32.850  2.829 0.6999999881
33300  -28.789  -33.323  1.405 0.6999999881
34192  -30.123  -32.595  1.868 0.6999999881
119084  -30.142  -31.629  -0.020 0.6999999881
129815  -26.320  -32.554  -1.496 0.8000000119
34230  -26.714  -31.891  -2.000 0.8000000119
33233  -29.546  -33.420  6.153 0.6999999881
34140  -30.152  -32.598  5.181 0.6999999881
34150  -30.465  -32.703  4.449 0.6999999881
36865  -25.726  -29.610  4.831 0.3000000119
36851  -27.184  -29.596  5.843 0.5000000000
35063  -30.673  -32.082  2.574 0.6999999881
37807  -25.686  -28.535  3.569 0.3000000119
35071  -31.141  -31.067  1.612 0.6999999881
124733  -27.794  -27.445  3.543 0.3000000119
35050  -30.874  -31.450  3.437 0.6999999881
124650  -26.786  -27.431  2.582 0.3000000119
39780  -27.654  -26.673  2.462 0.3000000119
131520  -26.619  -28.771  -6.011 0.6999999881
37786  -28.833  -28.281  4.725 0.6000000238
37787  -29.852  -28.420  4.559 0.6000000238
38778  -29.179  -27.710  4.242 0.4000000060
36895  -31.077  -29.821  3.786 0.6999999881
35948  -31.209  -30.560  3.233 0.6999999881
35960  -31.427  -30.479  2.342 0.6999999881
36916  -31.968  -29.561  0.340 0.6000000238
38873  -29.084  -27.722  -3.466 0.8000000119
38888  -27.942  -26.989  -4.339 0.8000000119
39856  -26.469  -26.530  -4.830 0.8000000119
38790  -28.547  -27.291  3.669 0.3000000119
39770  -28.895  -26.717  3.262 0.3000000119
37824  -31.636  -28.298  2.369 0.5000000000
41633  -27.218  -24.516  0.532 0.3000000119
41619  -28.459  -24.913  1.388 0.3000000119
138533  -31.784  -27.011  1.725 0.5000000000
37841  -32.126  -28.791  0.087 0.6000000238
36947  -30.003  -29.271  -2.250 0.8000000119
39831  -31.672  -26.748  -1.428 0.6000000238
38889  -28.792  -27.024  -3.909 0.6999999881
39895  -27.032  -26.723  -7.053 0.6999999881
40682  -29.487  -25.504  2.094 0.3000000119
41634  -28.132  -24.464  0.805 0.3000000119
42592  -26.882  -23.465  -0.574 0.3000000119
42594  -28.673  -23.258  -0.174 0.3000000119
38835  -31.972  -27.014  -0.828 0.6000000238
39906  -24.581  -25.550  -7.031 0.6999999881
40803  -24.608  -25.122  -7.594 0.6999999881
38924  -29.474  -28.156  -8.314 0.5000000000
41637  -31.370  -24.591  0.303 0.4000000060
41746  -25.079  -24.347  -7.988 0.6000000238
42707  -25.817  -22.831  -9.324 0.6000000238
39919  -29.314  -26.705  -9.064 0.6000000238
44474  -29.311  -21.702  -1.935 0.4000000060
45413  -26.308  -20.543  -3.486 0.3000000119
46332  -26.817  -19.698  -4.017 0.3000000119
127656  -31.466  -23.627  -4.783 0.5000000000
41753  -25.463  -24.113  -8.483 0.5000000000
42650  -31.776  -23.747  -3.494 0.4000000060
135564  -27.963  -20.203  -3.522 0.4000000060
46334  -28.562  -19.788  -3.783 0.4000000060
42689  -31.201  -23.131  -5.990 0.5000000000
42661  -32.060  -22.539  -4.305 0.4000000060
44548  -31.757  -21.828  -6.462 0.4000000060
49472  -27.354  -16.566  -7.592 0.3000000119
49474  -28.946  -16.062  -7.036 0.4000000060
44576  -29.144  -21.535  -10.466 0.5000000000
47454  -29.894  -18.398  -14.189 0.4000000060
47465  -29.656  -17.897  -14.309 0.4000000060
48497  -36.517  -18.812  -13.852 0.4000000060
49565  -31.830  -15.660  -14.867 0.4000000060
47459  -37.906  -19.157  -14.125 0.3000000119
118847  -25.987  -53.410  4.909 0.5000000000
15810  -23.745  -53.181  4.171 0.5000000000
15016  -24.597  -54.594  8.816 0.4000000060
15756  -26.088  -53.760  7.668 0.5000000000
15774  -26.181  -53.781  6.747 0.5000000000
15796  -26.392  -53.206  5.900 0.5000000000
16572  -25.384  -52.662  4.788 0.6000000238
16561  -23.644  -51.924  5.188 0.6000000238
15746  -26.304  -53.350  8.257 0.5000000000
15741  -26.026  -53.413  9.200 0.5000000000
15757  -26.446  -53.192  7.386 0.5000000000
127173  -26.564  -52.521  7.099 0.5000000000
15733  -25.666  -53.225  10.187 0.5000000000
16550  -26.070  -51.915  6.071 0.6000000238
18098  -23.903  -50.770  5.695 0.6000000238
16562  -24.929  -51.976  5.107 0.6000000238
17336  -23.343  -51.291  5.352 0.6000000238
17335  -22.847  -51.252  5.028 0.6000000238
139249  -23.339  -50.792  5.350 0.6000000238
17344  -22.065  -51.757  4.821 0.6000000238
18110  -21.654  -50.880  3.452 0.6000000238
18103  -22.223  -50.718  4.083 0.6000000238
16500  -26.295  -52.627  9.718 0.5000000000
16530  -26.557  -52.632  7.943 0.5000000000
17330  -26.316  -51.856  6.748 0.6000000238
16491  -25.231  -52.835  11.083 0.5000000000
16493  -26.387  -51.789  10.127 0.5000000000
17328  -24.821  -50.911  5.993 0.6000000238
16473  -23.870  -52.118  11.923 0.5000000000
16483  -25.360  -51.949  11.416 0.5000000000
18911  -23.798  -50.118  5.531 0.6000000238
18916  -22.907  -50.089  4.449 0.6000000238
18936  -21.898  -49.618  2.215 0.6000000238
138463  -26.612  -52.111  8.445 0.5000000000
17320  -26.482  -51.794  7.691 0.5000000000
17269  -25.963  -51.498  11.001 0.5000000000
17283  -26.501  -51.054  9.509 0.5000000000
124520  -26.595  -51.971  9.210 0.5000000000
18085  -26.152  -50.875  7.941 0.5000000000
18092  -25.303  -50.544  6.564 0.6000000238
17259  -24.586  -51.451  11.730 0.5000000000
17260  -25.435  -51.055  11.511 0.5000000000
18091  -24.510  -50.215  6.051 0.6000000238
17258  -23.596  -51.416  11.812 0.5000000000
18024  -24.042  -50.713  11.528 0.5000000000
18910  -23.988  -49.435  5.582 0.6000000238
119779  -23.515  -49.700  5.142 0.6000000238
18923  -22.288  -50.089  3.366 0.6000000238
18924  -23.057  -49.374  3.730 0.6000000238
17270  -26.290  -51.004  10.447 0.5000000000
18885  -26.500  -49.671  8.814 0.5000000000
18895  -26.030  -49.994  8.056 0.6000000238
18884  -26.021  -49.015  8.154 0.6000000238
18027  -26.186  -49.963  11.076 0.5000000000
18084  -25.672  -50.282  7.290 0.6000000238
18894  -25.467  -49.480  7.365 0.6000000238
17268  -22.217  -51.035  10.934 0.5000000000
18827  -26.334  -49.260  10.821 0.5000000000
132729  -26.562  -49.838  10.369 0.5000000000
18868  -26.733  -49.377  9.631 0.5000000000
19702  -26.454  -48.284  8.540 0.6000000238
18825  -24.357  -49.995  11.311 0.5000000000
18039  -23.548  -50.125  11.033 0.5000000000
18843  -23.909  -49.406  10.905 0.6000000238
20482  -26.465  -48.093  10.575 0.6000000238
19690  -26.843  -48.553  9.906 0.5000000000
19703  -26.858  -48.026  9.168 0.5000000000
20506  -26.413  -47.453  8.545 0.6000000238
124502  -25.063  -48.973  11.258 0.6000000238
19650  -25.576  -48.567  11.173 0.6000000238
19710  -25.806  -48.061  7.910 0.6000000238
18842  -23.092  -49.527  10.526 0.5000000000
19671  -24.368  -48.733  10.953 0.6000000238
18037  -21.845  -50.535  10.129 0.4000000060
19649  -25.002  -48.171  11.080 0.6000000238
20466  -25.791  -47.801  10.989 0.6000000238
127185  -26.280  -47.297  10.478 0.6000000238
20495  -26.759  -47.694  9.951 0.5000000000
20518  -25.541  -47.180  7.763 0.6000000238
20507  -26.594  -46.718  9.150 0.6999999881
29697  -28.481  -37.205  -2.582 0.5000000000
35003  -27.583  -31.250  6.949 0.5000000000
141413  -29.789  -30.594  -1.527 0.6000000238
36042  -26.612  -30.243  -5.971 0.5000000000
135291  -28.679  -29.999  -6.142 0.5000000000
47461  -38.279  -18.621  -14.114 0.3000000119
49551  -38.314  -17.231  -14.052 0.3000000119
50744  -38.383  -16.315  -14.331 0.3000000119
15004  -23.761  -54.906  9.007 0.4000000060
15027  -24.833  -55.009  7.406 0.5000000000
15039  -25.545  -54.717  6.496 0.5000000000
15809  -22.324  -53.165  4.241 0.5000000000
15740  -25.116  -54.026  9.592 0.4000000060
16570  -22.994  -52.542  4.778 0.6000000238
17345  -22.650  -51.860  5.098 0.6000000238
16569  -21.956  -52.450  4.673 0.5000000000
16568  -21.429  -52.251  4.299 0.5000000000
14991  -24.293  -54.233  10.168 0.4000000060
15732  -24.874  -53.602  10.615 0.5000000000
16482  -23.995  -52.828  11.932 0.5000000000
125760  -22.717  -52.556  12.444 0.3000000119
16481  -21.314  -52.169  12.112 0.4000000060
16490  -20.436  -52.217  10.837 0.4000000060
29686  -29.896  -37.465  -1.540 0.4000000060
30617  -29.885  -36.430  -1.573 0.4000000060
36852  -28.150  -29.393  5.661 0.5000000000
36044  -29.098  -30.601  -6.161 0.5000000000
128423  -29.538  -29.631  -7.003 0.5000000000
39798  -32.073  -26.811  1.136 0.4000000060
48510  -38.084  -17.959  -14.322 0.3000000119
51874  -38.536  -15.457  -14.554 0.3000000119
140551  -24.245  -54.549  9.466 0.4000000060
18905  -25.004  -49.813  6.687 0.6000000238
18055  -22.210  -49.722  9.996 0.5000000000
18023  -23.150  -50.826  11.299 0.5000000000
17244  -22.191  -52.127  12.315 0.4000000060
122391  -24.940  -54.660  8.083 0.4000000060
15775  -26.517  -53.053  6.667 0.5000000000
16563  -25.942  -52.425  5.455 0.6000000238
16512  -26.475  -52.705  8.798 0.5000000000
18074  -26.428  -50.534  8.720 0.5000000000
18056  -26.597  -50.176  9.514 0.5000000000
18025  -24.884  -50.538  11.577 0.5000000000
18826  -25.740  -49.327  11.245 0.5000000000
49550  -37.186  -17.966  -14.404 0.4000000060
15731  -24.217  -53.888  11.064 0.4000000060
17351  -21.361  -51.753  3.532 0.4000000060
15723  -23.997  -53.458  11.694 0.4000000060
24126  -21.217  -43.158  3.826 0.4000000060
24125  -20.574  -43.763  4.312 0.3000000119
124880  -20.356  -43.505  5.127 0.4000000060
21382  -19.594  -45.914  6.364 0.4000000060
25106  -21.543  -42.419  2.651 0.4000000060
25092  -21.819  -42.491  3.513 0.4000000060
27790  -18.496  -38.883  -0.658 0.4000000060
27783  -19.991  -39.046  0.059 0.4000000060
25983  -21.698  -41.586  2.406 0.4000000060
25984  -22.396  -41.008  2.777 0.4000000060
26857  -18.680  -39.818  2.731 0.3000000119
28726  -18.203  -38.205  0.294 0.3000000119
129247  -19.013  -38.696  2.574 0.4000000060
27784  -20.983  -39.448  1.339 0.4000000060
28727  -18.667  -37.885  1.120 0.4000000060
27782  -18.393  -38.296  -0.139 0.5000000000
28710  -19.073  -37.631  2.033 0.4000000060
124452  -19.186  -36.947  1.119 0.4000000060
28742  -19.554  -36.968  0.450 0.5000000000
29634  -19.592  -37.069  2.248 0.4000000060
37784  -26.940  -28.480  4.371 0.3000000119
39784  -31.261  -26.842  2.335 0.3000000119
40683  -30.162  -25.827  2.314 0.3000000119
39796  -30.910  -26.025  2.053 0.3000000119
39797  -31.590  -26.364  1.629 0.3000000119
39806  -31.958  -26.058  0.921 0.3000000119
43543  -30.213  -22.638  -0.820 0.3000000119
44565  -29.765  -21.858  -9.413 0.4000000060
45483  -29.658  -20.931  -10.624 0.4000000060
44473  -28.461  -21.599  -2.152 0.3000000119
44492  -28.477  -20.969  -2.611 0.3000000119
44577  -30.961  -21.118  -9.196 0.3000000119
45484  -30.655  -20.753  -10.044 0.4000000060
47426  -28.960  -18.863  -12.747 0.3000000119
44475  -30.296  -21.778  -1.858 0.3000000119
44494  -30.881  -21.432  -2.386 0.3000000119
142267  -29.103  -21.267  -2.349 0.3000000119
44493  -29.917  -21.255  -2.310 0.3000000119
45393  -30.450  -20.791  -2.751 0.3000000119
45394  -31.211  -20.951  -2.963 0.3000000119
43607  -31.758  -22.105  -3.105 0.3000000119
129854  -30.138  -20.330  -3.141 0.3000000119
45416  -30.853  -20.391  -3.273 0.3000000119
46337  -31.175  -19.879  -3.864 0.3000000119
44529  -32.047  -20.999  -4.212 0.3000000119
44513  -32.135  -21.781  -4.320 0.3000000119
43620  -32.123  -22.095  -5.036 0.3000000119
46335  -29.523  -19.976  -3.493 0.3000000119
43619  -31.730  -22.944  -5.063 0.3000000119
46351  -28.354  -19.141  -4.405 0.3000000119
47358  -28.607  -18.438  -5.041 0.3000000119
43636  -31.794  -22.350  -5.791 0.3000000119
44557  -31.681  -21.382  -7.333 0.3000000119
45461  -31.857  -20.677  -7.882 0.3000000119
44566  -31.350  -21.284  -8.325 0.3000000119
45470  -31.604  -20.627  -8.686 0.3000000119
50673  -28.232  -15.241  -8.239 0.3000000119
50686  -26.964  -15.351  -8.977 0.3000000119
46410  -30.532  -19.792  -11.159 0.3000000119
48492  -29.153  -18.112  -13.701 0.3000000119
45417  -31.500  -20.597  -3.599 0.3000000119
46353  -30.315  -19.408  -3.884 0.3000000119
44530  -32.290  -21.302  -4.970 0.3000000119
46352  -29.314  -19.306  -4.103 0.3000000119
46355  -32.302  -20.012  -5.223 0.3000000119
45448  -32.354  -20.673  -5.651 0.3000000119
44544  -32.181  -21.551  -5.714 0.3000000119
47341  -29.175  -18.744  -4.596 0.3000000119
47342  -30.074  -18.733  -4.407 0.3000000119
47343  -31.205  -19.031  -4.469 0.3000000119
47357  -27.927  -18.137  -5.662 0.3000000119
48393  -28.890  -17.799  -5.624 0.3000000119
47359  -29.643  -18.092  -5.020 0.3000000119
135926  -32.219  -20.593  -7.106 0.3000000119
49455  -28.522  -16.778  -6.711 0.3000000119
45471  -32.013  -20.015  -8.957 0.3000000119
50659  -28.602  -15.655  -7.649 0.3000000119
130572  -29.045  -14.981  -7.974 0.3000000119
51800  -29.519  -14.318  -8.299 0.3000000119
124969  -31.389  -20.424  -9.496 0.3000000119
46411  -31.365  -19.403  -10.600 0.3000000119
47419  -30.795  -19.027  -11.427 0.3000000119
48462  -30.319  -17.623  -12.630 0.3000000119
48493  -29.647  -17.422  -13.960 0.3000000119
48461  -29.368  -18.135  -12.983 0.3000000119
45433  -31.812  -20.337  -4.173 0.3000000119
46354  -31.891  -19.807  -4.555 0.3000000119
46371  -32.445  -19.730  -5.993 0.3000000119
48395  -30.432  -17.616  -5.394 0.3000000119
47361  -31.659  -18.448  -5.229 0.3000000119
46370  -32.105  -19.249  -5.140 0.3000000119
142175  -32.391  -20.397  -6.417 0.3000000119
129720  -29.265  -17.113  -6.151 0.3000000119
48411  -30.223  -17.124  -5.919 0.3000000119
46393  -32.436  -19.558  -8.278 0.3000000119
49475  -29.797  -15.976  -6.880 0.3000000119
51787  -29.955  -14.842  -7.737 0.3000000119
46403  -32.405  -19.313  -9.224 0.3000000119
51801  -30.423  -14.157  -8.044 0.3000000119
46402  -31.736  -19.702  -9.749 0.3000000119
52920  -29.925  -13.526  -8.561 0.3000000119
47420  -31.634  -18.645  -10.879 0.3000000119
47428  -31.070  -18.238  -11.701 0.3000000119
49527  -30.122  -16.977  -13.483 0.3000000119
121424  -31.025  -16.736  -6.267 0.3000000119
136568  -31.789  -16.845  -6.432 0.3000000119
124888  -32.521  -18.138  -6.507 0.3000000119
46379  -32.626  -19.037  -6.802 0.3000000119
45454  -32.486  -19.891  -6.896 0.3000000119
49457  -30.061  -16.587  -6.426 0.3000000119
48427  -32.659  -17.529  -7.094 0.3000000119
46387  -32.548  -19.501  -7.453 0.3000000119
50651  -30.727  -16.045  -6.792 0.3000000119
49458  -31.670  -16.217  -6.866 0.3000000119
50660  -30.365  -15.437  -7.286 0.3000000119
51802  -31.398  -14.123  -7.981 0.3000000119
52922  -31.782  -13.552  -8.527 0.3000000119
48447  -32.862  -17.870  -9.740 0.3000000119
46412  -32.095  -18.983  -10.065 0.3000000119
54012  -30.526  -13.080  -8.823 0.3000000119
54013  -31.248  -13.040  -8.918 0.3000000119
47421  -32.383  -18.156  -10.436 0.3000000119
47429  -31.829  -18.007  -11.190 0.3000000119
48463  -31.397  -17.402  -11.843 0.3000000119
49544  -30.243  -16.755  -14.129 0.3000000119
48413  -32.174  -17.383  -6.408 0.3000000119
49459  -32.275  -16.800  -6.915 0.3000000119
138177  -32.845  -18.309  -7.312 0.3000000119
47389  -32.999  -18.374  -7.974 0.3000000119
50661  -31.285  -15.482  -7.264 0.3000000119
49477  -32.322  -16.247  -7.328 0.3000000119
118563  -32.807  -18.941  -7.721 0.3000000119
51789  -31.807  -14.840  -7.687 0.3000000119
51803  -32.337  -14.227  -8.282 0.3000000119
48448  -33.225  -17.297  -9.449 0.3000000119
55199  -30.858  -11.900  -9.617 0.3000000119
52934  -32.525  -13.530  -8.858 0.3000000119
54030  -30.694  -12.575  -9.224 0.3000000119
54014  -32.006  -13.037  -8.981 0.3000000119
54032  -32.603  -12.852  -9.494 0.3000000119
48455  -32.855  -17.329  -10.296 0.3000000119
48464  -32.331  -17.435  -11.178 0.3000000119
49519  -30.846  -16.644  -12.739 0.3000000119
49528  -30.641  -16.169  -13.694 0.3000000119
49545  -30.837  -16.075  -14.367 0.3000000119
48428  -33.030  -17.754  -7.843 0.3000000119
47390  -33.111  -18.061  -8.428 0.3000000119
49491  -32.715  -15.965  -7.919 0.3000000119
49492  -33.266  -16.441  -8.558 0.3000000119
48438  -33.272  -17.330  -8.604 0.3000000119
51790  -32.552  -15.100  -7.990 0.3000000119
50674  -33.155  -15.572  -8.573 0.3000000119
50675  -33.502  -16.020  -9.242 0.3000000119
49512  -33.319  -16.491  -9.963 0.3000000119
55200  -31.601  -11.743  -9.831 0.3000000119
51816  -32.943  -14.049  -8.824 0.3000000119
134995  -32.778  -16.643  -11.038 0.3000000119
55201  -32.367  -12.013  -9.865 0.3000000119
54047  -32.980  -12.457  -10.138 0.3000000119
52935  -33.136  -13.647  -9.428 0.3000000119
51817  -33.304  -14.410  -9.361 0.3000000119
136101  -32.018  -16.637  -12.003 0.3000000119
50707  -31.393  -15.665  -12.947 0.3000000119
50720  -31.101  -15.383  -14.086 0.3000000119
49547  -32.960  -15.851  -14.317 0.3000000119
50737  -31.441  -15.452  -14.673 0.3000000119
55222  -32.009  -11.302  -10.362 0.3000000119
126854  -33.395  -15.190  -9.277 0.3000000119
50687  -33.516  -15.560  -9.967 0.3000000119
55223  -33.005  -11.712  -10.555 0.3000000119
54033  -33.287  -13.196  -10.213 0.3000000119
128089  -33.498  -14.841  -9.891 0.3000000119
50699  -33.421  -14.924  -10.662 0.3000000119
49520  -32.534  -15.880  -11.895 0.3000000119
50708  -32.252  -15.012  -12.489 0.3000000119
51870  -32.027  -14.208  -14.008 0.3000000119
51885  -32.244  -14.422  -14.647 0.3000000119
50738  -31.615  -14.825  -14.547 0.3000000119
50754  -32.279  -14.904  -14.896 0.3000000119
50753  -31.789  -14.958  -14.997 0.3000000119
56322  -31.918  -10.542  -10.805 0.3000000119
135904  -32.614  -10.956  -10.812 0.3000000119
55240  -33.297  -11.145  -11.387 0.3000000119
52969  -33.549  -13.397  -11.101 0.3000000119
51847  -33.426  -14.230  -11.116 0.3000000119
50709  -32.977  -15.146  -11.514 0.3000000119
130750  -33.473  -12.589  -12.555 0.3000000119
51846  -32.922  -14.430  -12.005 0.3000000119
52994  -32.522  -13.600  -14.167 0.3000000119
51860  -32.277  -14.411  -13.073 0.3000000119
53003  -32.760  -13.625  -14.476 0.3000000119
50739  -33.369  -15.046  -14.283 0.3000000119
51886  -32.779  -14.219  -14.580 0.3000000119
140499  -35.245  -16.876  -13.796 0.3000000119
49548  -34.359  -16.221  -13.761 0.3000000119
49549  -36.234  -17.611  -13.953 0.3000000119
56323  -32.612  -10.325  -11.345 0.3000000119
140680  -33.574  -11.948  -11.235 0.3000000119
55241  -33.695  -11.866  -12.216 0.3000000119
54088  -33.389  -12.386  -13.429 0.3000000119
52987  -33.008  -13.046  -13.369 0.3000000119
52995  -32.913  -12.966  -14.225 0.3000000119
52986  -32.744  -13.772  -12.992 0.3000000119
51872  -34.866  -14.639  -13.817 0.3000000119
127162  -35.388  -16.353  -13.886 0.3000000119
50742  -36.514  -16.779  -14.389 0.3000000119
123715  -33.606  -11.048  -12.249 0.3000000119
127254  -21.081  -50.465  1.394 0.4000000060
27768  -18.080  -38.971  1.167 0.3000000119
26867  -21.471  -40.658  1.971 0.4000000060
25970  -22.390  -41.765  3.252 0.4000000060
28753  -19.162  -38.090  -0.236 0.4000000060
30575  -19.644  -36.013  0.798 0.4000000060
29657  -19.557  -36.397  0.727 0.4000000060
36867  -27.499  -28.905  5.148 0.3000000119
40697  -31.329  -25.572  1.425 0.3000000119
45415  -29.458  -20.685  -2.805 0.3000000119
44495  -31.446  -21.549  -2.830 0.3000000119
135076  -30.602  -21.636  -8.724 0.4000000060
48410  -28.337  -17.482  -6.208 0.3000000119
51799  -28.592  -14.449  -8.615 0.3000000119
27781  -17.810  -38.941  -0.082 0.4000000060
26886  -18.197  -39.757  -0.436 0.4000000060
25995  -20.245  -41.089  0.322 0.4000000060
26878  -20.607  -40.290  0.895 0.4000000060
27742  -19.568  -39.655  3.823 0.3000000119
138236  -32.027  -20.190  -8.268 0.3000000119
47360  -30.780  -18.172  -4.847 0.3000000119
44549  -32.204  -21.078  -6.441 0.3000000119
48394  -29.668  -17.545  -5.633 0.3000000119
52919  -29.161  -13.863  -8.733 0.3000000119
129236  -28.584  -13.728  -9.147 0.3000000119
47362  -32.346  -18.731  -5.858 0.3000000119
129234  -30.932  -17.263  -5.753 0.3000000119
48412  -31.567  -17.293  -5.986 0.3000000119
48397  -31.998  -17.915  -5.829 0.3000000119
47410  -32.654  -18.534  -9.530 0.3000000119
47402  -32.842  -18.723  -8.625 0.3000000119
51788  -30.900  -14.792  -7.614 0.3000000119
49478  -32.847  -16.861  -7.731 0.3000000119
125376  -30.042  -12.211  -9.632 0.3000000119
49521  -33.181  -15.803  -10.829 0.3000000119
50721  -31.577  -14.796  -13.616 0.3000000119
55224  -33.485  -12.553  -10.795 0.3000000119
52949  -33.462  -14.111  -10.248 0.3000000119
54066  -33.586  -12.574  -11.617 0.3000000119
52968  -33.260  -13.779  -11.787 0.3000000119
50740  -34.588  -15.284  -13.785 0.3000000119
54103  -33.431  -12.347  -14.166 0.3000000119
26876  -17.760  -39.698  0.614 0.4000000060
28778  -29.829  -38.224  -1.594 0.4000000060
130720  -19.712  -53.003  7.628 0.3000000119
135298  -19.753  -53.208  8.189 0.3000000119
16527  -18.235  -52.477  7.406 0.3000000119
15745  -20.018  -52.481  8.335 0.3000000119
27743  -19.907  -38.964  3.780 0.3000000119
28711  -19.746  -38.126  3.156 0.3000000119
28692  -20.280  -38.434  4.359 0.3000000119
25105  -20.966  -42.782  1.775 0.3000000119
26004  -19.495  -40.673  -0.303 0.3000000119
25996  -20.973  -41.356  1.438 0.3000000119
26877  -19.757  -40.007  -0.192 0.3000000119
24145  -21.264  -43.113  2.936 0.3000000119
25115  -21.154  -42.086  1.886 0.3000000119
26003  -18.822  -40.766  -0.475 0.3000000119
25114  -20.483  -42.191  0.841 0.3000000119
27818  -30.057  -38.909  -1.006 0.3000000119
15017  -25.601  -54.071  8.459 0.4000000060
15028  -25.571  -54.354  7.478 0.4000000060
15719  -23.527  -53.325  12.179 0.5000000000
15724  -24.525  -53.181  11.411 0.5000000000
15730  -19.262  -53.178  10.814 0.4000000060
15797  -26.409  -52.496  6.292 0.5000000000
15811  -25.099  -53.192  4.246 0.5000000000
16472  -23.310  -52.676  12.210 0.3000000119
16492  -25.905  -52.373  10.653 0.5000000000
16571  -24.287  -52.570  4.715 0.6000000238
16580  -21.339  -53.013  4.048 0.4000000060
17245  -23.068  -52.025  12.159 0.3000000119
17256  -21.840  -51.665  11.635 0.5000000000
17261  -25.998  -50.692  11.138 0.5000000000
17267  -21.422  -51.119  10.237 0.4000000060
17282  -21.115  -50.861  9.578 0.6000000238
17302  -20.872  -50.619  9.195 0.5000000000
17303  -26.489  -51.400  8.594 0.5000000000
17318  -19.959  -51.732  7.893 0.5000000000
17319  -26.002  -51.088  7.113 0.5000000000
17329  -25.692  -51.295  6.377 0.6000000238
17337  -24.273  -51.375  5.579 0.6000000238
17338  -25.370  -51.602  5.728 0.6000000238
17343  -21.808  -51.428  4.247 0.5000000000
18026  -25.564  -50.217  11.400 0.5000000000
18070  -17.492  -49.898  8.447 0.4000000060
18097  -23.160  -50.521  5.044 0.6000000238
18104  -22.494  -50.992  4.654 0.6000000238
18123  -21.272  -51.130  2.497 0.4000000060
18155  -21.206  -49.944  -0.305 0.4000000060
18844  -24.564  -49.373  11.204 0.6000000238
18845  -26.639  -49.143  10.286 0.5000000000
18880  -18.161  -49.324  8.915 0.3000000119
18881  -19.006  -49.584  9.120 0.6000000238
18893  -24.824  -49.127  6.733 0.6999999881
18904  -24.377  -49.475  6.103 0.6999999881
18971  -22.742  -49.368  -0.751 0.5000000000
19651  -26.131  -48.612  11.001 0.6000000238
19672  -26.513  -48.720  10.565 0.5000000000
19685  -18.662  -48.040  9.195 0.5000000000
19701  -18.183  -48.540  8.845 0.4000000060
19744  -22.607  -49.385  2.896 0.6000000238
19759  -22.956  -48.212  2.133 0.6999999881
19770  -22.231  -47.804  0.216 0.6999999881
19779  -21.673  -48.729  -0.341 0.6999999881
19788  -22.381  -48.797  -0.757 0.6999999881
20478  -21.465  -47.055  10.242 0.6000000238
20492  -19.274  -47.713  9.429 0.6000000238
20540  -24.188  -48.195  5.230 0.6999999881
20573  -23.946  -47.527  2.477 0.6999999881
20621  -25.188  -47.166  -1.953 0.6999999881
21314  -25.093  -46.234  10.883 0.6000000238
21331  -23.414  -46.254  10.785 0.6000000238
21368  -24.881  -47.011  7.223 0.6999999881
21369  -25.338  -46.323  7.434 0.6999999881
21370  -26.072  -45.696  7.888 0.8000000119
21395  -24.467  -46.475  5.828 0.6999999881
22216  -21.033  -45.432  9.837 0.6000000238
22245  -25.619  -45.139  7.211 0.8000000119
22260  -24.720  -45.755  6.159 0.6999999881
22302  -25.788  -45.963  3.976 0.6999999881
22315  -25.836  -46.061  2.057 0.6999999881
22325  -23.724  -46.017  0.528 0.6999999881
22354  -24.835  -45.240  -1.575 0.6999999881
23154  -25.677  -44.843  10.467 0.8000000119
23178  -26.487  -44.401  8.308 0.8000000119
23231  -25.763  -44.806  5.141 0.6999999881
23245  -26.978  -45.039  3.801 0.6999999881
23277  -27.571  -43.944  1.888 0.8000000119
24039  -22.958  -43.581  10.196 0.6000000238
24052  -21.720  -43.730  9.242 0.6000000238
24093  -26.543  -43.470  6.161 0.8000000119
24159  -27.824  -43.430  2.426 0.8000000119
24194  -25.390  -44.086  -1.882 0.6999999881
24973  -24.660  -42.248  10.142 0.6999999881
24991  -25.718  -42.363  9.915 0.6999999881
25003  -22.061  -42.417  8.977 0.6000000238
25035  -20.898  -42.365  6.177 0.5000000000
25037  -27.386  -42.524  6.424 0.8000000119
25057  -20.524  -42.924  5.619 0.5000000000
25108  -28.166  -42.010  2.534 0.8999999762
25117  -27.015  -43.037  0.889 0.6999999881
25135  -24.668  -42.339  -0.805 0.8000000119
25155  -28.442  -43.073  -3.907 0.6000000238
25855  -25.144  -42.047  10.042 0.6999999881
25918  -28.141  -41.151  6.206 0.8000000119
25958  -27.949  -41.527  4.947 0.8000000119
25972  -28.265  -41.156  3.818 0.8000000119
25997  -27.700  -41.706  1.156 0.8999999762
26005  -24.417  -41.378  -0.776 0.8000000119
26008  -27.088  -41.650  0.500 0.8999999762
26048  -29.911  -41.760  -3.738 0.5000000000
26776  -22.934  -40.412  8.320 0.6000000238
26826  -23.619  -41.036  5.058 0.6000000238
26859  -23.533  -40.064  3.736 0.6000000238
26887  -18.995  -39.830  -0.820 0.4000000060
26890  -27.671  -40.375  0.697 0.8000000119
26910  -23.894  -40.846  -1.498 0.8000000119
26924  -29.520  -40.578  -3.183 0.5000000000
26933  -27.080  -40.215  -3.557 0.6999999881
26935  -28.926  -40.876  -3.774 0.5000000000
27670  -22.973  -39.999  7.889 0.6000000238
27687  -27.805  -39.203  8.104 0.8000000119
27723  -28.892  -38.984  6.127 0.8000000119
27745  -28.463  -39.909  4.130 0.8000000119
27791  -19.219  -39.099  -0.618 0.3000000119
27793  -25.318  -39.829  -0.438 0.8999999762
27801  -23.428  -39.586  -1.041 1.0000000000
27847  -28.839  -39.619  -3.302 0.5000000000
28654  -23.798  -38.609  6.512 0.8000000119
28713  -23.310  -38.448  3.392 0.5000000000
28714  -28.584  -38.843  3.255 0.8000000119
28741  -18.992  -37.474  0.385 0.5000000000
28767  -27.072  -38.614  -0.191 0.8000000119
28768  -30.744  -38.336  -0.530 0.3000000119
28799  -25.624  -38.296  -3.350 0.8000000119
28800  -27.838  -39.232  -3.664 0.6000000238
29584  -29.087  -37.555  6.011 0.6999999881
29618  -23.811  -36.744  4.520 0.5000000000
29635  -20.293  -36.629  2.671 0.4000000060
29659  -28.585  -37.765  1.476 0.8000000119
29698  -29.435  -38.117  -2.232 0.6000000238
29708  -23.721  -38.018  -3.044 0.8999999762
30544  -23.724  -36.155  3.977 0.5000000000
30616  -21.521  -37.503  -1.817 1.0000000000
30627  -21.269  -36.802  -2.132 0.8000000119
30639  -21.716  -36.596  -2.778 0.8999999762
31530  -28.087  -35.167  0.931 0.6999999881
31537  -21.649  -35.886  -1.502 0.8000000119
31548  -20.901  -35.166  -2.089 0.8000000119
31549  -21.129  -35.966  -1.882 0.8000000119
31557  -21.206  -34.919  -2.602 0.8000000119
31574  -25.408  -35.562  -3.712 0.8000000119
32322  -25.174  -34.401  7.115 0.6000000238
32340  -29.941  -34.138  5.676 0.6999999881
32397  -29.008  -34.205  2.417 0.6999999881
32419  -27.290  -34.074  0.327 0.6999999881
32435  -21.245  -34.628  -1.969 0.8000000119
32457  -21.467  -34.290  -2.835 0.8000000119
32464  -27.685  -33.695  -2.930 0.6999999881
32475  -21.842  -33.835  -3.204 0.8000000119
33274  -30.009  -34.061  3.519 0.6999999881
33322  -27.197  -33.489  -0.147 0.6999999881
33329  -23.002  -33.653  -2.049 0.8000000119
33330  -24.158  -33.568  -1.786 0.8000000119
33338  -21.677  -34.041  -2.449 0.8000000119
33362  -22.302  -33.318  -3.508 0.8000000119
34199  -29.446  -32.640  1.105 0.6999999881
34267  -23.434  -31.441  -4.668 0.8000000119
35118  -22.576  -32.163  -3.631 0.8000000119
35152  -26.271  -31.077  -5.614 0.6000000238
35154  -28.313  -31.196  -5.757 0.6000000238
35979  -30.809  -30.598  -0.520 0.6999999881
35999  -23.017  -31.266  -3.807 0.8000000119
36041  -24.658  -30.273  -6.301 0.8000000119
36053  -23.656  -29.797  -6.347 0.8000000119
36925  -31.654  -29.341  -0.437 0.6000000238
36960  -27.758  -29.101  -3.471 0.8000000119
36981  -23.252  -29.341  -5.070 0.8000000119
36995  -23.172  -29.328  -5.757 0.8000000119
37009  -23.195  -29.443  -6.148 0.8000000119
37851  -32.230  -27.973  -0.044 0.6000000238
38807  -31.224  -27.634  2.713 0.5000000000
38826  -32.278  -27.392  0.593 0.6000000238
38855  -29.617  -27.964  -2.912 0.6999999881
39783  -30.436  -26.428  2.657 0.3000000119
39859  -30.841  -26.267  -2.991 0.6999999881
39881  -24.478  -26.332  -5.819 0.8000000119
40816  -24.844  -24.698  -8.053 0.6999999881
40818  -27.411  -25.148  -9.239 0.5000000000
41657  -31.575  -24.479  -0.519 0.4000000060
41709  -31.102  -24.671  -4.348 0.6000000238
41735  -26.177  -24.344  -6.927 0.6000000238
42706  -25.657  -23.706  -8.663 0.6000000238
42735  -28.167  -23.318  -10.972 0.5000000000
42754  -29.814  -23.191  -11.152 0.5000000000
43570  -29.690  -22.161  -1.410 0.3000000119
43694  -28.150  -22.042  -11.485 0.5000000000
44512  -31.775  -21.412  -3.496 0.3000000119
44575  -27.985  -21.457  -10.965 0.5000000000
44590  -27.770  -20.866  -11.991 0.5000000000
44603  -27.880  -20.838  -12.168 0.5000000000
45434  -32.246  -20.549  -4.803 0.3000000119
45513  -28.427  -20.102  -12.876 0.5000000000
45521  -30.056  -19.756  -13.264 0.4000000060
46336  -30.417  -19.954  -3.489 0.3000000119
46443  -29.369  -19.005  -13.765 0.4000000060
46446  -33.819  -19.862  -13.519 0.4000000060
46450  -29.117  -18.381  -14.016 0.4000000060
47411  -33.109  -18.011  -9.077 0.3000000119
47427  -30.089  -18.580  -12.290 0.4000000060
47442  -28.861  -18.568  -13.279 0.3000000119
47453  -28.875  -18.649  -13.603 0.3000000119
47467  -31.327  -17.413  -14.555 0.3000000119
47468  -38.060  -19.053  -14.194 0.3000000119
48396  -31.289  -17.735  -5.429 0.3000000119
48476  -29.605  -17.616  -13.405 0.3000000119
48498  -37.526  -18.944  -14.240 0.3000000119
48500  -38.236  -17.769  -14.190 0.3000000119
48505  -29.423  -17.831  -14.121 0.4000000060
48508  -31.575  -16.696  -14.636 0.4000000060
48509  -37.867  -18.468  -14.344 0.3000000119
49476  -32.058  -15.610  -7.463 0.3000000119
49502  -33.415  -16.722  -9.150 0.3000000119
49564  -31.103  -16.166  -14.682 0.4000000060
50672  -27.559  -15.495  -8.438 0.3000000119
51804  -33.002  -14.735  -8.658 0.3000000119
51871  -33.810  -14.332  -14.182 0.3000000119
52921  -30.880  -13.555  -8.454 0.3000000119
54031  -31.640  -12.408  -9.364 0.3000000119
118839  -32.257  -20.062  -7.639 0.3000000119
119834  -27.891  -17.215  -6.644 0.3000000119
120224  -26.997  -47.439  -2.392 0.6000000238
120361  -26.502  -50.509  10.118 0.5000000000
122096  -23.242  -46.636  -0.427 0.6999999881
122551  -21.523  -51.431  10.951 0.6000000238
122575  -19.477  -52.774  7.271 0.3000000119
122685  -20.288  -37.663  3.456 0.3000000119
123524  -23.959  -48.078  3.862 0.6999999881
124588  -25.054  -49.735  11.424 0.5000000000
125928  -26.539  -42.220  8.852 0.6999999881
127149  -26.113  -54.056  5.697 0.5000000000
127186  -26.321  -50.403  10.685 0.5000000000
127225  -26.723  -48.829  8.986 0.5000000000
127725  -33.380  -13.180  -12.186 0.3000000119
127744  -24.613  -47.085  4.138 0.6999999881
127746  -23.331  -36.418  -1.265 0.8000000119
128245  -23.693  -34.954  3.840 0.5000000000
128366  -23.487  -44.073  10.584 0.6000000238
128379  -26.107  -43.174  -2.900 0.8000000119
128857  -22.539  -41.789  9.021 0.6000000238
128991  -30.191  -21.332  -9.817 0.4000000060
129731  -31.448  -26.439  -1.951 0.6000000238
130004  -26.560  -46.938  9.921 0.6000000238
130184  -22.215  -33.605  -2.427 0.8000000119
130319  -23.714  -54.775  9.753 0.4000000060
131706  -37.466  -19.296  -13.874 0.3000000119
132057  -31.594  -29.022  2.704 0.5000000000
132441  -22.684  -38.211  -1.288 0.8999999762
135215  -33.241  -14.693  -11.282 0.3000000119
135218  -25.066  -42.821  -1.471 0.6999999881
135459  -24.635  -52.387  11.681 0.5000000000
135731  -21.726  -33.805  -2.895 0.8000000119
138017  -23.010  -35.513  -3.516 0.8000000119
138021  -27.090  -36.958  -3.239 0.6999999881
138133  -27.440  -37.203  -0.145 0.8000000119
138339  -21.288  -41.937  6.703 0.5000000000
138530  -23.554  -31.187  -3.457 0.8000000119
138817  -29.516  -29.781  -2.348 0.8000000119
139141  -30.983  -18.494  -14.086 0.3000000119
139296  -32.085  -26.355  -0.946 0.6000000238
139730  -31.316  -30.848  0.932 0.6999999881
139944  -28.452  -39.766  2.033 0.8000000119
139985  -24.513  -32.692  -4.632 0.8000000119
140067  -24.483  -48.975  6.364 0.6999999881
140237  -23.915  -48.681  4.959 0.6999999881
140882  -26.515  -43.513  0.800 0.6999999881
140900  -29.748  -25.429  -9.816 0.4000000060
140920  -30.396  -21.479  -9.221 0.4000000060
140998  -28.132  -39.167  0.923 0.8000000119
141033  -27.330  -22.778  -9.442 0.6000000238
141351  -19.922  -44.229  6.347 0.5000000000
142274  -28.570  -38.475  -3.114 0.6000000238
142457  -27.865  -37.375  0.209 0.8000000119
142543  -26.724  -47.354  9.364 0.5000000000
142574  -29.164  -34.708  2.673 0.6999999881
142928  -27.284  -26.808  -4.515 0.8000000119
142951  -27.031  -23.567  -10.224 0.5000000000
143008  -28.256  -28.481  -6.447 0.6000000238
