#!ascii label  , from subject sub_0001 vox2ras=TkReg
888
10425  -38.458  -61.091  1.887 0.5000000000
11086  -36.173  -61.016  2.441 0.8000000119
11733  -35.272  -59.397  1.013 0.8000000119
11101  -36.187  -59.962  1.387 0.8000000119
11102  -36.968  -60.140  1.430 0.8000000119
10416  -38.701  -61.145  2.266 0.5000000000
10423  -37.126  -61.138  2.326 0.5000000000
11096  -37.479  -60.779  1.802 0.6000000238
13102  -34.598  -57.824  0.395 0.6999999881
11739  -35.360  -59.089  0.228 0.6999999881
11741  -36.648  -59.684  0.861 0.8000000119
11111  -37.888  -59.845  0.561 0.6999999881
11087  -38.817  -60.810  2.757 0.6000000238
10426  -38.804  -60.909  1.737 0.5000000000
131770  -39.307  -60.573  1.270 0.6000000238
13780  -33.785  -56.029  0.170 0.6999999881
10431  -38.278  -60.927  1.638 0.6000000238
11105  -39.401  -60.554  0.985 0.6000000238
13788  -34.274  -56.778  -0.277 0.6999999881
13781  -34.334  -56.673  0.874 0.6999999881
11750  -35.862  -59.252  0.086 0.6999999881
11112  -38.964  -60.194  0.566 0.6000000238
11755  -40.744  -59.591  0.277 0.6000000238
11752  -37.113  -59.478  0.384 0.8000000119
11753  -38.640  -59.526  -0.063 0.8000000119
11754  -39.778  -59.734  0.011 0.6999999881
11726  -38.892  -59.908  2.785 0.4000000060
129331  -39.753  -60.246  1.113 0.6000000238
13787  -33.917  -55.993  -0.769 0.6999999881
11743  -41.219  -59.354  0.345 0.6000000238
122984  -34.471  -56.562  -1.023 0.6999999881
13108  -34.666  -57.411  -0.563 0.6999999881
12435  -35.531  -58.618  -0.328 0.6999999881
12436  -36.175  -58.790  -0.324 0.6999999881
12437  -37.113  -58.862  -0.186 0.6000000238
12439  -39.381  -58.933  -0.462 0.6999999881
132981  -41.154  -57.631  -0.727 0.5000000000
13122  -36.704  -58.085  -0.436 0.6000000238
13123  -37.793  -58.145  -0.536 0.6000000238
13124  -39.094  -58.120  -0.697 0.6000000238
129244  -40.394  -57.612  -0.820 0.6000000238
123461  -39.652  -57.528  -0.796 0.6000000238
13805  -40.755  -57.000  -0.925 0.5000000000
12418  -39.129  -58.644  1.926 0.4000000060
11735  -39.613  -59.674  1.492 0.5000000000
14480  -33.190  -54.434  -1.431 0.6999999881
11736  -40.527  -59.550  0.759 0.6000000238
12423  -41.288  -59.055  0.522 0.6000000238
122260  -34.907  -56.985  -1.090 0.6999999881
11744  -41.759  -59.142  0.157 0.6000000238
13800  -35.508  -56.984  -1.028 0.6999999881
128380  -42.532  -58.543  -0.167 0.5000000000
13128  -43.079  -57.898  -0.240 0.6000000238
123515  -37.231  -57.438  -0.563 0.6999999881
123514  -38.448  -57.525  -0.663 0.6000000238
13806  -41.724  -56.947  -0.875 0.5000000000
13812  -42.877  -56.874  -0.687 0.5000000000
13804  -39.942  -56.747  -0.757 0.5000000000
15857  -31.482  -53.484  -1.828 0.6000000238
15869  -32.083  -52.704  -2.072 0.6000000238
12417  -38.549  -58.505  2.602 0.5000000000
13103  -39.558  -57.685  1.532 0.5000000000
15141  -32.305  -53.397  -1.887 0.6999999881
15130  -32.518  -54.068  -1.339 0.6999999881
12419  -40.241  -58.897  1.232 0.5000000000
13104  -40.820  -58.117  0.832 0.5000000000
13784  -40.341  -57.091  1.154 0.4000000060
14493  -33.840  -54.953  -1.484 0.6999999881
13109  -42.087  -58.424  0.396 0.5000000000
14494  -34.547  -55.422  -1.507 0.6999999881
14496  -35.507  -56.177  -1.259 0.6999999881
13790  -42.879  -57.575  0.352 0.5000000000
13801  -36.489  -56.724  -0.789 0.6999999881
13111  -43.284  -57.786  -0.118 0.5000000000
13803  -38.893  -56.896  -0.634 0.6000000238
13807  -43.472  -56.886  -0.364 0.5000000000
136072  -38.298  -56.282  -0.465 0.5000000000
14486  -40.038  -55.680  -0.647 0.5000000000
119413  -40.619  -56.244  -0.879 0.5000000000
14499  -43.126  -55.972  -1.229 0.5000000000
14488  -41.385  -56.111  -1.079 0.5000000000
15149  -43.946  -54.629  -1.327 0.3000000119
14461  -39.489  -55.570  1.582 0.3000000119
15867  -30.070  -52.991  -2.580 0.6000000238
15868  -31.100  -52.786  -2.227 0.6000000238
13783  -39.545  -56.544  1.513 0.4000000060
15871  -33.316  -53.132  -1.978 0.6000000238
13789  -41.437  -57.128  0.745 0.5000000000
15144  -34.326  -54.329  -1.497 0.6999999881
15145  -35.019  -54.909  -1.457 0.6999999881
129446  -43.513  -56.955  0.063 0.5000000000
14483  -36.315  -55.832  -0.760 0.5000000000
138610  -43.754  -56.488  -0.022 0.5000000000
14484  -37.363  -56.122  -0.466 0.5000000000
124481  -44.406  -55.184  -0.377 0.4000000060
13813  -43.785  -56.154  -1.000 0.3000000119
15150  -44.245  -55.144  -0.926 0.4000000060
14497  -41.503  -55.157  -1.228 0.5000000000
14498  -42.232  -55.511  -1.280 0.4000000060
16638  -29.556  -51.933  -2.501 0.6000000238
16639  -30.649  -51.885  -2.465 0.6000000238
16640  -31.662  -51.989  -2.112 0.6000000238
16641  -32.626  -52.384  -1.939 0.6000000238
16631  -33.305  -52.507  -1.629 0.6000000238
14463  -41.179  -55.246  0.960 0.3000000119
131549  -42.004  -56.214  0.615 0.4000000060
15859  -34.449  -53.505  -1.314 0.6000000238
15117  -42.335  -55.141  0.621 0.3000000119
15131  -35.015  -54.142  -1.349 0.6000000238
14482  -35.560  -55.358  -1.235 0.6999999881
135514  -42.705  -54.267  0.738 0.3000000119
14469  -43.104  -56.156  0.317 0.3000000119
15132  -35.535  -54.530  -1.042 0.6000000238
15849  -43.468  -53.719  0.476 0.3000000119
132593  -44.289  -55.133  0.059 0.3000000119
15115  -36.769  -54.505  0.209 0.5000000000
15133  -36.177  -55.026  -0.507 0.5000000000
15134  -37.125  -55.288  -0.193 0.5000000000
16635  -44.433  -52.995  -0.928 0.3000000119
15120  -44.442  -54.330  -0.113 0.3000000119
120754  -38.297  -55.431  -0.210 0.5000000000
119345  -39.332  -55.209  -0.373 0.5000000000
15876  -43.895  -53.687  -1.437 0.3000000119
130190  -38.963  -54.430  -0.187 0.5000000000
15147  -42.154  -54.308  -1.473 0.4000000060
15875  -42.974  -53.390  -1.539 0.3000000119
16628  -30.118  -50.938  -2.169 0.5000000000
16629  -31.133  -51.238  -1.886 0.6000000238
131229  -31.989  -51.806  -1.594 0.5000000000
15845  -34.721  -53.529  -0.082 0.6000000238
15836  -34.131  -53.053  0.550 0.5000000000
16619  -42.970  -52.658  0.502 0.3000000119
15860  -35.288  -53.919  -0.779 0.6000000238
18154  -42.411  -51.216  0.136 0.3000000119
16620  -43.805  -52.619  -0.170 0.3000000119
15114  -35.888  -54.383  -0.062 0.6000000238
15116  -37.848  -54.513  0.172 0.5000000000
15861  -39.422  -53.459  -0.591 0.5000000000
15863  -40.781  -53.720  -1.287 0.4000000060
15862  -40.275  -53.099  -1.318 0.4000000060
16612  -30.583  -50.754  -1.104 0.5000000000
16613  -31.457  -51.303  -0.797 0.5000000000
16599  -32.600  -52.364  1.014 0.5000000000
16630  -32.764  -52.160  -1.394 0.5000000000
16600  -33.472  -52.651  1.313 0.5000000000
18144  -41.550  -50.158  1.088 0.3000000119
125469  -41.898  -50.886  0.857 0.3000000119
15846  -35.472  -53.798  0.374 0.6000000238
15847  -36.299  -53.848  0.596 0.5000000000
15848  -38.532  -53.560  0.093 0.5000000000
15874  -42.048  -53.168  -1.675 0.4000000060
15873  -40.913  -52.283  -1.863 0.4000000060
16597  -30.939  -51.015  0.318 0.5000000000
16588  -32.030  -52.050  1.914 0.5000000000
16589  -32.847  -52.348  2.091 0.5000000000
134650  -41.121  -49.682  1.211 0.4000000060
19778  -40.455  -48.324  0.969 0.4000000060
15837  -34.911  -53.338  0.954 0.5000000000
18959  -41.302  -49.518  0.796 0.4000000060
18153  -41.740  -50.393  0.277 0.3000000119
16601  -34.353  -52.649  1.547 0.4000000060
135601  -42.322  -51.013  -0.577 0.3000000119
15838  -35.790  -53.273  0.987 0.5000000000
16616  -36.700  -53.001  0.864 0.4000000060
16617  -37.499  -52.508  0.553 0.4000000060
16644  -40.080  -52.160  -1.771 0.4000000060
17383  -31.194  -51.559  1.664 0.5000000000
17367  -32.361  -51.773  2.645 0.5000000000
17368  -33.070  -51.914  2.543 0.5000000000
19777  -39.910  -47.752  1.129 0.4000000060
17369  -33.629  -51.779  2.329 0.4000000060
19787  -40.332  -48.534  0.655 0.4000000060
17384  -34.170  -51.930  2.032 0.4000000060
16602  -35.334  -52.682  1.447 0.4000000060
18967  -40.637  -49.446  -0.359 0.4000000060
16603  -36.240  -52.447  1.230 0.4000000060
17400  -37.325  -51.650  0.330 0.4000000060
17401  -38.146  -52.101  -0.030 0.4000000060
16632  -38.867  -52.657  -0.477 0.4000000060
17409  -38.649  -51.868  -0.965 0.4000000060
17413  -39.407  -51.523  -1.869 0.4000000060
17418  -41.747  -50.751  -2.744 0.4000000060
17414  -40.602  -51.512  -2.395 0.4000000060
17352  -31.106  -50.909  3.091 0.5000000000
17353  -31.961  -51.114  3.158 0.4000000060
20597  -39.417  -46.954  1.007 0.4000000060
20609  -39.954  -47.713  1.064 0.4000000060
18127  -32.742  -51.157  2.929 0.5000000000
18138  -33.910  -50.508  2.179 0.4000000060
18140  -35.454  -51.048  1.400 0.4000000060
19796  -39.838  -48.934  -0.783 0.4000000060
18141  -36.155  -51.098  1.070 0.4000000060
128454  -42.215  -50.890  -2.377 0.3000000119
16643  -39.291  -52.212  -1.313 0.4000000060
129199  -32.326  -50.392  3.194 0.4000000060
18941  -33.149  -50.222  2.721 0.5000000000
18954  -33.662  -49.593  1.936 0.4000000060
20607  -38.674  -46.666  0.493 0.4000000060
18955  -34.368  -49.942  1.485 0.4000000060
18139  -34.586  -50.984  1.786 0.4000000060
18149  -35.126  -50.202  1.108 0.4000000060
18150  -35.880  -50.452  0.686 0.4000000060
18151  -36.646  -50.881  0.292 0.4000000060
18152  -37.253  -51.055  -0.365 0.4000000060
17412  -38.376  -51.164  -1.473 0.4000000060
18170  -41.168  -50.267  -3.141 0.4000000060
18165  -38.925  -50.785  -2.211 0.4000000060
17417  -40.214  -50.876  -2.613 0.4000000060
18953  -32.899  -49.165  2.382 0.4000000060
19776  -33.352  -48.888  1.581 0.4000000060
18964  -33.980  -49.055  0.985 0.4000000060
18965  -34.702  -49.489  0.607 0.4000000060
18966  -35.421  -49.771  0.183 0.4000000060
18157  -36.154  -50.119  -0.265 0.4000000060
127657  -42.550  -49.817  -2.827 0.4000000060
18976  -36.257  -49.982  -1.345 0.4000000060
18159  -37.555  -50.821  -1.163 0.4000000060
18163  -37.007  -50.336  -1.767 0.4000000060
18164  -37.926  -50.527  -1.943 0.4000000060
18168  -38.440  -50.201  -2.433 0.4000000060
130322  -33.377  -48.380  0.909 0.4000000060
19784  -33.842  -48.444  0.105 0.4000000060
19794  -34.362  -48.625  -0.625 0.4000000060
18978  -34.897  -48.969  -1.427 0.4000000060
18974  -34.873  -49.216  -0.347 0.4000000060
19798  -35.303  -48.709  -2.330 0.4000000060
18975  -35.577  -49.530  -0.843 0.4000000060
18984  -36.010  -49.078  -2.590 0.4000000060
138427  -36.708  -49.310  -2.698 0.4000000060
139485  -40.861  -49.343  -3.613 0.3000000119
120782  -38.667  -49.539  -2.862 0.4000000060
18169  -39.565  -50.229  -2.745 0.4000000060
19783  -32.920  -47.916  0.933 0.4000000060
20606  -33.303  -47.877  0.169 0.4000000060
20618  -33.266  -47.290  -0.499 0.4000000060
19793  -33.849  -47.885  -0.789 0.4000000060
136603  -34.394  -48.290  -1.323 0.4000000060
19801  -35.758  -48.201  -2.881 0.4000000060
19802  -36.516  -48.711  -2.987 0.4000000060
18988  -42.663  -49.100  -3.079 0.4000000060
18987  -41.735  -49.638  -3.397 0.3000000119
18985  -37.361  -49.129  -2.945 0.4000000060
18991  -39.649  -49.086  -3.431 0.5000000000
19809  -40.880  -48.690  -3.853 0.4000000060
18990  -38.285  -48.779  -3.283 0.5000000000
21469  -33.114  -46.726  -1.013 0.4000000060
21483  -33.386  -46.506  -1.926 0.4000000060
20625  -33.646  -47.167  -1.580 0.4000000060
20628  -33.820  -46.737  -2.428 0.4000000060
136242  -34.208  -47.750  -1.631 0.4000000060
19807  -37.186  -48.450  -3.278 0.4000000060
19808  -39.318  -48.323  -3.634 0.5000000000
21482  -33.017  -45.980  -1.247 0.4000000060
22360  -33.216  -45.777  -2.165 0.4000000060
21489  -33.541  -46.209  -2.685 0.4000000060
118295  -38.059  -48.074  -3.570 0.4000000060
20638  -38.954  -47.567  -3.842 0.5000000000
22359  -32.877  -45.188  -1.495 0.4000000060
22369  -33.010  -45.113  -2.337 0.4000000060
22370  -33.298  -45.428  -3.011 0.4000000060
21497  -38.376  -46.967  -3.908 0.5000000000
26025  -33.617  -41.498  -2.397 0.4000000060
23307  -32.960  -44.457  -1.807 0.4000000060
24197  -33.244  -43.126  -2.238 0.4000000060
141999  -33.187  -43.887  -2.242 0.4000000060
25158  -33.611  -42.853  -3.065 0.4000000060
25167  -34.077  -43.074  -4.109 0.5000000000
24196  -32.807  -43.536  -1.330 0.4000000060
128468  -41.172  -53.028  -1.631 0.4000000060
139297  -38.186  -61.471  2.338 0.5000000000
125435  -35.133  -59.740  1.829 0.8000000119
12416  -34.742  -58.785  1.360 0.8000000119
13091  -34.470  -57.556  1.756 0.6999999881
11075  -39.384  -61.038  3.590 0.5000000000
133280  -33.850  -55.911  1.337 0.6999999881
137708  -39.566  -60.179  3.882 0.5000000000
14460  -33.240  -55.476  0.748 0.6999999881
12407  -38.868  -59.378  2.357 0.4000000060
11074  -39.132  -59.972  3.353 0.4000000060
122552  -32.609  -55.077  0.172 0.6999999881
136578  -38.595  -58.961  3.270 0.4000000060
13092  -38.182  -58.013  3.050 0.4000000060
15127  -30.160  -54.814  -1.216 0.6000000238
13782  -38.833  -56.105  1.955 0.4000000060
15866  -29.088  -53.010  -2.335 0.6000000238
16637  -28.455  -51.964  -2.284 0.5000000000
17407  -29.585  -50.578  -1.300 0.5000000000
17398  -30.012  -50.588  0.001 0.5000000000
17382  -30.332  -50.900  1.449 0.4000000060
18115  -31.529  -50.343  3.361 0.4000000060
18928  -31.211  -49.662  3.518 0.4000000060
18929  -31.904  -49.650  3.329 0.4000000060
19762  -31.793  -48.359  2.789 0.4000000060
20579  -32.134  -47.967  2.163 0.4000000060
20605  -32.843  -47.230  0.604 0.4000000060
125842  -32.780  -46.104  -0.261 0.4000000060
22347  -32.662  -45.294  -0.521 0.4000000060
23296  -32.593  -44.413  -0.792 0.4000000060
26024  -33.157  -41.638  -1.341 0.4000000060
11094  -35.695  -60.563  2.071 0.8000000119
129096  -36.150  -59.575  0.630 0.8000000119
124491  -39.046  -60.757  1.709 0.5000000000
12422  -34.931  -58.769  0.492 0.6999999881
13121  -35.882  -57.930  -0.613 0.6999999881
137865  -40.395  -59.716  0.573 0.6000000238
12441  -41.691  -59.021  -0.228 0.6999999881
12438  -38.250  -58.839  -0.422 0.6999999881
12424  -42.082  -58.978  0.184 0.6000000238
13126  -41.697  -58.304  -0.481 0.6000000238
136162  -39.995  -58.374  -0.751 0.6000000238
15143  -33.504  -53.958  -1.637 0.6999999881
13110  -42.774  -58.482  0.102 0.5000000000
15870  -32.865  -52.883  -2.132 0.6000000238
130656  -38.575  -57.667  2.325 0.5000000000
14462  -40.444  -56.064  1.128 0.3000000119
14487  -40.800  -55.372  -1.009 0.5000000000
16615  -33.258  -52.543  -0.266 0.6000000238
136979  -37.415  -53.581  0.529 0.5000000000
15135  -40.138  -54.413  -0.725 0.5000000000
16633  -39.577  -52.721  -1.140 0.4000000060
16618  -38.194  -52.820  0.283 0.4000000060
16645  -41.825  -52.319  -1.933 0.4000000060
18158  -36.847  -50.490  -0.762 0.4000000060
19763  -32.365  -48.562  2.413 0.4000000060
18981  -37.427  -49.862  -2.443 0.4000000060
24209  -33.430  -43.719  -3.150 0.4000000060
10949  -31.883  -60.224  10.442 0.4000000060
10950  -32.823  -60.155  10.626 0.4000000060
11610  -33.464  -59.380  10.974 0.4000000060
12263  -34.293  -58.514  10.863 0.4000000060
11589  -32.741  -58.997  11.196 0.4000000060
12262  -33.281  -58.390  10.952 0.4000000060
12953  -34.664  -57.852  10.409 0.4000000060
138439  -34.137  -57.567  10.151 0.4000000060
12979  -35.983  -57.650  9.647 0.5000000000
12247  -32.448  -58.224  11.162 0.4000000060
12951  -32.868  -57.725  10.722 0.4000000060
133662  -33.225  -57.398  10.160 0.5000000000
13002  -34.531  -57.607  8.864 0.5000000000
13026  -35.027  -57.959  8.181 0.6000000238
12244  -30.551  -57.607  11.070 0.4000000060
12934  -32.067  -57.567  11.014 0.4000000060
12976  -32.331  -57.173  9.819 0.4000000060
13003  -35.539  -57.543  8.946 0.5000000000
12397  -39.146  -59.296  3.932 0.3000000119
12396  -38.794  -58.447  4.032 0.4000000060
13078  -38.192  -57.289  3.643 0.3000000119
13027  -36.053  -57.942  8.290 0.5000000000
10382  -40.051  -62.109  4.372 0.5000000000
122994  -39.871  -59.796  4.213 0.4000000060
14343  -29.838  -56.087  9.053 0.4000000060
133104  -32.890  -57.479  9.167 0.5000000000
13671  -30.328  -56.327  9.459 0.4000000060
141865  -31.797  -56.974  10.150 0.4000000060
12336  -35.515  -58.596  7.616 0.6000000238
12337  -36.592  -58.585  7.620 0.6000000238
11654  -36.612  -59.426  6.924 0.6999999881
10401  -39.726  -61.957  3.976 0.5000000000
11669  -37.430  -59.799  6.852 0.6999999881
141119  -38.212  -60.946  6.519 0.6999999881
10363  -39.730  -62.324  4.762 0.6999999881
11021  -37.642  -60.665  6.441 0.6999999881
11044  -38.093  -61.412  6.058 0.6999999881
141461  -32.890  -57.789  8.457 0.5000000000
133212  -33.531  -57.736  8.685 0.6000000238
13025  -33.944  -58.185  8.068 0.6000000238
12358  -34.994  -59.294  6.949 0.6000000238
13684  -31.039  -56.449  9.061 0.4000000060
13001  -31.724  -56.912  8.446 0.5000000000
13024  -33.016  -58.186  7.909 0.6000000238
11668  -35.628  -59.851  6.441 0.6000000238
11020  -36.653  -60.384  6.288 0.6000000238
13771  -38.367  -56.719  2.470 0.3000000119
12359  -35.902  -59.145  7.128 0.6000000238
11043  -37.233  -61.250  5.817 0.6999999881
120292  -39.215  -62.170  3.841 0.6000000238
10400  -38.885  -61.741  3.158 0.5000000000
119794  -31.202  -55.568  7.544 0.6000000238
13693  -31.865  -56.087  7.511 0.6000000238
137000  -32.443  -56.724  6.739 0.6999999881
13040  -33.070  -58.268  7.052 0.6000000238
12356  -33.294  -58.960  6.472 0.6000000238
11690  -34.788  -60.308  5.677 0.6000000238
14359  -31.237  -56.000  8.239 0.5000000000
133337  -32.445  -57.613  8.257 0.6000000238
11042  -35.629  -60.703  5.692 0.6000000238
132799  -36.381  -61.130  5.556 0.6999999881
11059  -36.915  -61.688  4.857 0.6999999881
10361  -37.930  -61.859  5.213 0.6999999881
10399  -38.386  -62.016  2.927 0.6000000238
10380  -37.827  -62.148  4.424 0.6999999881
121903  -32.028  -55.718  6.666 0.6000000238
13050  -33.162  -57.736  5.632 0.6999999881
13049  -32.971  -57.607  6.446 0.6999999881
11688  -33.561  -59.408  5.914 0.6000000238
10414  -37.663  -61.706  2.544 0.5000000000
11041  -34.850  -60.902  5.001 0.6999999881
11058  -35.657  -61.306  4.728 0.6999999881
10398  -37.515  -62.130  3.063 0.6000000238
13062  -33.369  -57.811  4.660 0.6999999881
11718  -34.807  -59.919  3.285 0.6999999881
13723  -32.737  -56.833  5.758 0.6999999881
12383  -33.613  -58.943  4.488 0.6000000238
12384  -34.227  -59.773  4.204 0.5000000000
12376  -33.295  -58.808  5.513 0.6999999881
11704  -33.709  -59.612  5.128 0.6000000238
11057  -34.724  -61.092  4.182 0.6999999881
10412  -36.038  -61.288  2.842 0.5000000000
11689  -34.000  -59.952  5.792 0.6000000238
10396  -35.555  -61.346  3.517 0.6999999881
10397  -36.590  -61.744  3.257 0.6000000238
13077  -34.330  -58.083  2.853 0.6999999881
12406  -34.623  -59.216  2.444 0.6999999881
140905  -34.533  -58.422  2.084 0.6999999881
11085  -35.268  -61.025  2.606 0.6000000238
11084  -34.969  -60.768  2.891 0.6999999881
11706  -40.045  -61.071  4.273 0.5000000000
11072  -34.612  -60.687  3.788 0.6000000238
142257  -32.852  -59.531  10.981 0.4000000060
12978  -34.936  -57.541  9.757 0.4000000060
12949  -30.782  -57.025  10.726 0.4000000060
120152  -32.316  -57.307  10.469 0.4000000060
139986  -31.619  -56.923  9.442 0.4000000060
13659  -31.044  -56.710  10.014 0.4000000060
10362  -38.824  -62.043  5.481 0.6999999881
10381  -38.714  -62.335  4.494 0.6999999881
12334  -33.503  -58.726  7.258 0.6000000238
12357  -33.931  -59.388  6.618 0.6000000238
13694  -32.285  -57.250  7.607 0.6000000238
11705  -34.356  -60.370  4.815 0.6000000238
12395  -34.232  -59.026  3.531 0.6000000238
14382  -32.283  -55.760  5.843 0.5000000000
14368  -29.690  -55.541  7.444 0.4000000060
14380  -30.503  -55.121  7.049 0.5000000000
13740  -32.729  -56.047  4.897 0.6000000238
13692  -28.598  -56.337  7.480 0.4000000060
13710  -28.504  -56.541  6.536 0.5000000000
14379  -29.570  -55.210  6.609 0.5000000000
15040  -30.161  -54.790  6.301 0.5000000000
141303  -31.719  -55.196  5.498 0.5000000000
123011  -31.733  -55.052  4.208 0.5000000000
14396  -31.636  -55.225  6.161 0.5000000000
13741  -33.215  -56.647  4.324 0.6000000238
14416  -32.528  -55.411  4.196 0.5000000000
13757  -33.482  -56.128  3.450 0.6999999881
14417  -32.974  -55.511  3.636 0.6000000238
14446  -33.710  -55.869  2.390 0.6000000238
13038  -28.054  -57.272  6.619 0.5000000000
13721  -28.611  -56.529  5.603 0.5000000000
13722  -29.100  -55.839  5.224 0.5000000000
137512  -30.663  -55.112  4.427 0.5000000000
15073  -30.763  -54.862  5.183 0.5000000000
13090  -34.102  -56.895  2.804 0.6000000238
14430  -32.301  -55.170  3.319 0.6000000238
14445  -32.591  -55.236  2.264 0.5000000000
137299  -33.274  -55.450  1.759 0.6000000238
143173  -28.447  -57.190  5.164 0.5000000000
13738  -28.742  -56.642  4.789 0.5000000000
13061  -28.865  -56.755  3.960 0.5000000000
13739  -29.249  -56.000  4.416 0.5000000000
127346  -30.195  -55.477  3.492 0.5000000000
13769  -34.199  -56.475  1.857 0.6000000238
14444  -31.746  -55.189  2.556 0.5000000000
12374  -27.646  -58.382  5.099 0.5000000000
13060  -28.448  -57.477  4.393 0.5000000000
141617  -28.300  -58.020  3.740 0.5000000000
12405  -28.466  -58.308  2.907 0.5000000000
137332  -28.718  -58.184  2.123 0.6000000238
13075  -29.111  -56.826  3.123 0.4000000060
12414  -28.710  -58.459  1.322 0.4000000060
13089  -29.314  -56.870  2.305 0.5000000000
13756  -29.697  -56.055  2.772 0.5000000000
139567  -29.440  -56.081  3.637 0.4000000060
13107  -29.072  -57.367  -0.310 0.4000000060
13786  -29.371  -56.510  0.110 0.5000000000
13768  -29.594  -56.243  1.970 0.5000000000
13119  -29.184  -57.457  -1.028 0.4000000060
133296  -30.110  -55.688  1.903 0.6000000238
14458  -31.659  -55.101  1.548 0.6000000238
15113  -32.146  -54.527  -0.466 0.6000000238
119273  -29.404  -56.796  1.595 0.5000000000
13798  -29.481  -56.605  -0.861 0.5000000000
14465  -29.773  -55.659  -0.016 0.5000000000
13779  -29.592  -56.108  1.083 0.5000000000
13810  -29.228  -57.038  -1.201 0.4000000060
14492  -29.462  -55.956  -1.113 0.5000000000
14466  -30.565  -55.129  0.289 0.6000000238
14456  -30.111  -55.547  0.939 0.6000000238
15112  -31.326  -54.642  -0.340 0.6000000238
14478  -29.876  -55.623  -0.858 0.5000000000
15865  -28.140  -53.024  -1.744 0.3000000119
14491  -28.401  -54.826  -1.401 0.4000000060
140572  -28.813  -55.575  -1.359 0.4000000060
118707  -29.306  -54.918  -1.378 0.5000000000
15128  -30.972  -54.152  -1.124 0.5000000000
15129  -31.804  -53.895  -1.115 0.6000000238
133733  -30.187  -50.691  2.919 0.3000000119
17381  -29.210  -50.702  1.033 0.3000000119
17397  -29.141  -50.526  -0.302 0.4000000060
17406  -28.561  -50.633  -1.179 0.4000000060
18927  -29.906  -49.630  3.707 0.3000000119
139224  -31.593  -47.763  2.528 0.3000000119
129302  -30.618  -48.573  3.509 0.3000000119
20578  -31.184  -47.313  2.471 0.3000000119
21453  -32.185  -46.733  1.435 0.3000000119
22339  -32.236  -45.398  0.457 0.3000000119
23287  -32.290  -44.756  -0.072 0.3000000119
15139  -29.710  -53.958  -1.777 0.5000000000
18114  -30.585  -50.161  3.493 0.3000000119
13076  -33.641  -57.195  3.740 0.5000000000
14394  -29.661  -55.076  5.700 0.5000000000
122151  -30.427  -55.516  2.774 0.5000000000
15107  -31.899  -54.883  0.491 0.6000000238
11060  -40.804  -61.435  4.498 0.3000000119
10343  -39.587  -61.983  5.706 0.6000000238
138781  -40.478  -62.151  4.735 0.6000000238
13726  -40.223  -56.688  4.950 0.3000000119
13743  -40.771  -57.201  4.695 0.3000000119
12387  -40.516  -59.047  4.365 0.3000000119
12386  -39.439  -58.657  4.268 0.3000000119
13065  -41.048  -58.009  4.471 0.3000000119
10344  -40.547  -62.093  5.370 0.6000000238
10364  -41.144  -62.010  4.875 0.5000000000
14401  -40.662  -55.976  5.349 0.3000000119
13051  -39.461  -56.800  4.830 0.3000000119
13064  -39.857  -57.675  4.557 0.3000000119
135865  -39.044  -57.973  4.396 0.3000000119
11707  -40.864  -60.606  4.404 0.3000000119
123812  -41.384  -61.475  4.633 0.4000000060
14357  -29.653  -55.937  8.332 0.4000000060
14386  -40.390  -54.800  6.095 0.3000000119
14400  -39.606  -56.096  5.352 0.3000000119
129000  -38.788  -56.527  4.952 0.3000000119
13063  -38.987  -57.259  4.548 0.3000000119
12266  -36.837  -58.576  10.473 0.5000000000
12957  -38.337  -58.103  10.305 0.5000000000
135060  -34.386  -59.590  10.703 0.4000000060
11611  -35.062  -59.006  10.791 0.4000000060
140037  -35.652  -58.791  10.686 0.4000000060
11613  -37.167  -59.126  10.751 0.5000000000
135342  -39.269  -59.115  7.984 0.5000000000
13007  -38.623  -57.950  9.037 0.5000000000
12955  -36.416  -58.023  10.133 0.5000000000
12981  -37.757  -57.751  9.638 0.5000000000
12264  -35.196  -58.341  10.612 0.4000000060
11008  -40.319  -60.625  7.127 0.6000000238
11656  -38.872  -59.620  7.472 0.6000000238
12339  -38.510  -58.892  8.008 0.5000000000
12311  -38.247  -58.246  8.580 0.5000000000
12954  -35.520  -57.908  10.237 0.3000000119
13005  -37.338  -57.577  9.009 0.5000000000
11024  -40.929  -61.378  6.315 0.6000000238
11655  -38.004  -59.339  7.394 0.6000000238
13004  -36.500  -57.533  8.970 0.4000000060
12338  -37.604  -58.547  7.988 0.5000000000
10345  -41.498  -61.766  5.459 0.6000000238
12388  -41.512  -58.870  4.336 0.3000000119
11708  -42.097  -60.920  4.536 0.4000000060
11022  -38.859  -61.359  6.447 0.6000000238
137677  -37.268  -59.084  7.307 0.4000000060
13066  -42.263  -58.303  4.145 0.3000000119
131986  -41.694  -59.882  4.337 0.3000000119
10365  -41.872  -61.598  4.966 0.5000000000
11670  -38.327  -60.290  6.907 0.6000000238
11023  -39.925  -61.392  6.402 0.6000000238
11671  -39.329  -60.553  7.089 0.6000000238
11709  -43.022  -60.272  4.345 0.3000000119
11009  -41.241  -60.560  7.060 0.5000000000
128966  -42.724  -60.904  5.881 0.5000000000
11025  -41.852  -61.186  6.197 0.5000000000
11674  -43.613  -60.658  5.473 0.4000000060
11026  -43.130  -61.147  5.237 0.5000000000
11673  -42.963  -60.152  6.328 0.5000000000
11672  -42.107  -60.324  6.748 0.5000000000
11691  -44.458  -60.269  5.001 0.4000000060
11046  -44.464  -60.038  4.412 0.4000000060
11062  -43.729  -60.479  4.503 0.4000000060
10366  -42.755  -61.300  4.954 0.5000000000
11657  -40.647  -59.746  7.665 0.5000000000
11061  -43.006  -61.015  4.692 0.4000000060
8359  -37.525  -64.546  7.621 0.3000000119
8360  -38.384  -64.882  7.657 0.3000000119
8994  -38.537  -63.827  8.695 0.3000000119
8971  -39.019  -63.282  9.224 0.3000000119
9642  -40.389  -62.713  9.708 0.4000000060
8970  -38.142  -63.183  9.123 0.3000000119
9623  -41.776  -61.966  10.008 0.4000000060
9622  -40.864  -62.071  10.184 0.4000000060
9641  -39.501  -62.688  9.703 0.3000000119
9639  -37.805  -62.424  9.416 0.3000000119
10272  -42.185  -61.355  10.416 0.4000000060
10956  -42.013  -60.683  10.909 0.4000000060
10270  -40.426  -61.446  10.650 0.4000000060
9620  -39.093  -62.042  10.160 0.4000000060
10293  -38.264  -61.894  9.951 0.4000000060
12987  -44.848  -57.502  9.391 0.3000000119
11617  -43.714  -59.300  10.375 0.4000000060
12272  -43.200  -58.639  10.499 0.4000000060
10937  -42.044  -59.988  11.231 0.4000000060
10935  -40.393  -60.139  11.369 0.4000000060
10955  -39.257  -60.822  10.967 0.4000000060
10268  -38.669  -61.252  10.555 0.4000000060
122361  -45.458  -56.309  7.876 0.3000000119
12960  -43.435  -57.895  9.978 0.4000000060
12291  -41.969  -58.384  10.264 0.4000000060
12959  -42.735  -58.284  10.320 0.4000000060
12251  -41.104  -58.916  11.094 0.4000000060
12270  -40.963  -58.571  10.545 0.4000000060
11591  -39.964  -59.421  11.293 0.4000000060
10954  -38.702  -60.414  11.012 0.4000000060
128355  -37.981  -60.612  10.622 0.4000000060
13695  -43.929  -56.857  8.421 0.4000000060
13008  -42.829  -57.528  9.146 0.4000000060
12269  -40.021  -58.439  10.563 0.4000000060
12249  -39.579  -58.778  11.008 0.4000000060
124431  -38.145  -59.883  10.984 0.4000000060
139473  -38.757  -59.767  11.213 0.4000000060
137913  -37.150  -60.841  10.192 0.4000000060
12314  -42.333  -58.057  8.498 0.4000000060
12290  -41.251  -58.346  9.657 0.4000000060
12289  -40.404  -58.301  9.876 0.4000000060
12268  -39.213  -58.265  10.526 0.4000000060
11614  -37.769  -59.357  10.880 0.4000000060
12267  -37.816  -58.729  10.654 0.4000000060
12313  -41.501  -58.475  8.700 0.4000000060
11643  -40.963  -59.051  8.279 0.4000000060
127226  -39.108  -58.469  8.642 0.4000000060
12360  -43.255  -59.198  6.563 0.4000000060
120545  -41.468  -58.977  8.178 0.4000000060
11658  -41.512  -59.564  7.624 0.4000000060
11692  -45.006  -59.431  4.556 0.3000000119
12399  -44.999  -58.893  3.601 0.3000000119
12958  -38.986  -57.875  10.030 0.4000000060
11659  -42.371  -59.367  7.120 0.4000000060
12398  -44.317  -59.167  3.621 0.3000000119
126750  -40.049  -58.949  8.295 0.4000000060
10271  -41.370  -61.329  10.659 0.4000000060
10261  -40.818  -60.795  11.059 0.4000000060
10269  -39.556  -61.439  10.624 0.4000000060
13685  -44.960  -56.483  8.450 0.4000000060
12961  -44.195  -57.867  9.766 0.4000000060
11593  -41.675  -59.325  11.225 0.4000000060
13696  -44.610  -56.505  7.999 0.3000000119
13672  -44.331  -56.712  8.768 0.4000000060
137600  -43.344  -57.484  9.419 0.4000000060
12984  -42.076  -58.062  9.395 0.4000000060
13028  -43.217  -57.512  8.197 0.4000000060
11615  -38.403  -59.234  11.048 0.4000000060
119224  -39.839  -58.333  9.208 0.4000000060
12341  -42.696  -58.411  7.517 0.4000000060
11632  -45.457  -59.336  9.116 0.3000000119
9645  -43.269  -62.109  8.814 0.3000000119
9644  -42.302  -62.548  9.208 0.3000000119
10295  -43.537  -61.315  9.279 0.3000000119
10980  -43.859  -60.555  9.685 0.3000000119
10273  -42.927  -60.852  10.297 0.3000000119
11618  -44.524  -59.315  9.830 0.3000000119
10958  -43.402  -60.043  10.436 0.3000000119
12273  -43.998  -58.553  10.152 0.3000000119
13041  -44.441  -56.882  7.101 0.3000000119
12362  -44.332  -57.778  6.353 0.3000000119
12361  -43.911  -58.743  6.143 0.3000000119
12377  -44.680  -59.076  5.298 0.3000000119
12988  -45.670  -57.288  8.834 0.3000000119
7744  -37.835  -65.144  7.039 0.3000000119
8339  -38.087  -64.314  8.180 0.3000000119
8974  -41.694  -63.259  8.977 0.3000000119
9621  -39.963  -62.108  10.219 0.4000000060
9640  -38.637  -62.596  9.601 0.4000000060
10260  -39.978  -60.802  11.041 0.4000000060
10291  -36.668  -61.433  9.527 0.4000000060
10294  -42.660  -61.696  9.715 0.3000000119
10346  -42.333  -61.373  5.394 0.5000000000
10379  -36.380  -61.613  4.050 0.6000000238
10383  -40.691  -61.893  4.590 0.5000000000
10384  -42.078  -61.343  4.836 0.4000000060
10413  -36.834  -61.596  2.699 0.5000000000
10415  -38.536  -61.305  2.379 0.5000000000
10424  -37.918  -61.214  2.080 0.5000000000
10432  -38.875  -60.821  1.488 0.6000000238
10934  -39.441  -60.095  11.322 0.4000000060
10936  -41.330  -60.188  11.299 0.4000000060
10953  -37.348  -59.910  10.689 0.4000000060
10957  -42.650  -60.097  10.878 0.4000000060
10959  -44.095  -59.895  9.970 0.3000000119
11045  -43.783  -60.950  4.883 0.4000000060
11073  -34.820  -61.074  3.318 0.6000000238
11095  -36.565  -60.587  1.946 0.8000000119
11103  -37.793  -60.404  1.179 0.6000000238
11104  -38.643  -60.649  1.109 0.6000000238
11113  -39.833  -60.116  0.642 0.6000000238
11590  -39.144  -59.292  11.209 0.4000000060
11592  -40.819  -59.451  11.322 0.4000000060
11616  -42.966  -59.371  10.770 0.4000000060
11667  -34.629  -59.794  6.300 0.6000000238
11693  -45.085  -59.229  4.087 0.3000000119
11725  -35.291  -60.522  2.251 0.6999999881
11727  -39.147  -60.310  2.057 0.5000000000
11734  -35.622  -59.924  1.631 0.8000000119
11740  -35.751  -59.553  0.795 0.8000000119
11742  -37.238  -59.833  0.954 0.8000000119
11751  -36.455  -59.312  0.178 0.6999999881
12248  -38.754  -58.696  10.872 0.4000000060
12250  -40.413  -58.875  11.049 0.4000000060
12265  -35.963  -58.421  10.477 0.4000000060
12271  -42.362  -58.788  10.833 0.4000000060
12288  -39.610  -58.078  9.994 0.4000000060
12292  -44.787  -58.460  9.645 0.3000000119
12310  -36.980  -57.869  8.389 0.4000000060
12312  -40.647  -58.473  8.966 0.4000000060
12335  -34.393  -58.811  7.494 0.6000000238
12340  -41.969  -58.825  7.993 0.4000000060
12342  -43.531  -57.958  7.017 0.3000000119
12385  -38.621  -57.693  4.165 0.3000000119
12389  -42.349  -59.331  4.226 0.3000000119
12394  -33.847  -58.138  3.811 0.6999999881
12415  -28.895  -57.887  0.595 0.4000000060
12425  -42.418  -58.759  0.049 0.6000000238
12426  -42.975  -58.347  -0.005 0.5000000000
12434  -34.957  -58.331  -0.171 0.6999999881
12440  -40.488  -59.093  -0.414 0.6999999881
12933  -31.301  -57.527  11.090 0.4000000060
12950  -31.571  -57.128  10.646 0.4000000060
12952  -33.774  -57.815  10.544 0.4000000060
12956  -37.351  -58.117  10.171 0.5000000000
12977  -33.921  -57.480  9.529 0.5000000000
12980  -36.903  -57.666  9.641 0.5000000000
12982  -38.501  -57.813  9.565 0.5000000000
12983  -39.133  -58.000  9.422 0.4000000060
12985  -42.737  -57.902  9.792 0.4000000060
12986  -44.042  -57.141  9.401 0.4000000060
13006  -38.044  -57.753  9.040 0.5000000000
13009  -43.573  -57.011  9.002 0.4000000060
13023  -32.681  -57.874  7.568 0.6000000238
13029  -43.924  -57.108  7.660 0.4000000060
13039  -32.749  -57.594  7.111 0.6999999881
13074  -28.620  -57.509  3.459 0.5000000000
13088  -28.848  -57.558  2.601 0.5000000000
13100  -29.065  -57.579  1.638 0.5000000000
13101  -29.270  -57.072  0.806 0.5000000000
13120  -35.221  -57.706  -0.680 0.6999999881
13125  -40.757  -58.258  -0.645 0.6000000238
13127  -42.212  -57.753  -0.512 0.5000000000
13658  -30.163  -56.650  10.205 0.4000000060
13673  -44.871  -56.760  8.951 0.3000000119
13711  -28.926  -55.694  6.103 0.5000000000
13724  -33.000  -57.029  5.040 0.6999999881
13744  -41.681  -57.250  4.491 0.3000000119
13791  -43.473  -57.119  -0.150 0.5000000000
13792  -43.784  -56.439  -0.273 0.5000000000
13799  -34.184  -55.814  -1.308 0.6999999881
13802  -37.791  -56.854  -0.626 0.6000000238
13811  -34.838  -56.284  -1.457 0.6999999881
14358  -30.434  -56.038  8.675 0.4000000060
14367  -29.072  -55.888  7.750 0.4000000060
14369  -30.494  -55.636  7.899 0.6000000238
14378  -28.960  -55.763  6.989 0.5000000000
14381  -31.422  -55.360  6.894 0.6000000238
14395  -30.256  -54.971  5.182 0.5000000000
14397  -32.081  -55.352  4.938 0.5000000000
14414  -29.771  -55.332  4.829 0.5000000000
14415  -31.356  -54.985  4.971 0.5000000000
14429  -31.188  -55.199  3.319 0.5000000000
14431  -33.122  -55.465  2.935 0.6000000238
14443  -30.961  -55.303  2.258 0.6000000238
14457  -30.712  -55.224  1.297 0.6000000238
14459  -32.561  -55.197  1.194 0.6000000238
14467  -32.841  -54.751  -0.776 0.6999999881
14468  -33.287  -55.403  -0.307 0.6999999881
14470  -43.940  -55.980  0.064 0.5000000000
14471  -44.147  -55.901  -0.171 0.4000000060
14479  -30.422  -54.993  -0.762 0.5000000000
14481  -33.543  -55.247  -1.109 0.6999999881
14485  -39.122  -56.043  -0.534 0.5000000000
14489  -44.108  -55.991  -0.637 0.4000000060
14495  -35.056  -55.677  -1.542 0.6999999881
15041  -30.888  -54.867  6.320 0.5000000000
15056  -30.445  -54.777  5.721 0.5000000000
15057  -31.137  -54.870  5.636 0.5000000000
15106  -31.205  -54.899  0.670 0.6000000238
15118  -43.603  -54.941  0.418 0.3000000119
15119  -44.179  -54.314  0.219 0.3000000119
15136  -44.497  -54.305  -0.677 0.4000000060
15138  -28.759  -53.970  -1.608 0.4000000060
15140  -30.614  -53.767  -1.860 0.6000000238
15142  -32.978  -53.617  -1.870 0.6999999881
15146  -41.081  -54.433  -1.245 0.4000000060
15148  -43.128  -55.045  -1.382 0.3000000119
15844  -34.012  -52.903  -0.940 0.6000000238
15850  -44.208  -53.489  0.007 0.3000000119
15851  -44.456  -53.575  -0.522 0.3000000119
15858  -33.650  -52.919  -1.731 0.6000000238
15864  -44.504  -53.579  -0.962 0.3000000119
15872  -33.789  -53.472  -1.632 0.6000000238
15877  -44.322  -54.057  -1.148 0.4000000060
16590  -33.546  -52.290  2.038 0.4000000060
16598  -31.727  -51.819  0.698 0.5000000000
16614  -32.295  -52.041  -0.400 0.5000000000
16621  -44.293  -52.994  -0.499 0.3000000119
16627  -29.015  -51.040  -2.069 0.5000000000
16634  -44.095  -52.482  -0.789 0.3000000119
16642  -33.199  -52.669  -2.066 0.6000000238
16648  -44.265  -53.231  -1.225 0.3000000119
17366  -31.551  -51.550  2.599 0.4000000060
17385  -34.972  -51.930  1.739 0.4000000060
17386  -35.833  -51.820  1.447 0.4000000060
17399  -36.613  -51.625  1.017 0.4000000060
17402  -42.323  -51.711  0.684 0.3000000119
17403  -43.130  -51.873  0.024 0.3000000119
17408  -37.887  -51.442  -0.586 0.4000000060
17415  -41.518  -51.571  -2.303 0.4000000060
18128  -33.439  -51.163  2.552 0.4000000060
18129  -33.958  -51.277  2.200 0.4000000060
18142  -40.304  -49.822  1.684 0.4000000060
18940  -32.536  -49.678  3.020 0.4000000060
18957  -40.138  -48.792  1.356 0.4000000060
18958  -40.881  -49.006  1.026 0.4000000060
18968  -40.808  -49.005  0.794 0.4000000060
18969  -41.296  -49.772  0.026 0.3000000119
18979  -35.642  -49.469  -1.914 0.4000000060
18980  -36.427  -49.769  -2.227 0.4000000060
18986  -40.273  -49.739  -3.282 0.4000000060
18989  -42.590  -48.557  -3.251 0.4000000060
18992  -41.890  -49.162  -3.599 0.3000000119
19748  -31.385  -48.902  3.395 0.4000000060
19749  -32.206  -49.023  3.019 0.4000000060
19775  -32.761  -48.357  1.673 0.4000000060
19785  -34.358  -48.942  0.141 0.4000000060
19806  -36.364  -48.041  -3.229 0.4000000060
20594  -31.861  -47.236  2.085 0.3000000119
20595  -32.474  -47.570  1.504 0.4000000060
20608  -39.441  -46.977  0.911 0.4000000060
20617  -32.924  -46.771  -0.108 0.4000000060
20637  -37.126  -47.724  -3.501 0.4000000060
21461  -32.504  -46.305  0.667 0.3000000119
21501  -38.775  -46.370  -4.294 0.5000000000
23314  -33.138  -44.574  -2.778 0.4000000060
25147  -33.424  -42.298  -2.233 0.4000000060
25166  -33.747  -43.188  -3.675 0.5000000000
26049  -33.964  -42.561  -3.652 0.4000000060
119416  -38.230  -62.317  3.683 0.6999999881
119986  -37.239  -62.058  3.878 0.6999999881
120327  -41.430  -61.704  4.791 0.5000000000
122288  -43.911  -55.555  -1.201 0.3000000119
122323  -36.301  -57.403  -0.696 0.6999999881
122554  -43.246  -54.192  -1.471 0.3000000119
122587  -37.715  -59.359  -0.063 0.6999999881
122761  -30.785  -51.131  2.419 0.5000000000
124060  -28.139  -57.735  5.141 0.5000000000
125104  -29.677  -50.756  2.181 0.3000000119
126323  -43.938  -59.759  5.707 0.4000000060
126334  -32.098  -57.293  8.997 0.4000000060
126831  -43.242  -57.881  0.088 0.5000000000
127490  -33.522  -44.594  -3.546 0.4000000060
128934  -33.037  -55.868  4.115 0.5000000000
129779  -42.251  -56.303  -1.070 0.5000000000
130655  -30.571  -49.274  3.679 0.3000000119
131083  -37.952  -47.407  -3.676 0.4000000060
131380  -41.610  -58.737  10.859 0.4000000060
131546  -39.760  -59.758  7.603 0.6000000238
132004  -28.262  -57.224  5.834 0.5000000000
132531  -38.066  -57.280  2.918 0.4000000060
132685  -37.643  -57.929  8.611 0.5000000000
133163  -37.898  -61.283  10.232 0.4000000060
135120  -35.105  -60.118  2.516 0.8000000119
135139  -40.232  -55.480  5.712 0.3000000119
135310  -40.019  -57.934  -0.877 0.6000000238
135375  -41.402  -53.709  -1.470 0.4000000060
135519  -44.645  -59.482  3.888 0.3000000119
136062  -43.683  -53.094  0.220 0.3000000119
136917  -38.882  -56.933  1.872 0.4000000060
137128  -33.230  -58.329  6.272 0.6999999881
137434  -42.353  -59.505  11.073 0.4000000060
138465  -39.888  -60.130  0.824 0.6000000238
138956  -36.934  -52.215  0.905 0.4000000060
139625  -33.224  -55.448  2.363 0.5000000000
139661  -38.276  -60.300  0.845 0.6000000238
139881  -29.803  -55.486  4.130 0.5000000000
139952  -41.210  -56.127  0.802 0.3000000119
140035  -30.250  -50.879  2.289 0.3000000119
140097  -44.011  -57.383  7.039 0.3000000119
140239  -40.235  -57.321  -0.842 0.5000000000
140349  -41.384  -60.761  11.006 0.4000000060
140436  -44.152  -55.818  -0.990 0.3000000119
140922  -43.479  -60.023  6.025 0.5000000000
141371  -34.035  -57.554  3.340 0.5000000000
141981  -40.740  -51.866  -2.153 0.4000000060
143071  -44.843  -56.968  6.377 0.3000000119
