#!ascii label  , from subject sub_0001 vox2ras=TkReg
554
10436  -26.141  -61.300  0.311 0.6999999881
11748  -26.897  -59.634  -0.038 0.6000000238
135674  -27.614  -59.430  -0.245 0.6000000238
127909  -28.513  -58.492  -0.557 0.4000000060
11017  -21.887  -60.140  6.271 0.6999999881
12353  -22.901  -58.775  6.206 0.6999999881
11039  -22.361  -60.105  5.588 0.6999999881
126018  -22.802  -59.322  5.750 0.6000000238
120710  -22.791  -60.525  4.622 0.6999999881
11700  -23.132  -59.515  4.896 0.6000000238
10392  -23.071  -60.943  3.618 0.6000000238
11054  -23.311  -60.140  4.042 0.6000000238
134802  -23.262  -61.146  2.004 0.6000000238
11069  -23.440  -60.229  3.207 0.6000000238
11722  -23.463  -59.415  1.804 0.5000000000
11091  -23.685  -60.250  1.375 0.5000000000
11731  -23.521  -59.326  1.089 0.5000000000
11745  -24.047  -59.282  0.489 0.6000000238
11107  -25.113  -60.740  0.046 0.6000000238
11746  -24.865  -59.659  0.206 0.6000000238
138860  -25.901  -58.772  -0.078 0.6000000238
123341  -26.617  -59.000  -0.077 0.6000000238
120453  -22.541  -58.869  6.836 0.6000000238
13046  -23.214  -57.958  5.806 0.6000000238
12373  -23.354  -58.035  4.830 0.6000000238
12381  -23.308  -58.582  4.416 0.6000000238
119541  -23.153  -58.046  2.796 0.6000000238
12392  -23.284  -58.519  3.400 0.6000000238
11715  -23.431  -59.429  2.807 0.6000000238
12404  -23.138  -58.339  2.188 0.6000000238
12413  -23.082  -58.556  1.349 0.6000000238
11737  -23.292  -58.760  0.633 0.6000000238
12427  -22.411  -58.207  0.145 0.6999999881
12428  -23.349  -58.506  0.304 0.6000000238
136222  -24.080  -58.158  0.050 0.6000000238
12431  -27.457  -58.876  -0.621 0.5000000000
135902  -28.046  -58.649  -1.117 0.5000000000
12331  -22.393  -58.554  7.497 0.6000000238
13035  -22.868  -58.259  6.741 0.6000000238
13719  -23.816  -57.327  5.340 0.6000000238
13059  -23.520  -57.648  5.125 0.6000000238
142006  -23.478  -57.844  4.373 0.6000000238
123079  -24.307  -56.908  3.062 0.6000000238
13754  -23.657  -57.329  2.404 0.6000000238
13087  -23.055  -57.784  1.713 0.6000000238
13099  -22.432  -57.835  1.189 0.6000000238
13098  -22.052  -57.823  0.740 0.6999999881
12429  -25.327  -58.049  -0.207 0.6000000238
12430  -26.505  -58.199  -0.677 0.6000000238
13118  -28.977  -57.798  -1.158 0.4000000060
13691  -23.279  -56.948  7.476 0.6000000238
13020  -22.872  -57.773  7.473 0.6000000238
13709  -24.005  -56.851  5.996 0.6000000238
13736  -24.090  -57.389  4.264 0.6000000238
13755  -24.808  -56.153  2.819 0.5000000000
13767  -24.243  -56.422  2.249 0.6000000238
13778  -22.755  -57.335  1.192 0.6999999881
135303  -22.886  -56.513  -0.059 0.6000000238
13106  -21.940  -57.881  0.207 0.6000000238
129531  -22.784  -57.975  -0.039 0.6000000238
13113  -23.522  -57.450  -0.172 0.6000000238
13114  -24.549  -57.279  -0.319 0.6000000238
13796  -26.240  -56.644  -1.001 0.6000000238
13116  -26.729  -57.363  -1.139 0.6000000238
13129  -28.548  -57.226  -1.410 0.4000000060
13117  -27.641  -57.315  -1.410 0.5000000000
13681  -23.092  -56.167  8.230 0.5000000000
14365  -23.646  -56.262  7.463 0.6000000238
13708  -23.617  -56.862  6.692 0.6000000238
127797  -24.685  -56.157  5.889 0.6000000238
13720  -24.642  -56.608  4.966 0.5000000000
14392  -25.208  -55.884  5.229 0.5000000000
13737  -24.889  -56.426  3.687 0.5000000000
14442  -24.564  -55.595  2.431 0.6000000238
15096  -23.219  -54.640  1.597 0.6000000238
14441  -23.765  -55.828  1.609 0.6999999881
14454  -22.375  -56.221  0.670 0.6999999881
13777  -22.159  -57.171  0.934 0.6999999881
15121  -23.064  -54.756  0.704 0.6000000238
13785  -21.874  -57.343  0.077 0.6999999881
14472  -22.761  -56.022  0.213 0.6000000238
14473  -23.405  -55.733  -0.116 0.6000000238
13793  -23.727  -56.620  -0.326 0.6000000238
13794  -24.895  -56.484  -0.548 0.6000000238
14475  -25.304  -55.720  -0.624 0.6000000238
13797  -26.960  -56.538  -1.286 0.5000000000
14490  -28.086  -55.634  -1.454 0.4000000060
125079  -23.611  -55.707  8.002 0.6000000238
14366  -24.142  -55.626  7.433 0.6000000238
14376  -24.189  -56.168  6.686 0.5000000000
14377  -25.241  -55.452  5.894 0.6000000238
14393  -25.596  -55.193  4.979 0.5000000000
14428  -25.318  -54.504  3.412 0.6000000238
15820  -24.756  -53.800  3.517 0.5000000000
14427  -25.305  -55.430  3.160 0.6000000238
15087  -24.625  -54.582  2.698 0.5000000000
15086  -23.579  -54.357  2.393 0.5000000000
15828  -22.204  -53.826  1.850 0.5000000000
132648  -22.734  -54.421  1.217 0.6000000238
15827  -21.171  -53.297  1.783 0.5000000000
15095  -22.273  -53.732  1.314 0.5000000000
15105  -22.990  -54.955  0.950 0.6000000238
15835  -21.373  -53.205  1.061 0.4000000060
127683  -22.862  -55.548  0.664 0.6999999881
131978  -22.222  -53.051  0.891 0.4000000060
15852  -23.210  -53.812  0.488 0.5000000000
15122  -23.312  -54.829  0.258 0.6000000238
131981  -23.921  -53.504  -0.066 0.5000000000
124978  -23.966  -54.871  -0.201 0.6000000238
15853  -24.717  -53.294  -0.590 0.5000000000
120549  -27.512  -54.827  -1.332 0.5000000000
15124  -25.231  -53.949  -0.746 0.6000000238
124096  -25.746  -54.846  -0.701 0.6000000238
14477  -27.200  -55.691  -1.339 0.6000000238
120697  -24.107  -55.132  8.203 0.5000000000
15038  -24.736  -55.448  6.714 0.5000000000
124005  -25.709  -54.744  5.565 0.5000000000
15072  -25.548  -54.025  4.140 0.4000000060
123535  -23.347  -53.714  3.225 0.5000000000
15085  -22.518  -53.862  2.544 0.5000000000
15819  -21.825  -53.474  3.403 0.5000000000
17390  -21.432  -51.634  0.455 0.4000000060
140984  -20.817  -52.878  0.671 0.4000000060
123094  -21.650  -52.520  0.656 0.4000000060
16608  -23.016  -52.916  0.640 0.5000000000
123175  -23.452  -52.392  0.402 0.5000000000
16622  -24.136  -52.928  -0.045 0.5000000000
16609  -24.358  -52.402  0.211 0.5000000000
15856  -27.246  -53.018  -1.435 0.5000000000
15137  -27.844  -53.945  -1.405 0.5000000000
15854  -25.516  -53.120  -1.032 0.6000000238
15126  -26.932  -53.942  -1.305 0.5000000000
15809  -22.324  -53.165  4.241 0.4000000060
16579  -21.046  -52.662  3.349 0.5000000000
16587  -20.771  -52.863  1.904 0.5000000000
17375  -21.200  -51.663  1.382 0.5000000000
17391  -22.441  -51.824  0.378 0.4000000060
130938  -26.757  -52.296  -1.317 0.5000000000
16636  -27.417  -52.066  -1.961 0.3000000119
17392  -23.831  -51.625  0.683 0.5000000000
16610  -25.297  -52.188  0.067 0.5000000000
16624  -25.961  -52.435  -0.834 0.5000000000
17360  -21.250  -52.051  2.547 0.4000000060
17389  -21.344  -51.630  0.651 0.4000000060
18135  -20.963  -50.553  0.529 0.4000000060
18962  -23.045  -50.083  -0.312 0.4000000060
18146  -21.601  -50.801  -0.059 0.4000000060
17376  -23.284  -51.261  0.528 0.4000000060
18963  -23.884  -50.012  0.223 0.4000000060
18136  -24.179  -50.961  1.153 0.5000000000
17395  -27.307  -51.353  0.351 0.4000000060
17405  -27.727  -50.910  -0.887 0.4000000060
138505  -24.685  -51.808  0.805 0.5000000000
17377  -24.758  -51.231  1.443 0.5000000000
17393  -25.579  -51.634  1.193 0.5000000000
16611  -26.299  -51.843  -0.120 0.5000000000
142552  -24.207  -49.555  -0.301 0.4000000060
18950  -24.364  -50.327  1.219 0.4000000060
17394  -26.545  -51.610  1.107 0.5000000000
18137  -24.965  -50.594  1.907 0.5000000000
122903  -25.557  -51.140  2.054 0.5000000000
119859  -24.639  -49.566  0.710 0.4000000060
17364  -27.810  -50.920  2.290 0.4000000060
17365  -28.729  -50.745  2.164 0.3000000119
18951  -24.974  -49.845  1.819 0.5000000000
17361  -25.818  -50.606  2.354 0.5000000000
17378  -26.342  -51.341  1.953 0.5000000000
18973  -24.596  -49.114  -0.554 0.4000000060
18124  -27.278  -50.547  2.804 0.3000000119
18125  -28.346  -50.581  2.793 0.3000000119
19772  -25.483  -49.175  1.282 0.4000000060
125189  -26.631  -50.595  2.628 0.5000000000
19773  -26.401  -48.789  1.631 0.4000000060
18937  -25.456  -50.090  2.255 0.5000000000
18938  -26.229  -49.994  2.552 0.5000000000
142337  -26.067  -48.454  -0.484 0.4000000060
137624  -28.490  -49.717  3.363 0.3000000119
18926  -29.152  -49.606  3.612 0.3000000119
19780  -25.337  -48.850  0.144 0.4000000060
132753  -27.601  -49.024  3.020 0.4000000060
19781  -26.218  -48.590  0.480 0.4000000060
19760  -26.707  -49.221  2.532 0.4000000060
20614  -26.397  -48.142  -1.434 0.5000000000
19761  -28.247  -48.284  2.811 0.3000000119
19746  -28.536  -48.997  3.481 0.4000000060
20560  -29.705  -47.789  3.168 0.4000000060
19747  -29.703  -48.733  3.677 0.4000000060
19792  -26.830  -48.139  -0.400 0.4000000060
19774  -27.386  -48.350  2.075 0.5000000000
19782  -27.033  -48.153  0.792 0.5000000000
20591  -27.871  -47.700  1.085 0.5000000000
20592  -28.680  -47.363  1.392 0.4000000060
20575  -28.982  -47.591  2.482 0.4000000060
20576  -29.868  -47.194  2.475 0.4000000060
20562  -31.081  -48.020  3.070 0.3000000119
20615  -27.522  -47.876  -1.258 0.5000000000
20616  -28.323  -47.452  -0.862 0.5000000000
22328  -30.323  -45.792  1.412 0.4000000060
22329  -31.060  -45.763  1.498 0.3000000119
21488  -28.588  -46.343  -2.064 0.5000000000
21460  -29.212  -46.296  0.264 0.4000000060
21450  -29.716  -46.331  1.333 0.4000000060
21434  -30.014  -46.694  1.983 0.4000000060
22330  -31.819  -45.916  1.254 0.3000000119
20624  -28.135  -47.353  -1.678 0.5000000000
20604  -28.400  -47.284  0.269 0.5000000000
21449  -29.018  -46.863  0.765 0.5000000000
21467  -28.756  -46.939  -1.327 0.5000000000
23284  -29.810  -44.998  0.377 0.4000000060
23285  -30.717  -44.613  0.632 0.4000000060
23312  -28.251  -45.187  -2.698 0.5000000000
22338  -31.401  -45.178  1.009 0.3000000119
21480  -28.660  -46.742  -1.837 0.5000000000
21481  -29.060  -46.489  -1.596 0.5000000000
21468  -29.130  -46.418  -0.882 0.5000000000
24179  -31.045  -43.987  0.235 0.4000000060
125068  -28.486  -44.428  -3.250 0.5000000000
24195  -29.524  -43.524  -1.856 0.5000000000
24187  -31.412  -43.486  -0.181 0.3000000119
23286  -31.683  -44.624  0.424 0.3000000119
24207  -29.258  -44.068  -3.431 0.5000000000
24208  -29.266  -44.257  -2.529 0.5000000000
22368  -29.136  -45.268  -2.026 0.5000000000
11747  -25.842  -59.841  -0.063 0.6000000238
11749  -28.144  -59.140  -0.462 0.5000000000
11081  -23.525  -60.394  2.154 0.6000000238
13766  -23.512  -56.907  1.605 0.6999999881
13115  -25.721  -57.171  -0.670 0.6000000238
14440  -22.984  -55.384  0.992 0.6999999881
14476  -26.244  -55.808  -0.991 0.6000000238
14464  -22.180  -56.583  0.225 0.6999999881
15843  -22.808  -53.729  0.896 0.5000000000
14474  -24.344  -55.744  -0.434 0.6000000238
142753  -21.577  -53.541  2.590 0.5000000000
132139  -20.844  -52.707  0.830 0.5000000000
15111  -22.628  -53.990  1.089 0.4000000060
15855  -26.391  -53.066  -1.249 0.5000000000
18147  -22.561  -50.817  0.046 0.4000000060
18145  -21.020  -50.680  0.038 0.4000000060
18939  -27.174  -49.915  2.933 0.4000000060
20559  -29.000  -48.220  3.259 0.4000000060
21435  -30.606  -46.891  2.283 0.3000000119
22367  -28.774  -45.669  -2.332 0.5000000000
141774  -29.318  -45.192  -1.376 0.5000000000
8412  -22.782  -65.219  3.687 0.5000000000
9048  -24.237  -63.362  4.981 0.5000000000
125131  -23.556  -64.427  4.044 0.5000000000
11040  -26.104  -60.305  5.518 0.5000000000
135089  -24.948  -61.786  5.710 0.5000000000
9714  -24.620  -62.551  5.359 0.4000000060
8418  -22.564  -65.228  2.437 0.5000000000
9061  -24.492  -63.378  4.034 0.6000000238
8413  -23.407  -64.496  2.825 0.6000000238
9715  -25.215  -62.086  4.849 0.5000000000
9729  -24.852  -62.781  4.482 0.5000000000
142915  -26.889  -59.154  5.719 0.4000000060
8434  -19.119  -64.750  0.739 0.6999999881
122118  -19.927  -65.560  0.959 0.6999999881
8428  -22.294  -65.345  1.296 0.6999999881
9075  -23.981  -63.825  3.520 0.5000000000
11055  -26.290  -60.557  4.570 0.5000000000
136605  -25.687  -61.784  4.366 0.5000000000
9740  -25.035  -62.930  3.599 0.5000000000
11687  -27.150  -59.172  5.090 0.5000000000
11702  -26.665  -59.872  4.840 0.5000000000
9724  -17.826  -63.129  3.480 0.5000000000
9074  -17.701  -63.551  2.463 0.6999999881
9081  -18.336  -63.346  1.895 0.6999999881
122751  -18.404  -63.979  1.375 0.6999999881
134700  -19.061  -63.680  1.266 0.6999999881
7826  -20.715  -65.836  1.169 0.6000000238
8420  -23.830  -64.191  1.780 0.6999999881
8419  -23.134  -64.876  1.501 0.6000000238
10378  -26.102  -61.255  4.129 0.5000000000
10393  -26.008  -61.968  3.666 0.6000000238
137425  -25.107  -63.078  2.768 0.6000000238
11056  -26.745  -60.128  4.114 0.5000000000
12375  -28.033  -58.134  4.348 0.5000000000
9725  -18.656  -62.643  3.945 0.5000000000
9745  -18.449  -62.822  2.838 0.6999999881
8435  -19.594  -64.647  0.640 0.6999999881
134746  -20.361  -63.297  0.761 0.6999999881
9751  -19.616  -62.871  1.446 0.6999999881
8427  -21.859  -65.194  0.604 0.8000000119
118369  -22.134  -64.534  -0.015 0.6999999881
9084  -24.670  -63.554  1.884 0.6000000238
8430  -24.278  -64.141  1.022 0.6999999881
10394  -26.478  -61.427  3.293 0.6999999881
9741  -26.281  -62.059  2.902 0.6000000238
11703  -27.164  -59.543  4.171 0.6000000238
11071  -27.231  -60.123  3.354 0.6000000238
12393  -28.041  -58.584  3.533 0.6000000238
9697  -18.237  -62.598  6.403 0.5000000000
9712  -19.358  -62.284  5.381 0.6000000238
9711  -18.621  -62.709  5.583 0.5000000000
9726  -19.490  -62.240  4.424 0.6000000238
9737  -19.309  -62.389  3.339 0.6000000238
9746  -19.223  -62.675  2.161 0.6999999881
9752  -20.359  -62.790  1.140 0.6999999881
9747  -20.030  -62.577  1.866 0.6000000238
9092  -20.997  -64.006  0.436 0.6999999881
9757  -21.024  -62.998  0.548 0.6999999881
121978  -22.908  -64.963  0.444 0.6999999881
10410  -26.689  -61.612  2.230 0.6999999881
11716  -27.679  -59.309  3.420 0.6999999881
11082  -27.473  -60.453  2.529 0.6999999881
9698  -19.104  -62.253  6.197 0.5000000000
9713  -20.052  -61.898  5.104 0.6000000238
142754  -20.185  -61.953  4.401 0.6000000238
9738  -20.184  -62.318  2.890 0.6000000238
118643  -21.816  -63.440  0.043 0.8000000119
9758  -22.295  -62.771  -0.087 0.5000000000
9748  -21.037  -62.533  2.057 0.6000000238
8440  -24.129  -64.139  0.371 0.6999999881
9098  -24.312  -63.430  -0.056 0.6999999881
10422  -26.865  -61.420  1.231 0.6999999881
9756  -26.154  -62.315  0.962 0.6999999881
11717  -28.219  -59.144  2.720 0.5000000000
11724  -28.282  -59.693  1.844 0.6999999881
132640  -28.526  -58.903  2.035 0.5000000000
124209  -19.078  -61.199  7.360 0.5000000000
10323  -19.832  -60.918  7.051 0.5000000000
10337  -21.067  -61.115  6.212 0.6000000238
10355  -19.843  -61.852  5.926 0.6000000238
10356  -20.617  -61.584  5.673 0.6000000238
10375  -20.855  -61.741  4.741 0.6000000238
10358  -22.089  -60.977  5.108 0.6000000238
9728  -21.323  -61.844  4.006 0.6000000238
10376  -21.697  -61.481  4.538 0.6000000238
9759  -23.447  -62.334  -0.133 0.6000000238
123791  -22.801  -62.233  0.120 0.5000000000
10391  -22.140  -61.720  3.592 0.5000000000
9763  -25.221  -62.315  0.078 0.6000000238
9762  -24.337  -62.595  -0.084 0.6000000238
10430  -26.758  -61.185  0.712 0.6000000238
10429  -26.330  -61.648  0.513 0.6000000238
11738  -28.184  -59.480  0.298 0.5000000000
11003  -19.457  -60.522  7.725 0.5000000000
11015  -20.656  -60.648  6.934 0.6000000238
11038  -21.714  -60.752  5.890 0.6000000238
10419  -22.054  -62.242  1.721 0.5000000000
11080  -23.342  -60.866  2.712 0.5000000000
10433  -23.972  -61.817  -0.037 0.4000000060
10427  -23.459  -61.624  0.417 0.5000000000
123206  -22.916  -61.815  0.676 0.5000000000
11098  -26.621  -60.876  0.466 0.6000000238
131963  -18.955  -59.886  8.449 0.5000000000
10987  -19.957  -59.974  8.019 0.6000000238
135861  -21.200  -60.189  7.188 0.6000000238
11016  -21.383  -60.487  6.597 0.6000000238
11106  -24.267  -61.013  0.437 0.5000000000
11097  -23.853  -60.655  0.994 0.4000000060
11626  -18.017  -59.350  9.152 0.5000000000
11638  -19.605  -59.241  8.562 0.5000000000
11639  -20.580  -59.493  8.254 0.6000000238
11005  -21.746  -59.901  6.921 0.6000000238
11601  -17.856  -59.244  10.057 0.5000000000
12304  -19.126  -58.388  9.102 0.5000000000
12305  -20.216  -58.692  8.812 0.6000000238
11651  -22.073  -59.271  7.217 0.6000000238
11602  -18.482  -58.617  10.420 0.5000000000
12283  -18.978  -57.875  9.935 0.5000000000
12284  -19.830  -57.948  9.447 0.5000000000
12997  -21.706  -58.123  8.782 0.6000000238
12306  -21.264  -58.875  8.443 0.6000000238
12258  -19.063  -58.088  10.759 0.5000000000
12970  -19.781  -57.562  9.995 0.5000000000
12243  -19.906  -58.251  11.370 0.5000000000
12998  -22.352  -57.950  8.234 0.5000000000
12944  -19.672  -57.717  10.533 0.5000000000
12972  -21.316  -57.471  9.353 0.5000000000
12235  -20.137  -58.804  12.314 0.5000000000
12931  -20.756  -58.079  12.144 0.5000000000
12946  -21.110  -57.058  9.981 0.5000000000
12973  -22.098  -57.269  8.911 0.4000000060
12920  -20.916  -57.900  13.239 0.5000000000
138491  -21.186  -56.927  10.633 0.5000000000
13655  -21.670  -56.428  10.265 0.4000000060
143146  -22.116  -56.694  9.184 0.4000000060
12932  -21.109  -57.266  11.469 0.4000000060
14342  -22.636  -55.525  9.757 0.4000000060
10435  -25.528  -61.539  0.097 0.6000000238
11099  -27.252  -60.465  0.504 0.5000000000
11732  -28.457  -59.321  1.106 0.4000000060
10408  -21.914  -62.193  2.657 0.6000000238
14355  -22.768  -55.748  9.007 0.4000000060
14356  -23.317  -55.400  8.605 0.4000000060
8437  -21.166  -64.933  0.331 0.6999999881
8438  -23.087  -64.423  -0.060 0.6999999881
9750  -26.127  -62.349  1.973 0.6999999881
9089  -25.229  -63.121  1.096 0.6999999881
9753  -21.341  -62.567  0.986 0.6000000238
9739  -21.242  -62.196  3.208 0.6000000238
10411  -27.233  -60.935  1.934 0.6999999881
9097  -23.622  -63.183  -0.175 0.6999999881
9096  -25.052  -63.136  0.396 0.6999999881
11092  -27.366  -60.768  1.070 0.6000000238
7810  -22.034  -65.935  3.128 0.5000000000
7818  -21.931  -65.750  2.091 0.5000000000
7827  -21.393  -65.769  1.407 0.6000000238
7835  -19.654  -65.008  0.559 0.6999999881
7836  -20.478  -65.237  0.676 0.6999999881
7837  -21.132  -65.388  0.807 0.6000000238
8426  -18.462  -64.611  1.082 0.6999999881
8429  -23.673  -64.550  0.810 0.6999999881
8436  -20.288  -64.724  0.490 0.6999999881
8439  -23.537  -64.444  0.260 0.6999999881
9076  -24.580  -63.431  3.111 0.6000000238
9082  -18.999  -63.241  1.430 0.6999999881
9083  -24.037  -63.815  2.648 0.6999999881
9085  -25.470  -62.924  2.031 0.6000000238
9086  -17.654  -64.077  1.724 0.6999999881
9087  -19.623  -63.345  1.079 0.6999999881
9088  -24.662  -63.666  0.691 0.6999999881
9090  -19.162  -64.210  1.008 0.6999999881
9091  -20.004  -64.029  0.783 0.6999999881
9093  -22.819  -63.638  -0.186 0.6999999881
9094  -23.808  -63.987  -0.156 0.6999999881
9095  -24.504  -63.638  0.122 0.6999999881
9099  -24.895  -63.054  0.090 0.6000000238
9727  -20.621  -62.003  3.856 0.6000000238
9730  -25.459  -62.385  4.027 0.5000000000
9749  -25.754  -62.690  1.291 0.6999999881
9754  -22.242  -62.286  0.672 0.5000000000
9755  -25.632  -62.653  0.654 0.6999999881
9760  -25.485  -62.590  0.328 0.6999999881
9761  -26.020  -62.171  0.533 0.6000000238
10335  -19.486  -61.584  6.638 0.5000000000
10336  -20.253  -61.281  6.391 0.6000000238
10357  -21.344  -61.313  5.383 0.6000000238
10377  -22.406  -61.182  4.313 0.6000000238
10395  -26.997  -60.900  2.882 0.6999999881
10409  -23.388  -61.108  1.201 0.5000000000
10420  -22.759  -61.683  1.426 0.6000000238
10421  -26.469  -61.840  0.743 0.6999999881
10428  -25.874  -62.009  0.318 0.6000000238
10434  -24.736  -61.713  -0.020 0.6000000238
11004  -20.698  -60.110  7.642 0.6000000238
11070  -26.594  -60.694  3.719 0.6000000238
11083  -27.791  -60.343  1.777 0.6999999881
11093  -27.983  -60.076  0.864 0.6000000238
11100  -27.744  -59.731  0.038 0.5000000000
11108  -25.828  -60.826  0.113 0.6000000238
11109  -26.408  -60.479  0.155 0.6000000238
11110  -27.117  -60.147  0.128 0.6000000238
11585  -18.388  -59.498  10.925 0.5000000000
11627  -18.318  -58.594  9.540 0.5000000000
11640  -21.416  -59.642  7.724 0.6000000238
11701  -23.373  -59.426  3.823 0.6000000238
11723  -27.854  -59.857  2.604 0.6999999881
11730  -22.577  -58.195  0.657 0.6000000238
12236  -20.554  -58.492  13.011 0.5000000000
12285  -20.843  -58.146  9.127 0.6000000238
12307  -21.965  -58.578  8.225 0.6000000238
12330  -21.896  -59.062  7.888 0.6000000238
12372  -23.158  -58.654  5.357 0.6000000238
12382  -27.587  -58.799  4.250 0.5000000000
12412  -22.559  -57.980  1.281 0.6000000238
12420  -28.478  -58.706  0.285 0.4000000060
12421  -28.728  -58.067  -0.229 0.4000000060
12432  -28.488  -58.512  -0.985 0.4000000060
12433  -28.984  -58.004  -0.926 0.4000000060
12442  -28.294  -58.037  -1.324 0.5000000000
12930  -20.335  -57.648  11.137 0.5000000000
12945  -20.458  -57.335  10.441 0.5000000000
12971  -20.472  -57.492  9.729 0.5000000000
13036  -23.268  -57.519  6.635 0.6000000238
13047  -23.487  -57.332  5.902 0.6000000238
13097  -21.806  -57.576  0.380 0.6999999881
13105  -21.782  -57.699  0.079 0.6999999881
13112  -22.075  -57.709  -0.062 0.6000000238
13649  -21.597  -56.532  11.199 0.4000000060
13656  -22.221  -55.895  10.202 0.4000000060
13667  -21.707  -56.804  9.523 0.4000000060
13668  -22.204  -56.198  9.521 0.4000000060
13680  -22.761  -57.112  8.230 0.6000000238
13776  -21.923  -57.013  0.434 0.6999999881
13795  -25.668  -56.376  -0.793 0.6000000238
13808  -27.862  -56.463  -1.480 0.4000000060
13809  -28.713  -56.361  -1.379 0.4000000060
14412  -25.405  -55.791  4.334 0.5000000000
14413  -25.625  -54.896  4.098 0.5000000000
14455  -22.865  -56.537  1.023 0.6999999881
15055  -25.842  -54.386  4.879 0.5000000000
15097  -24.068  -55.048  2.079 0.6000000238
15123  -24.405  -54.024  -0.403 0.6000000238
15125  -26.051  -53.918  -1.108 0.6000000238
15818  -21.056  -53.217  2.942 0.5000000000
15842  -21.961  -53.139  1.028 0.4000000060
16596  -20.752  -52.989  0.946 0.5000000000
16607  -21.051  -52.935  0.606 0.4000000060
16623  -25.006  -52.723  -0.523 0.5000000000
16625  -27.038  -51.561  -1.181 0.5000000000
16626  -27.912  -51.177  -1.853 0.3000000119
17362  -26.266  -51.030  2.370 0.5000000000
17363  -27.012  -51.063  2.503 0.3000000119
17379  -27.179  -51.324  1.717 0.4000000060
18111  -27.948  -50.198  3.059 0.3000000119
18112  -28.791  -50.162  3.228 0.3000000119
18148  -23.546  -50.665  0.536 0.4000000060
18925  -27.970  -49.573  3.191 0.3000000119
18952  -25.800  -49.507  2.113 0.5000000000
20561  -30.325  -48.070  3.362 0.4000000060
20574  -28.200  -47.794  2.022 0.4000000060
20577  -30.487  -47.510  2.860 0.4000000060
20578  -31.184  -47.313  2.471 0.3000000119
20593  -29.402  -47.018  1.756 0.4000000060
20603  -27.640  -47.679  -0.096 0.5000000000
21451  -30.532  -46.276  1.825 0.4000000060
21452  -31.363  -46.552  1.880 0.3000000119
21459  -28.802  -46.885  -0.388 0.5000000000
21479  -27.896  -46.985  -2.103 0.5000000000
22336  -29.751  -45.669  0.803 0.4000000060
22337  -30.499  -45.257  1.063 0.4000000060
22357  -29.036  -46.153  -1.967 0.5000000000
22358  -29.271  -45.844  -1.353 0.5000000000
23306  -29.381  -44.457  -1.326 0.5000000000
23313  -28.881  -44.788  -2.695 0.5000000000
119575  -21.687  -62.745  0.336 0.6000000238
119679  -22.714  -61.567  2.539 0.5000000000
123089  -23.519  -57.751  3.516 0.6000000238
123361  -27.181  -58.687  5.843 0.4000000060
123504  -24.858  -54.841  -0.426 0.6000000238
124396  -27.658  -50.705  2.740 0.3000000119
124825  -24.027  -59.846  0.865 0.6000000238
125891  -25.065  -58.920  0.065 0.6000000238
126139  -26.619  -54.850  -1.106 0.5000000000
126430  -28.043  -59.091  -0.781 0.5000000000
126562  -25.709  -62.575  3.048 0.6000000238
128188  -19.943  -62.097  3.793 0.6000000238
128358  -24.025  -63.823  4.329 0.6000000238
130959  -24.258  -58.918  0.260 0.6000000238
131262  -18.861  -62.604  4.836 0.5000000000
131413  -27.474  -58.162  -1.225 0.5000000000
133082  -21.108  -52.538  0.706 0.4000000060
134797  -22.721  -57.206  -0.127 0.6000000238
135361  -22.941  -62.797  -0.194 0.6000000238
135432  -22.142  -56.910  -0.050 0.6000000238
135538  -23.299  -58.047  3.936 0.6000000238
136173  -22.893  -58.047  1.770 0.6000000238
136211  -23.215  -54.240  0.504 0.5000000000
136686  -22.498  -56.502  8.832 0.5000000000
137498  -22.308  -59.491  6.400 0.6000000238
138062  -18.674  -58.978  8.881 0.5000000000
138106  -24.522  -60.136  0.455 0.5000000000
138264  -26.519  -61.955  1.340 0.6999999881
138433  -25.662  -61.199  5.137 0.5000000000
139692  -27.898  -59.342  -0.432 0.5000000000
140002  -26.489  -51.977  -1.014 0.5000000000
140580  -23.744  -54.182  -0.047 0.6000000238
141051  -20.148  -60.454  7.489 0.6000000238
141548  -25.669  -60.743  5.815 0.5000000000
141725  -24.691  -55.800  6.325 0.5000000000
142041  -22.346  -65.877  3.870 0.5000000000
