#!ascii label  , from subject sub_0001 vox2ras=TkReg
1337
129369  -32.660  -69.330  1.341 0.5000000000
4977  -32.236  -70.133  0.973 0.6000000238
6033  -37.728  -68.371  7.583 0.3000000119
133735  -31.215  -71.588  0.568 0.5000000000
5504  -36.694  -69.045  4.426 0.4000000060
6052  -37.789  -68.401  5.542 0.4000000060
6043  -38.138  -68.149  6.522 0.4000000060
6034  -38.664  -68.203  7.275 0.3000000119
121071  -38.602  -68.277  4.660 0.4000000060
6123  -31.961  -68.025  0.191 0.5000000000
5587  -32.569  -68.488  0.440 0.5000000000
4978  -32.641  -69.429  0.937 0.5000000000
127015  -31.015  -67.772  -0.078 0.6000000238
6122  -31.351  -68.319  0.116 0.5000000000
4991  -32.091  -69.878  0.693 0.6000000238
129102  -38.291  -68.650  9.365 0.3000000119
4462  -30.824  -70.918  0.436 0.5000000000
5523  -37.172  -68.671  3.570 0.5000000000
4946  -36.527  -68.972  3.796 0.5000000000
6021  -38.642  -68.302  8.356 0.3000000119
5571  -30.269  -69.687  -0.472 0.6000000238
6068  -38.642  -68.306  3.829 0.5000000000
5505  -37.529  -68.660  4.028 0.4000000060
6053  -38.777  -68.047  5.668 0.4000000060
6035  -39.651  -68.293  7.460 0.3000000119
6022  -39.870  -68.337  8.458 0.3000000119
6080  -39.547  -68.135  3.132 0.4000000060
140869  -39.034  -67.893  5.080 0.4000000060
6054  -39.542  -67.812  5.742 0.4000000060
125023  -39.107  -67.857  4.050 0.4000000060
7833  -31.994  -65.580  1.393 0.6999999881
7842  -32.584  -65.914  1.211 0.6999999881
121964  -33.374  -66.204  1.120 0.6999999881
5550  -33.134  -68.835  1.629 0.5000000000
7832  -31.348  -64.799  1.333 0.6999999881
7840  -31.183  -65.305  0.700 0.6999999881
7279  -31.620  -66.755  0.238 0.8000000119
140743  -31.689  -67.120  0.194 0.5000000000
6658  -30.735  -67.180  -0.092 0.6999999881
5551  -34.167  -68.588  2.046 0.5000000000
137172  -30.926  -66.004  0.159 0.6999999881
5535  -35.380  -68.775  2.858 0.4000000060
5536  -35.968  -68.943  3.180 0.5000000000
6004  -39.449  -68.569  10.359 0.3000000119
6116  -29.755  -67.875  -0.092 0.6000000238
125757  -36.520  -68.585  2.699 0.5000000000
5537  -37.749  -68.433  3.366 0.5000000000
6005  -40.076  -68.205  9.407 0.3000000119
6117  -30.434  -67.878  -0.226 0.5000000000
6104  -38.144  -67.792  2.826 0.5000000000
7245  -39.975  -66.518  2.928 0.4000000060
7258  -40.280  -67.094  2.794 0.4000000060
6626  -39.317  -67.382  5.106 0.4000000060
136643  -40.429  -68.098  5.969 0.4000000060
6044  -40.808  -68.294  6.544 0.4000000060
7246  -40.036  -66.799  3.207 0.3000000119
6634  -39.262  -67.132  4.104 0.4000000060
9077  -30.391  -63.559  2.999 0.5000000000
8416  -30.869  -63.806  3.001 0.6000000238
125939  -31.064  -64.169  3.416 0.6000000238
132266  -31.516  -64.982  2.171 0.6000000238
7822  -32.329  -65.700  1.691 0.6000000238
9063  -30.338  -62.547  4.267 0.5000000000
8409  -29.596  -63.321  3.841 0.5000000000
8415  -29.788  -63.542  3.065 0.6000000238
8423  -30.620  -64.047  2.196 0.6000000238
8433  -30.874  -64.227  1.481 0.6999999881
6660  -33.908  -67.467  0.609 0.6000000238
6538  -38.977  -68.281  13.058 0.3000000119
7778  -28.125  -64.752  4.909 0.6999999881
7796  -28.381  -64.936  4.093 0.6000000238
8414  -29.039  -64.203  3.535 0.6000000238
8422  -29.979  -63.913  2.260 0.6000000238
7831  -30.680  -64.479  0.931 0.6999999881
7277  -34.942  -66.826  1.478 0.6000000238
6661  -34.731  -67.390  0.988 0.6000000238
119719  -34.839  -68.660  2.473 0.5000000000
7777  -27.575  -65.262  5.380 0.6999999881
7795  -27.768  -65.525  4.659 0.6000000238
7811  -28.018  -65.711  3.722 0.6000000238
8421  -29.228  -64.347  2.633 0.6000000238
124104  -28.525  -65.090  1.371 0.6999999881
7838  -29.218  -65.744  0.607 0.6999999881
6101  -35.217  -68.580  2.195 0.5000000000
5983  -39.528  -68.756  11.195 0.3000000119
7193  -26.897  -66.147  6.235 0.6999999881
7208  -27.155  -65.983  5.335 0.6000000238
125329  -28.100  -65.680  2.660 0.6000000238
7819  -28.166  -65.503  1.723 0.6000000238
140138  -29.378  -66.884  -0.002 0.6999999881
7278  -35.456  -67.011  1.840 0.5000000000
7268  -37.283  -66.859  2.372 0.5000000000
7225  -27.450  -66.270  4.265 0.6000000238
7239  -27.535  -66.322  3.140 0.6000000238
7263  -28.302  -65.892  0.712 0.6000000238
128417  -28.189  -67.060  0.099 0.6000000238
6115  -28.652  -67.917  0.310 0.6000000238
7256  -36.487  -66.406  2.432 0.5000000000
6633  -26.561  -67.461  5.216 0.6999999881
123853  -26.948  -66.809  4.768 0.6000000238
7252  -27.511  -66.227  1.890 0.6000000238
7251  -26.725  -66.948  1.825 0.5000000000
7261  -26.962  -66.855  1.215 0.5000000000
6114  -27.413  -68.045  0.371 0.5000000000
139809  -29.025  -68.708  0.449 0.5000000000
120200  -37.791  -66.450  2.569 0.5000000000
126041  -39.391  -65.771  5.286 0.3000000119
7210  -39.457  -66.128  4.747 0.3000000119
7233  -39.285  -66.673  4.440 0.3000000119
6628  -41.710  -67.669  5.755 0.4000000060
6056  -41.676  -68.144  5.916 0.4000000060
5569  -28.203  -68.827  0.825 0.5000000000
7209  -39.002  -65.912  4.485 0.3000000119
7232  -39.346  -66.453  3.815 0.3000000119
6627  -40.113  -67.023  5.312 0.4000000060
9731  -30.673  -61.729  4.830 0.5000000000
9064  -30.713  -62.431  4.517 0.5000000000
9052  -30.828  -62.891  4.733 0.5000000000
9065  -30.656  -63.424  4.018 0.5000000000
9716  -29.253  -62.002  5.604 0.5000000000
9049  -28.849  -62.851  5.234 0.5000000000
9062  -29.321  -63.047  4.544 0.5000000000
9078  -30.439  -63.266  3.894 0.5000000000
7798  -32.055  -65.703  3.692 0.6000000238
135464  -32.740  -66.065  3.311 0.6000000238
138627  -28.223  -63.706  5.735 0.5000000000
7240  -33.248  -66.106  2.355 0.6000000238
7264  -33.791  -66.248  1.370 0.8000000119
7083  -39.799  -67.363  13.752 0.3000000119
8377  -27.348  -64.680  6.480 0.6000000238
8394  -27.812  -64.568  5.748 0.6000000238
8395  -28.461  -63.860  5.081 0.6000000238
7241  -34.379  -66.219  2.692 0.4000000060
6512  -40.161  -67.528  13.833 0.3000000119
7761  -27.209  -65.387  6.190 0.6999999881
123245  -34.975  -66.467  1.939 0.5000000000
7276  -34.232  -66.585  0.976 0.6000000238
5964  -39.608  -68.639  12.052 0.3000000119
7760  -26.824  -65.960  7.052 0.6999999881
122710  -36.225  -65.932  2.628 0.4000000060
119525  -40.015  -68.266  11.229 0.3000000119
7207  -26.777  -66.764  5.791 0.6999999881
6023  -40.725  -68.250  8.372 0.3000000119
6615  -26.632  -67.434  7.368 0.6000000238
6625  -26.549  -67.614  6.385 0.6999999881
119593  -26.625  -67.438  4.145 0.6000000238
7238  -26.956  -66.923  2.630 0.5000000000
6655  -27.671  -67.464  0.292 0.6000000238
7230  -37.369  -65.739  3.728 0.4000000060
133231  -38.043  -66.114  2.924 0.4000000060
7745  -38.803  -65.445  6.899 0.3000000119
7765  -39.607  -65.675  6.131 0.3000000119
128063  -40.282  -65.772  6.270 0.3000000119
7212  -41.361  -67.063  5.818 0.4000000060
6036  -41.233  -68.235  7.283 0.3000000119
6066  -26.271  -68.127  4.579 0.6000000238
6079  -26.049  -67.881  3.426 0.5000000000
139398  -25.549  -67.951  2.573 0.5000000000
6650  -26.260  -67.158  1.407 0.5000000000
131365  -26.196  -68.046  0.327 0.5000000000
130449  -26.388  -68.303  0.344 0.6000000238
5568  -26.868  -68.856  0.779 0.5000000000
7803  -38.031  -65.634  4.594 0.3000000119
125455  -38.531  -65.571  5.357 0.3000000119
6090  -25.341  -67.884  1.772 0.5000000000
6653  -25.612  -68.199  0.631 0.5000000000
6112  -24.835  -68.819  0.775 0.5000000000
10340  -29.580  -61.262  6.110 0.5000000000
9717  -30.203  -61.262  5.300 0.5000000000
9051  -31.002  -61.861  4.965 0.5000000000
135851  -31.282  -64.044  6.198 0.5000000000
142074  -30.983  -63.897  5.419 0.5000000000
8396  -31.518  -64.764  5.666 0.5000000000
9030  -27.618  -63.418  7.004 0.5000000000
9050  -29.884  -61.965  4.770 0.5000000000
7779  -31.905  -65.546  4.818 0.4000000060
9031  -28.350  -62.980  6.185 0.5000000000
7780  -33.176  -65.751  5.204 0.4000000060
7669  -39.258  -66.734  13.461 0.3000000119
7653  -40.354  -66.180  14.382 0.3000000119
130766  -27.127  -64.254  7.060 0.6000000238
7799  -33.910  -65.927  4.451 0.4000000060
7227  -33.607  -66.165  3.475 0.4000000060
7741  -26.648  -65.703  7.852 0.6000000238
7742  -26.977  -65.115  7.098 0.6000000238
6527  -40.123  -67.647  13.735 0.3000000119
5951  -40.168  -67.903  13.304 0.3000000119
7179  -26.609  -66.694  7.918 0.6000000238
7229  -35.560  -65.820  3.844 0.4000000060
7801  -35.549  -65.688  4.701 0.4000000060
129140  -36.278  -65.663  4.326 0.4000000060
5984  -40.412  -67.760  10.290 0.3000000119
6032  -26.438  -67.721  8.068 0.6999999881
7784  -37.542  -65.447  5.601 0.3000000119
9718  -30.625  -61.361  5.414 0.5000000000
9032  -30.769  -61.881  5.775 0.5000000000
131603  -31.080  -63.184  6.585 0.5000000000
8356  -31.708  -63.881  6.909 0.4000000060
9701  -28.735  -62.005  6.303 0.5000000000
8379  -32.027  -64.589  6.470 0.4000000060
8397  -32.547  -65.173  5.861 0.4000000060
9700  -28.204  -62.528  7.003 0.6000000238
8398  -33.727  -65.013  5.888 0.4000000060
7781  -34.277  -65.540  5.292 0.4000000060
6513  -40.415  -67.139  13.927 0.3000000119
7066  -40.333  -67.025  14.039 0.3000000119
7730  -26.468  -66.095  8.268 0.6000000238
7800  -34.846  -65.805  4.599 0.4000000060
7228  -34.630  -65.967  3.675 0.4000000060
7782  -35.168  -65.469  5.330 0.4000000060
7783  -36.611  -65.299  5.838 0.4000000060
7802  -36.941  -65.525  4.919 0.3000000119
7763  -37.251  -65.186  6.420 0.3000000119
10342  -30.355  -61.211  6.273 0.5000000000
9010  -30.715  -62.284  7.107 0.5000000000
9011  -31.387  -63.308  7.465 0.4000000060
10325  -29.526  -61.187  6.904 0.5000000000
10326  -29.965  -60.970  7.176 0.5000000000
9034  -32.665  -63.938  6.914 0.4000000060
9683  -28.130  -61.925  7.785 0.6000000238
123378  -28.864  -61.333  7.434 0.6000000238
8380  -33.149  -64.502  6.488 0.4000000060
8338  -26.967  -63.698  7.747 0.6000000238
9682  -27.468  -62.851  7.728 0.6000000238
8381  -34.310  -64.269  6.492 0.4000000060
8399  -34.714  -64.934  5.878 0.4000000060
8355  -26.666  -64.693  7.969 0.6000000238
139061  -35.679  -64.972  5.985 0.4000000060
8382  -35.738  -64.441  6.658 0.4000000060
7762  -36.447  -64.781  6.602 0.4000000060
8358  -36.653  -64.304  7.280 0.4000000060
5965  -40.058  -67.975  12.248 0.3000000119
7096  -41.094  -66.743  13.482 0.3000000119
7729  -26.258  -65.503  8.549 0.6000000238
7743  -37.141  -64.780  6.989 0.4000000060
6570  -40.849  -67.244  10.324 0.3000000119
6553  -40.591  -67.371  12.013 0.3000000119
7166  -26.222  -66.392  8.587 0.6000000238
6015  -25.885  -68.026  8.629 0.6000000238
7144  -25.046  -67.263  9.110 0.6999999881
7717  -25.092  -65.571  9.014 0.6999999881
6580  -25.472  -67.588  8.944 0.6000000238
137956  -24.571  -67.060  9.085 0.6999999881
140044  -24.423  -67.600  9.391 0.6000000238
7165  -24.684  -66.248  8.760 0.6999999881
7728  -24.064  -65.995  8.333 0.6000000238
7143  -23.823  -67.473  9.518 0.6999999881
7164  -23.892  -66.904  8.815 0.6999999881
9685  -31.180  -62.850  7.999 0.5000000000
11007  -29.982  -60.954  8.077 0.5000000000
130474  -30.199  -61.478  7.528 0.5000000000
9663  -32.410  -62.623  8.625 0.5000000000
8989  -32.957  -63.090  8.047 0.4000000060
130221  -33.083  -63.554  7.428 0.4000000060
9661  -28.602  -61.212  8.203 0.6000000238
137093  -29.730  -60.908  8.000 0.6000000238
10992  -30.119  -60.870  8.914 0.6000000238
9035  -33.607  -63.770  6.951 0.4000000060
10284  -28.157  -60.832  9.080 0.6000000238
10990  -29.131  -60.636  8.605 0.6000000238
9014  -34.491  -63.532  7.154 0.4000000060
8337  -26.182  -64.598  8.730 0.6000000238
8987  -26.468  -63.899  8.533 0.6000000238
9633  -26.510  -62.562  9.157 0.6000000238
9634  -27.087  -61.948  9.228 0.6000000238
8357  -35.920  -63.963  7.117 0.4000000060
8992  -36.832  -63.304  8.298 0.4000000060
139823  -26.272  -63.311  8.979 0.6000000238
118698  -26.386  -61.653  9.548 0.6000000238
10946  -26.935  -59.849  10.147 0.6000000238
9017  -37.107  -63.924  7.891 0.4000000060
8993  -37.657  -63.671  8.456 0.4000000060
7718  -25.711  -65.941  8.889 0.6000000238
8323  -25.802  -63.905  9.158 0.5000000000
8969  -25.813  -63.030  9.349 0.6000000238
129358  -25.844  -62.313  9.451 0.6000000238
124124  -25.917  -60.979  9.606 0.6000000238
140458  -26.564  -59.645  10.040 0.6999999881
7145  -25.702  -66.808  8.896 0.6999999881
8336  -25.547  -64.912  9.045 0.6000000238
128653  -24.994  -64.093  9.360 0.6000000238
9632  -25.157  -62.631  9.439 0.6000000238
10968  -25.545  -60.524  9.285 0.6000000238
11628  -25.908  -59.848  9.353 0.6000000238
12308  -26.443  -58.604  9.111 0.6000000238
9631  -24.536  -62.732  9.286 0.6000000238
10988  -24.958  -61.099  8.995 0.6000000238
10989  -25.223  -60.535  8.638 0.6000000238
11642  -25.994  -59.331  8.929 0.6000000238
8335  -24.456  -65.237  8.873 0.6000000238
8321  -24.206  -64.175  9.205 0.6000000238
9659  -24.244  -62.493  8.897 0.5000000000
10324  -24.837  -60.965  8.232 0.6000000238
11652  -25.394  -60.243  7.786 0.6000000238
8986  -23.714  -63.858  8.756 0.5000000000
7142  -22.959  -67.172  9.597 0.6999999881
7178  -23.416  -66.523  7.941 0.6999999881
130046  -23.640  -65.261  8.068 0.5000000000
121379  -23.524  -64.406  8.145 0.6000000238
133941  -23.506  -63.621  8.105 0.5000000000
9681  -24.020  -62.271  8.073 0.5000000000
9009  -23.460  -64.000  7.273 0.6000000238
8351  -13.197  -65.241  6.585 0.6000000238
7754  -12.900  -65.848  5.665 0.6000000238
7184  -12.547  -66.542  5.904 0.6000000238
9684  -30.823  -62.243  8.280 0.5000000000
10308  -31.221  -61.952  9.025 0.5000000000
9635  -31.994  -62.153  9.132 0.5000000000
8990  -33.827  -62.669  8.138 0.5000000000
9013  -33.773  -63.243  7.566 0.4000000060
10971  -28.459  -60.137  9.473 0.5000000000
10991  -29.694  -60.641  8.727 0.5000000000
11607  -30.178  -59.724  10.345 0.5000000000
9686  -34.558  -62.877  7.752 0.4000000060
130577  -35.848  -62.396  8.532 0.4000000060
10972  -29.258  -60.008  9.302 0.5000000000
11606  -29.928  -59.048  10.771 0.5000000000
9015  -35.400  -63.319  7.517 0.4000000060
8991  -36.019  -63.012  8.180 0.4000000060
9668  -37.332  -62.907  8.860 0.4000000060
10947  -27.815  -59.659  10.083 0.5000000000
11605  -28.323  -58.991  10.317 0.5000000000
11630  -28.639  -59.612  9.877 0.5000000000
9016  -36.333  -63.618  7.699 0.4000000060
11603  -26.810  -59.240  10.127 0.6000000238
142573  -27.800  -58.531  10.283 0.6000000238
12286  -26.682  -58.768  9.877 0.6000000238
12974  -27.735  -57.896  10.133 0.5000000000
12332  -26.673  -58.378  8.036 0.4000000060
12309  -26.962  -57.856  8.747 0.4000000060
13000  -28.133  -56.919  8.940 0.4000000060
10339  -25.067  -60.986  7.164 0.6000000238
12354  -26.415  -59.011  7.433 0.6000000238
12355  -27.100  -58.409  6.884 0.5000000000
12333  -27.297  -57.825  7.710 0.4000000060
13022  -28.223  -56.860  7.962 0.4000000060
140640  -28.266  -56.894  7.181 0.4000000060
7122  -22.138  -67.079  10.181 0.6999999881
123115  -24.490  -61.583  7.659 0.6000000238
11665  -26.031  -59.693  7.043 0.5000000000
13037  -27.599  -57.732  6.901 0.4000000060
7177  -22.698  -66.720  7.448 0.6000000238
9680  -23.601  -62.963  7.501 0.5000000000
9699  -24.112  -62.198  7.127 0.5000000000
11018  -25.676  -60.409  6.513 0.5000000000
11019  -26.227  -59.848  6.203 0.5000000000
11666  -26.637  -59.198  6.374 0.4000000060
13048  -27.710  -57.900  6.017 0.4000000060
8354  -23.480  -65.063  7.407 0.6000000238
136809  -24.367  -62.294  6.233 0.5000000000
8331  -13.483  -64.737  8.425 0.6999999881
8352  -13.824  -64.593  7.652 0.6000000238
141571  -14.412  -64.309  7.438 0.6999999881
8374  -13.547  -65.234  5.884 0.6000000238
8353  -14.944  -64.010  7.249 0.6000000238
7201  -13.194  -66.272  5.155 0.6000000238
8375  -14.203  -64.806  5.592 0.6000000238
140108  -14.922  -64.219  5.744 0.6000000238
9026  -15.464  -63.746  6.413 0.6000000238
123740  -16.081  -63.440  5.941 0.6000000238
140351  -13.837  -67.271  5.521 0.5000000000
7217  -14.417  -66.291  4.119 0.6000000238
8391  -14.120  -65.315  4.519 0.6000000238
8392  -14.699  -64.544  4.903 0.6000000238
9044  -15.471  -63.954  5.299 0.6000000238
9664  -33.203  -62.477  8.633 0.5000000000
6613  -14.868  -67.277  5.618 0.5000000000
6623  -13.836  -66.711  4.828 0.5000000000
7804  -15.051  -65.143  3.670 0.5000000000
130226  -15.738  -64.051  4.416 0.5000000000
10285  -30.876  -61.063  9.457 0.4000000060
10974  -31.532  -60.781  9.911 0.5000000000
132506  -33.866  -62.156  8.608 0.5000000000
9665  -34.531  -62.287  8.368 0.4000000060
129606  -16.142  -66.629  4.918 0.5000000000
136950  -15.296  -66.389  4.057 0.5000000000
7805  -15.603  -65.227  3.514 0.5000000000
8411  -15.793  -64.822  3.499 0.5000000000
10310  -35.272  -61.861  8.788 0.4000000060
10311  -36.200  -61.920  8.959 0.4000000060
10292  -37.471  -61.668  9.718 0.4000000060
7185  -15.995  -66.907  5.875 0.5000000000
7219  -16.296  -66.199  4.133 0.5000000000
7218  -15.574  -65.766  3.624 0.6000000238
7790  -16.580  -65.660  3.593 0.6000000238
9638  -37.005  -62.166  9.175 0.4000000060
7756  -17.806  -65.869  5.902 0.6000000238
7202  -17.126  -66.129  5.068 0.6000000238
7791  -17.323  -65.944  4.265 0.6999999881
127420  -29.119  -58.763  10.546 0.4000000060
138277  -28.538  -58.127  10.568 0.5000000000
7138  -19.063  -66.275  9.796 0.6000000238
12947  -28.556  -57.323  10.272 0.5000000000
13670  -29.597  -56.361  9.634 0.4000000060
7139  -20.195  -66.186  9.859 0.6000000238
12975  -28.105  -57.228  9.724 0.4000000060
7140  -21.149  -66.311  9.825 0.6000000238
7162  -21.723  -66.331  9.007 0.6000000238
13682  -28.780  -56.286  8.463 0.4000000060
7163  -22.828  -66.753  8.634 0.6999999881
7759  -23.333  -65.784  6.713 0.6000000238
128007  -23.194  -65.379  6.082 0.6000000238
140240  -23.538  -64.081  6.407 0.5000000000
9028  -23.635  -63.371  6.598 0.5000000000
8332  -14.079  -64.231  8.645 0.6999999881
8983  -14.578  -64.080  8.025 0.6999999881
8984  -15.205  -63.561  8.141 0.6000000238
9008  -15.686  -63.365  7.396 0.6000000238
9677  -16.336  -62.812  7.514 0.6000000238
9027  -16.241  -63.182  6.725 0.6000000238
127410  -16.954  -63.107  6.073 0.6999999881
9046  -17.150  -63.364  5.001 0.6000000238
9058  -16.428  -63.689  4.259 0.6000000238
10975  -32.295  -60.817  9.927 0.5000000000
10287  -32.632  -61.534  9.465 0.5000000000
9636  -32.726  -62.129  9.008 0.5000000000
9637  -33.421  -61.750  9.089 0.5000000000
122342  -16.599  -63.875  3.564 0.6000000238
9059  -17.141  -63.418  3.973 0.5000000000
10288  -33.913  -61.032  9.591 0.5000000000
10290  -35.816  -61.278  9.448 0.4000000060
7807  -17.099  -65.317  2.943 0.6000000238
7815  -17.029  -64.852  2.505 0.6000000238
9073  -17.143  -63.789  3.076 0.5000000000
10948  -30.912  -60.244  10.294 0.5000000000
7159  -18.895  -65.916  8.836 0.6000000238
7737  -18.286  -65.824  7.481 0.4000000060
7736  -17.655  -66.018  6.797 0.6000000238
7792  -18.187  -65.888  4.250 0.6000000238
7808  -18.145  -65.825  3.180 0.6000000238
7816  -17.498  -64.610  1.835 0.6000000238
12261  -30.338  -58.379  11.140 0.4000000060
11588  -31.952  -58.894  11.282 0.4000000060
7726  -19.498  -65.721  8.213 0.5000000000
7738  -19.132  -65.675  7.392 0.5000000000
7757  -18.574  -65.710  6.560 0.6000000238
131120  -18.506  -65.717  5.735 0.6999999881
7775  -18.978  -65.855  5.074 0.6000000238
7793  -19.007  -66.185  4.059 0.6000000238
7234  -18.697  -65.872  2.385 0.6000000238
139457  -29.898  -57.745  10.966 0.5000000000
7160  -19.777  -65.838  9.116 0.6000000238
7758  -19.554  -65.772  6.563 0.6000000238
7187  -19.827  -66.076  5.670 0.6000000238
122336  -20.556  -66.984  3.745 0.6000000238
7235  -20.094  -66.737  2.905 0.6000000238
141851  -19.244  -66.035  1.959 0.6000000238
13657  -29.337  -56.848  10.275 0.4000000060
7727  -20.273  -65.846  8.408 0.5000000000
7739  -20.178  -65.927  7.425 0.6000000238
7203  -20.827  -66.772  5.434 0.6000000238
7221  -21.037  -67.066  4.510 0.6000000238
7236  -20.872  -67.021  3.058 0.6000000238
123682  -20.738  -65.962  9.135 0.6000000238
7161  -21.198  -66.238  8.006 0.6000000238
7175  -21.093  -66.500  6.983 0.6000000238
7189  -21.439  -66.868  6.177 0.6000000238
7204  -21.721  -67.105  5.305 0.6000000238
7206  -22.842  -66.255  6.096 0.6000000238
7191  -23.048  -66.396  7.010 0.6000000238
8393  -23.397  -64.644  5.725 0.5000000000
9047  -23.745  -63.760  5.774 0.5000000000
136071  -14.111  -64.663  9.796 0.6999999881
8333  -14.756  -63.779  8.871 0.6999999881
7105  -15.317  -65.793  11.607 0.6999999881
8309  -15.588  -64.196  10.638 0.6999999881
8320  -15.036  -63.762  9.775 0.6999999881
8964  -15.424  -63.301  9.065 0.6999999881
8985  -15.820  -62.990  8.251 0.6000000238
9656  -16.330  -62.341  8.285 0.6000000238
9679  -17.851  -62.078  7.158 0.5000000000
9695  -16.814  -62.766  6.914 0.6999999881
9696  -17.459  -62.649  6.743 0.5000000000
9710  -17.853  -63.076  5.720 0.5000000000
125261  -18.051  -63.052  4.687 0.5000000000
10976  -33.121  -60.850  9.912 0.4000000060
10977  -34.589  -60.430  10.145 0.5000000000
10978  -35.540  -60.432  10.047 0.5000000000
10979  -36.327  -60.794  9.894 0.5000000000
11609  -32.298  -59.561  10.923 0.4000000060
137019  -17.477  -64.425  1.841 0.6000000238
7247  -18.650  -65.415  1.603 0.6000000238
7824  -17.984  -64.846  1.306 0.6000000238
7249  -20.617  -66.713  2.359 0.6000000238
136022  -19.501  -65.800  1.485 0.6000000238
121125  -22.225  -66.864  4.880 0.6000000238
7223  -22.020  -66.550  4.026 0.6000000238
7259  -20.297  -66.166  1.659 0.6000000238
7205  -22.578  -66.437  5.344 0.6000000238
7810  -22.034  -65.935  3.128 0.5000000000
7776  -22.930  -65.550  5.417 0.6000000238
7794  -22.541  -65.923  4.573 0.5000000000
8407  -23.076  -64.924  4.763 0.5000000000
125050  -15.752  -66.224  12.536 0.6999999881
8295  -15.903  -64.984  11.438 0.6999999881
8296  -16.399  -64.187  11.446 0.6999999881
129438  -16.218  -63.566  10.857 0.6000000238
140274  -16.276  -62.728  9.888 0.6999999881
9629  -16.405  -61.945  8.923 0.4000000060
7092  -15.951  -66.695  13.462 0.6999999881
131735  -16.743  -65.295  12.943 0.6999999881
8285  -16.631  -64.825  12.220 0.6000000238
8946  -16.868  -63.459  11.473 0.6000000238
9657  -16.878  -61.804  8.327 0.5000000000
7063  -15.339  -67.029  14.601 0.6999999881
132968  -15.746  -66.326  14.475 0.6999999881
10322  -18.162  -61.375  7.696 0.5000000000
124332  -14.849  -66.870  14.981 0.6999999881
10334  -18.685  -61.882  6.907 0.5000000000
7061  -14.104  -66.451  14.961 0.6000000238
7663  -13.272  -65.004  14.246 0.6000000238
8264  -12.606  -64.403  13.685 0.6000000238
8945  -12.291  -63.029  11.853 0.5000000000
9617  -12.718  -62.296  10.518 0.5000000000
133389  -35.042  -59.782  10.424 0.4000000060
10952  -36.459  -60.000  10.414 0.4000000060
7260  -20.906  -66.367  1.927 0.6000000238
9619  -17.451  -62.213  10.490 0.5000000000
9618  -16.696  -62.187  9.707 0.5000000000
140555  -16.452  -65.833  13.870 0.6000000238
121800  -17.035  -64.652  13.037 0.6000000238
8931  -17.037  -64.072  12.276 0.6000000238
9611  -17.410  -62.769  11.400 0.6000000238
129328  -17.392  -61.559  9.744 0.5000000000
9630  -16.892  -61.502  9.074 0.5000000000
10305  -17.960  -60.908  8.535 0.5000000000
137702  -15.229  -66.453  14.857 0.6999999881
7650  -15.795  -65.545  14.594 0.6000000238
137515  -16.610  -64.517  14.218 0.6000000238
8932  -17.238  -63.855  13.138 0.6000000238
9585  -17.468  -62.860  14.014 0.6000000238
11002  -18.629  -60.682  8.057 0.5000000000
7062  -14.784  -65.963  15.005 0.6999999881
7639  -15.221  -65.301  14.791 0.6000000238
8897  -15.554  -63.558  14.591 0.6000000238
8898  -16.164  -63.496  14.657 0.6000000238
9572  -16.932  -62.812  14.510 0.6000000238
8254  -14.026  -64.721  14.488 0.6000000238
126751  -14.572  -64.409  14.596 0.6000000238
9570  -15.084  -63.201  14.343 0.6000000238
9571  -15.711  -62.740  14.510 0.6000000238
8265  -13.407  -64.208  13.948 0.6000000238
9582  -14.085  -62.890  12.993 0.6000000238
9583  -14.964  -62.602  13.934 0.6000000238
9584  -15.610  -62.071  14.272 0.6000000238
8930  -13.218  -63.264  13.013 0.5000000000
9597  -13.129  -62.916  12.345 0.5000000000
120318  -13.682  -62.447  12.159 0.5000000000
9598  -14.304  -62.079  12.417 0.6000000238
10239  -15.238  -61.814  13.607 0.6000000238
11612  -36.376  -59.056  10.699 0.4000000060
9628  -12.277  -62.190  9.740 0.5000000000
10256  -13.924  -61.906  11.648 0.5000000000
10257  -14.453  -61.332  12.059 0.6000000238
10924  -14.860  -60.776  12.536 0.6000000238
10303  -13.514  -61.382  8.624 0.5000000000
10278  -13.681  -61.375  9.430 0.5000000000
125737  -13.919  -61.235  10.258 0.4000000060
10942  -14.208  -61.041  11.213 0.5000000000
123163  -14.568  -59.955  11.405 0.6000000238
10258  -18.054  -62.065  11.323 0.6000000238
10267  -18.056  -61.464  10.448 0.5000000000
10279  -17.481  -61.083  9.155 0.5000000000
10250  -17.891  -62.483  12.263 0.6000000238
10259  -18.431  -61.204  11.341 0.5000000000
10986  -18.106  -60.225  8.759 0.5000000000
10228  -17.947  -61.603  14.312 0.6999999881
10241  -18.452  -61.549  13.507 0.6999999881
128654  -16.901  -61.978  14.685 0.6000000238
10227  -17.534  -61.350  14.687 0.6999999881
10225  -16.300  -61.857  14.591 0.6000000238
10226  -16.969  -61.159  14.819 0.6999999881
10917  -15.877  -60.551  13.833 0.6000000238
10918  -16.499  -60.116  14.325 0.6999999881
10925  -15.317  -60.210  13.006 0.6000000238
11563  -15.967  -59.731  13.484 0.6999999881
10332  -13.481  -61.360  6.844 0.5000000000
10985  -14.025  -60.850  8.305 0.5000000000
10964  -14.169  -60.688  9.653 0.4000000060
10943  -14.310  -60.342  10.497 0.6000000238
11572  -14.806  -59.988  12.266 0.6000000238
10999  -14.171  -60.773  7.429 0.5000000000
10965  -14.463  -60.257  8.935 0.4000000060
125890  -14.563  -59.844  9.819 0.5000000000
10966  -17.794  -60.011  9.599 0.5000000000
10945  -18.063  -60.307  10.489 0.5000000000
10926  -18.856  -60.945  12.446 0.6000000238
10933  -19.166  -60.024  11.922 0.5000000000
11586  -19.198  -58.941  11.453 0.5000000000
10913  -18.362  -60.878  14.442 0.6999999881
125867  -17.630  -60.449  14.735 0.6999999881
11558  -17.173  -59.791  14.640 0.6000000238
11573  -15.370  -59.329  12.590 0.6999999881
11564  -16.649  -59.293  14.016 0.6000000238
11583  -14.964  -59.087  11.318 0.6000000238
11584  -15.182  -58.876  11.949 0.6000000238
11000  -14.920  -60.150  7.614 0.5000000000
11637  -14.993  -59.780  8.381 0.4000000060
143065  -14.908  -59.130  9.974 0.6000000238
11001  -15.413  -59.852  6.994 0.4000000060
11649  -15.499  -59.467  7.766 0.4000000060
11625  -15.496  -59.061  8.506 0.5000000000
142505  -15.444  -58.671  9.067 0.5000000000
10927  -19.350  -60.279  13.139 0.6000000238
11574  -19.686  -59.515  12.643 0.5000000000
11560  -19.175  -59.460  14.441 0.6000000238
11565  -19.564  -59.597  13.708 0.5000000000
129865  -18.694  -59.130  14.621 0.6000000238
12216  -17.414  -58.967  14.402 0.6000000238
12218  -18.961  -58.405  14.578 0.5000000000
12224  -16.985  -58.467  13.500 0.6000000238
12917  -16.435  -58.025  12.173 0.6999999881
12918  -16.955  -57.720  12.657 0.5000000000
12257  -15.223  -58.526  10.540 0.6000000238
122885  -15.466  -58.001  9.915 0.5000000000
12327  -15.918  -58.665  7.865 0.4000000060
122208  -15.560  -58.017  9.276 0.5000000000
16585  -15.462  -52.369  2.025 0.4000000060
17358  -15.578  -51.530  2.113 0.3000000119
15832  -16.279  -52.900  1.698 0.4000000060
12227  -20.305  -58.273  13.891 0.5000000000
127028  -17.360  -54.998  1.574 0.3000000119
15833  -17.290  -53.464  1.356 0.4000000060
12893  -18.030  -57.934  14.221 0.5000000000
12896  -20.031  -57.620  14.378 0.5000000000
13775  -17.918  -56.869  2.036 0.3000000119
15104  -18.061  -54.321  1.563 0.4000000060
13629  -17.861  -56.928  13.249 0.5000000000
13086  -18.455  -58.021  2.418 0.3000000119
12929  -16.650  -57.448  11.821 0.6000000238
12943  -15.758  -57.709  10.386 0.6999999881
13646  -16.282  -57.362  11.001 0.6000000238
12303  -16.243  -57.688  7.895 0.5000000000
12968  -15.830  -57.337  9.642 0.5000000000
12996  -16.340  -56.965  8.326 0.4000000060
133680  -16.665  -56.269  9.376 0.4000000060
18119  -14.668  -50.209  3.018 0.3000000119
18120  -15.578  -50.604  2.311 0.3000000119
18121  -16.700  -51.117  1.593 0.3000000119
132208  -17.297  -51.844  1.312 0.3000000119
131822  -17.852  -52.871  1.263 0.4000000060
13613  -18.901  -57.167  14.186 0.5000000000
15094  -18.104  -55.056  1.921 0.4000000060
15834  -18.149  -53.523  1.376 0.4000000060
133012  -18.425  -56.778  13.640 0.5000000000
14439  -18.048  -56.266  2.255 0.4000000060
15084  -18.214  -54.564  2.434 0.4000000060
13638  -17.567  -56.523  12.584 0.5000000000
13639  -18.199  -56.186  13.017 0.5000000000
13753  -18.681  -57.336  3.453 0.4000000060
13647  -16.910  -56.616  11.412 0.5000000000
13654  -16.552  -56.595  10.598 0.5000000000
14309  -16.976  -56.035  10.868 0.5000000000
12351  -17.745  -58.188  6.194 0.3000000119
13018  -17.748  -57.016  7.190 0.4000000060
13677  -16.952  -56.366  8.555 0.4000000060
14325  -16.852  -55.943  10.103 0.4000000060
18920  -14.238  -49.848  3.789 0.3000000119
18933  -15.348  -49.698  2.542 0.3000000119
18132  -17.485  -50.521  1.287 0.4000000060
17373  -17.836  -51.305  1.250 0.4000000060
13640  -21.752  -56.770  12.202 0.4000000060
17374  -18.254  -51.948  1.480 0.4000000060
13633  -21.518  -56.587  13.209 0.4000000060
129129  -18.358  -53.997  1.835 0.4000000060
15826  -18.504  -53.125  1.778 0.4000000060
13631  -20.152  -56.239  14.014 0.4000000060
15817  -18.317  -53.600  2.650 0.4000000060
14293  -17.687  -55.824  12.273 0.5000000000
14426  -18.063  -55.674  2.872 0.4000000060
13058  -18.932  -57.646  4.923 0.3000000119
14310  -17.337  -55.720  11.490 0.5000000000
13019  -18.483  -56.621  6.927 0.3000000119
120877  -15.095  -48.960  2.732 0.3000000119
124073  -15.849  -49.121  2.169 0.3000000119
18934  -16.499  -49.995  1.758 0.3000000119
18945  -17.615  -49.750  1.194 0.4000000060
18133  -18.083  -50.347  1.197 0.4000000060
18134  -18.521  -49.997  1.573 0.3000000119
122104  -18.295  -51.022  1.574 0.4000000060
13641  -22.103  -56.151  11.864 0.4000000060
14327  -22.678  -55.505  10.624 0.4000000060
17359  -18.655  -51.763  1.979 0.4000000060
131280  -21.025  -55.922  13.708 0.4000000060
14276  -18.764  -55.665  13.158 0.4000000060
15083  -17.827  -54.666  3.629 0.3000000119
14294  -18.283  -55.376  12.585 0.4000000060
14411  -18.289  -56.608  3.795 0.3000000119
14410  -17.838  -55.693  4.125 0.3000000119
14391  -18.793  -55.892  5.917 0.3000000119
13666  -17.213  -55.740  9.283 0.4000000060
20554  -14.856  -47.638  3.611 0.3000000119
121846  -16.792  -49.090  1.540 0.4000000060
19766  -17.707  -48.882  0.889 0.4000000060
18946  -18.289  -49.463  1.000 0.4000000060
15003  -23.146  -55.158  9.322 0.4000000060
138820  -22.673  -55.507  11.754 0.4000000060
18122  -18.655  -50.814  2.121 0.4000000060
14295  -21.777  -55.608  13.218 0.4000000060
132415  -18.592  -52.098  2.782 0.4000000060
14278  -20.354  -55.296  13.672 0.4000000060
14279  -21.136  -55.047  13.601 0.4000000060
15816  -17.742  -53.640  4.027 0.3000000119
14963  -19.685  -54.673  13.363 0.4000000060
15052  -17.502  -54.854  5.226 0.3000000119
14972  -18.486  -54.618  12.295 0.5000000000
14390  -18.471  -56.250  5.026 0.3000000119
15053  -18.479  -55.330  5.667 0.3000000119
14979  -18.112  -54.368  11.391 0.5000000000
13679  -18.609  -55.611  7.802 0.3000000119
14340  -17.369  -55.122  9.918 0.4000000060
122362  -17.930  -56.360  7.742 0.4000000060
20569  -15.598  -46.989  2.703 0.3000000119
18947  -18.834  -49.043  1.338 0.3000000119
18935  -19.045  -49.450  2.063 0.3000000119
15002  -23.194  -55.077  10.151 0.4000000060
17350  -18.594  -51.386  2.910 0.3000000119
14980  -23.070  -54.597  12.184 0.4000000060
139140  -23.267  -54.968  11.166 0.3000000119
17349  -18.224  -52.049  3.739 0.3000000119
14964  -20.480  -54.442  13.506 0.4000000060
14296  -22.408  -54.944  12.860 0.4000000060
124083  -17.033  -53.507  4.987 0.3000000119
126922  -17.132  -54.282  5.616 0.3000000119
15715  -18.848  -53.882  12.004 0.4000000060
15054  -18.951  -55.261  6.240 0.3000000119
15026  -19.473  -54.470  6.964 0.3000000119
122831  -19.104  -54.793  7.707 0.3000000119
15737  -18.899  -53.743  9.579 0.3000000119
18109  -18.568  -50.505  3.247 0.3000000119
120696  -18.923  -48.846  3.099 0.3000000119
17342  -18.201  -51.217  4.051 0.3000000119
14981  -23.631  -54.105  11.647 0.3000000119
14966  -22.047  -54.165  13.357 0.4000000060
14975  -23.201  -53.833  12.388 0.4000000060
16559  -16.575  -52.773  6.407 0.3000000119
15705  -19.904  -53.872  13.234 0.4000000060
15707  -21.481  -53.581  13.317 0.4000000060
15035  -17.824  -54.591  5.810 0.3000000119
15773  -19.341  -54.359  6.620 0.3000000119
15721  -18.701  -53.667  11.143 0.3000000119
15000  -18.819  -54.364  8.667 0.3000000119
17334  -16.857  -51.702  6.061 0.3000000119
15794  -16.752  -53.282  6.585 0.3000000119
131816  -20.893  -52.589  12.479 0.3000000119
16471  -22.215  -52.803  12.787 0.3000000119
15754  -18.768  -53.300  6.780 0.3000000119
15722  -19.314  -53.277  11.659 0.3000000119
15015  -19.611  -53.864  7.667 0.3000000119
133328  -19.321  -53.268  10.043 0.3000000119
134936  -16.779  -50.655  7.572 0.3000000119
18901  -17.207  -49.885  7.311 0.3000000119
16526  -17.014  -52.501  7.411 0.3000000119
16480  -20.494  -52.440  11.854 0.3000000119
17316  -17.189  -51.663  7.896 0.3000000119
141947  -16.982  -50.052  8.017 0.3000000119
13678  -17.839  -55.733  8.519 0.4000000060
13707  -18.796  -56.174  6.135 0.3000000119
14364  -19.101  -55.343  7.021 0.3000000119
7275  -33.295  -66.786  0.640 0.6000000238
6118  -33.457  -68.291  0.710 0.5000000000
5572  -32.310  -69.234  0.587 0.5000000000
5004  -31.541  -69.596  0.405 0.5000000000
5574  -33.726  -68.581  1.530 0.5000000000
141903  -35.828  -69.051  3.447 0.5000000000
7273  -31.466  -66.071  0.406 0.6999999881
7823  -33.377  -66.109  1.508 0.6999999881
7839  -30.269  -65.567  0.451 0.6999999881
6659  -31.079  -66.676  0.073 0.6999999881
4967  -35.574  -68.933  3.288 0.4000000060
7271  -29.670  -66.447  0.116 0.6999999881
6103  -37.269  -68.005  2.421 0.5000000000
6652  -37.878  -67.340  2.459 0.5000000000
7231  -38.736  -66.107  3.525 0.3000000119
7813  -31.476  -64.974  3.019 0.6000000238
8408  -28.758  -64.032  4.331 0.6000000238
8432  -30.274  -64.102  1.387 0.6999999881
5949  -39.170  -68.563  12.611 0.3000000119
7812  -28.599  -65.052  3.188 0.6000000238
7820  -28.639  -65.031  2.191 0.6000000238
7829  -28.687  -65.035  0.959 0.6999999881
7266  -35.360  -66.598  2.085 0.5000000000
142565  -35.513  -68.058  1.655 0.6000000238
6120  -34.942  -68.127  1.487 0.5000000000
7828  -28.084  -65.568  1.193 0.6000000238
7270  -27.981  -66.534  0.418 0.6999999881
131226  -26.543  -67.302  3.202 0.5000000000
7269  -27.334  -66.999  0.535 0.5000000000
6586  -40.972  -67.418  9.537 0.3000000119
6051  -26.295  -68.236  5.600 0.6000000238
6654  -26.382  -67.469  0.787 0.5000000000
7211  -40.453  -66.589  5.738 0.3000000119
7254  -34.992  -66.290  2.194 0.5000000000
6599  -41.346  -67.590  8.598 0.3000000119
6100  -25.259  -68.129  1.168 0.5000000000
6528  -40.574  -67.191  13.782 0.3000000119
125107  -26.820  -63.123  8.442 0.6000000238
124183  -25.205  -66.475  8.934 0.6999999881
8322  -24.811  -64.777  9.188 0.6000000238
8334  -23.871  -64.768  8.612 0.6000000238
126825  -27.773  -61.598  8.759 0.6000000238
10973  -30.022  -60.237  9.547 0.5000000000
10970  -27.486  -60.408  9.832 0.6000000238
10282  -25.537  -61.763  9.456 0.6000000238
130848  -27.531  -57.528  9.332 0.4000000060
7141  -22.026  -66.675  9.719 0.6000000238
125604  -22.187  -66.604  7.954 0.6999999881
7755  -13.473  -65.656  5.039 0.6000000238
10286  -31.721  -61.487  9.544 0.4000000060
138999  -30.672  -59.443  10.843 0.4000000060
13683  -29.309  -56.187  9.033 0.4000000060
10338  -24.680  -61.626  6.657 0.4000000060
7121  -21.462  -66.700  10.177 0.6000000238
131406  -14.142  -64.611  6.705 0.6000000238
7789  -15.024  -65.585  3.655 0.6000000238
10289  -34.909  -61.147  9.505 0.5000000000
7186  -16.949  -66.352  5.976 0.5000000000
8417  -17.185  -64.591  2.333 0.6000000238
7176  -21.918  -66.844  6.987 0.5000000000
12245  -30.989  -58.099  11.298 0.5000000000
7220  -20.007  -66.568  4.612 0.6000000238
7188  -20.506  -66.301  6.376 0.5000000000
141770  -12.693  -66.405  14.464 0.6000000238
10277  -13.215  -61.847  9.969 0.5000000000
9599  -17.849  -62.761  13.188 0.5000000000
127633  -16.244  -64.274  14.565 0.6000000238
8899  -16.714  -63.639  14.351 0.6000000238
139451  -18.171  -62.187  13.023 0.6000000238
8895  -14.146  -63.999  14.194 0.6000000238
10320  -13.446  -61.308  7.756 0.5000000000
10932  -18.618  -60.407  11.351 0.5000000000
12223  -16.252  -58.979  13.049 0.6000000238
140824  -14.508  -60.369  8.143 0.5000000000
12928  -16.139  -58.016  11.577 0.6000000238
126046  -16.125  -53.774  1.729 0.3000000119
129622  -19.225  -58.839  14.520 0.5000000000
12328  -16.408  -58.362  7.315 0.3000000119
12907  -21.148  -57.256  13.447 0.4000000060
13615  -20.291  -56.999  14.216 0.4000000060
13017  -16.918  -56.942  7.730 0.4000000060
13034  -18.266  -57.377  6.405 0.3000000119
14326  -17.236  -55.368  10.706 0.5000000000
136362  -21.945  -56.195  12.625 0.4000000060
19754  -15.406  -48.401  2.576 0.3000000119
15808  -17.259  -54.263  4.913 0.3000000119
14973  -19.196  -54.187  12.805 0.4000000060
14341  -17.885  -55.054  9.127 0.3000000119
16567  -17.557  -52.873  4.447 0.3000000119
14989  -18.246  -53.987  10.462 0.4000000060
21430  -15.934  -46.195  2.293 0.3000000119
16560  -16.848  -52.846  5.474 0.3000000119
15716  -19.629  -53.444  12.521 0.4000000060
17315  -16.708  -52.079  7.411 0.3000000119
4419  -22.440  -71.660  3.081 0.5000000000
4964  -22.896  -71.192  2.178 0.5000000000
4965  -23.349  -70.290  1.684 0.5000000000
5544  -23.706  -69.697  1.074 0.4000000060
120035  -22.058  -71.906  3.888 0.5000000000
4951  -23.012  -70.868  2.718 0.5000000000
5516  -23.481  -70.188  2.580 0.5000000000
5529  -23.704  -69.557  1.828 0.5000000000
6099  -24.771  -68.506  1.544 0.4000000060
4409  -22.092  -71.687  4.644 0.4000000060
4420  -22.707  -71.283  3.820 0.5000000000
5530  -24.308  -68.962  2.115 0.4000000060
4410  -22.941  -71.313  4.817 0.5000000000
122574  -23.428  -70.898  4.176 0.5000000000
4952  -23.255  -70.694  3.345 0.5000000000
4937  -23.718  -71.016  5.051 0.5000000000
4953  -24.025  -70.334  3.621 0.5000000000
4938  -24.731  -70.260  4.449 0.5000000000
5517  -24.791  -69.717  3.679 0.5000000000
5518  -25.284  -69.146  3.714 0.4000000060
4397  -23.184  -71.128  5.645 0.5000000000
4920  -24.441  -70.617  5.174 0.5000000000
5498  -25.443  -69.589  4.527 0.5000000000
6065  -25.786  -68.717  4.104 0.5000000000
5426  -22.034  -69.890  8.303 0.5000000000
4383  -22.600  -71.010  6.177 0.5000000000
141836  -22.798  -70.612  6.809 0.5000000000
4384  -23.374  -70.774  6.421 0.5000000000
4900  -24.199  -70.480  6.668 0.5000000000
5462  -24.714  -70.402  5.962 0.5000000000
128554  -25.067  -70.057  6.819 0.5000000000
5480  -25.623  -69.561  5.518 0.5000000000
6050  -26.077  -68.956  5.015 0.5000000000
4848  -23.055  -70.126  8.322 0.5000000000
140094  -22.583  -69.324  9.770 0.5000000000
4875  -24.439  -70.120  7.519 0.5000000000
5428  -23.614  -69.751  9.046 0.5000000000
5404  -23.295  -69.338  9.705 0.5000000000
4850  -24.614  -69.766  8.182 0.5000000000
132625  -24.398  -69.547  8.827 0.5000000000
5446  -25.577  -69.377  7.233 0.5000000000
141961  -25.944  -68.815  7.506 0.5000000000
5463  -25.598  -69.484  6.397 0.5000000000
121401  -26.017  -68.941  5.956 0.5000000000
6563  -20.252  -67.263  10.518 0.5000000000
124417  -22.123  -67.568  10.340 0.6000000238
5380  -22.874  -68.869  10.160 0.5000000000
5405  -24.098  -69.211  9.491 0.5000000000
6565  -23.223  -68.279  10.239 0.5000000000
5429  -25.466  -68.728  8.608 0.5000000000
5999  -25.156  -68.318  9.069 0.5000000000
6042  -26.401  -68.232  7.302 0.5000000000
6031  -26.054  -68.465  8.077 0.5000000000
128215  -26.278  -68.388  6.430 0.5000000000
7118  -18.653  -66.953  10.401 0.5000000000
7120  -20.701  -66.645  10.277 0.5000000000
6577  -22.989  -67.645  10.143 0.6000000238
7156  -11.706  -66.465  7.881 0.5000000000
7735  -12.088  -66.205  7.126 0.6000000238
7115  -11.886  -66.292  9.673 0.5000000000
7135  -12.124  -65.969  8.822 0.5000000000
7724  -12.851  -65.317  7.571 0.6000000238
7716  -12.975  -65.262  8.834 0.6000000238
7703  -12.781  -65.677  9.727 0.5000000000
7704  -13.569  -65.635  10.403 0.6000000238
7690  -13.760  -66.171  10.938 0.5000000000
128721  -13.546  -65.104  9.763 0.6000000238
7705  -14.229  -65.087  10.323 0.6000000238
6547  -14.296  -67.257  12.032 0.5000000000
7104  -14.537  -66.439  11.591 0.6000000238
8294  -15.083  -65.098  10.774 0.6000000238
6534  -14.983  -67.843  12.956 0.5000000000
139754  -15.237  -66.374  12.026 0.5000000000
5918  -14.778  -68.511  14.235 0.5000000000
131167  -14.290  -68.308  14.703 0.6000000238
7060  -12.211  -66.726  14.401 0.6000000238
6503  -12.443  -67.704  14.660 0.5000000000
6507  -15.297  -67.681  14.225 0.6000000238
5945  -15.538  -67.472  13.637 0.5000000000
139178  -13.198  -66.957  14.723 0.5000000000
8263  -11.824  -64.668  13.333 0.6000000238
7662  -12.412  -65.214  13.977 0.6000000238
8929  -12.518  -63.366  12.665 0.6000000238
6600  -41.820  -67.328  8.207 0.3000000119
7180  -42.594  -66.205  8.111 0.3000000119
6617  -42.330  -67.624  6.310 0.3000000119
124292  -43.987  -64.383  8.168 0.3000000119
7213  -41.533  -66.866  6.584 0.3000000119
6038  -42.345  -68.039  6.323 0.3000000119
6037  -41.796  -68.018  7.040 0.3000000119
6077  -24.792  -69.034  3.009 0.4000000060
135979  -25.580  -69.110  7.991 0.5000000000
6579  -24.733  -67.908  9.348 0.5000000000
119868  -12.451  -65.958  6.413 0.5000000000
127009  -24.159  -69.621  2.785 0.4000000060
4919  -23.953  -70.778  5.834 0.5000000000
4872  -21.658  -70.143  7.262 0.5000000000
4873  -22.507  -70.305  7.455 0.5000000000
129180  -21.325  -69.562  8.769 0.5000000000
121102  -21.965  -69.480  9.306 0.5000000000
4849  -23.935  -69.982  8.229 0.5000000000
5997  -23.653  -68.712  9.923 0.5000000000
139347  -41.764  -67.442  7.329 0.3000000119
7767  -42.151  -65.876  7.342 0.3000000119
7181  -43.196  -65.489  8.168 0.3000000119
6618  -41.994  -66.741  7.584 0.3000000119
7195  -41.824  -66.613  7.257 0.3000000119
7769  -43.390  -64.861  7.739 0.3000000119
15718  -22.845  -53.217  12.632 0.3000000119
4447  -31.482  -70.541  0.580 0.6000000238
4874  -23.469  -70.380  7.356 0.5000000000
4959  -36.287  -68.949  3.481 0.5000000000
4990  -30.507  -70.102  0.150 0.6000000238
5003  -30.672  -69.898  0.163 0.6000000238
5406  -24.843  -69.014  9.126 0.5000000000
5427  -22.770  -69.758  9.154 0.5000000000
5445  -25.114  -69.700  7.746 0.5000000000
5479  -25.142  -70.189  5.253 0.5000000000
5524  -38.317  -68.323  3.499 0.5000000000
5534  -35.019  -68.724  2.800 0.4000000060
5538  -38.919  -68.116  2.979 0.5000000000
5545  -24.157  -69.145  1.315 0.4000000060
5552  -36.801  -68.728  3.330 0.5000000000
5573  -33.031  -68.898  0.942 0.5000000000
5575  -34.480  -68.527  1.925 0.5000000000
5585  -31.015  -69.093  0.259 0.5000000000
5586  -31.786  -68.787  0.247 0.5000000000
5939  -39.913  -68.112  13.409 0.3000000119
5950  -39.800  -68.389  12.867 0.3000000119
5998  -24.405  -68.542  9.517 0.5000000000
6006  -40.687  -67.875  9.234 0.3000000119
6024  -41.396  -68.096  8.051 0.3000000119
6025  -41.781  -67.767  7.576 0.3000000119
6041  -26.015  -68.884  6.823 0.5000000000
6045  -42.035  -68.268  6.092 0.3000000119
6055  -40.441  -67.578  5.803 0.4000000060
6067  -37.698  -68.616  4.519 0.4000000060
6078  -25.418  -68.519  3.213 0.4000000060
6089  -25.010  -68.449  2.363 0.4000000060
6091  -37.541  -68.257  2.878 0.5000000000
6102  -36.068  -68.269  1.992 0.5000000000
6119  -34.269  -68.182  1.127 0.5000000000
6121  -30.766  -68.564  0.050 0.6000000238
6505  -14.196  -67.404  14.887 0.6000000238
6506  -14.890  -67.667  14.657 0.6999999881
6526  -39.720  -67.936  13.533 0.3000000119
6539  -39.557  -68.300  13.136 0.3000000119
6540  -40.536  -67.355  12.946 0.3000000119
6564  -21.316  -67.200  10.435 0.5000000000
6578  -23.943  -67.998  9.901 0.5000000000
6608  -42.167  -66.814  8.109 0.3000000119
6616  -42.267  -68.069  5.912 0.3000000119
6622  -13.101  -66.910  5.468 0.5000000000
6624  -15.024  -66.846  4.775 0.5000000000
6629  -42.071  -67.513  5.831 0.3000000119
6639  -40.181  -67.523  3.007 0.4000000060
6643  -26.028  -67.316  2.209 0.5000000000
6644  -38.593  -66.871  2.505 0.5000000000
6645  -39.104  -67.409  2.617 0.5000000000
6646  -40.020  -67.578  2.671 0.4000000060
6649  -25.712  -67.551  1.268 0.5000000000
6651  -36.743  -67.567  2.078 0.5000000000
6656  -29.118  -67.220  0.028 0.6999999881
6657  -29.963  -67.159  -0.075 0.6999999881
6662  -35.280  -67.446  1.459 0.6000000238
6663  -35.852  -67.532  1.785 0.6000000238
6664  -31.311  -67.203  0.096 0.6999999881
6665  -31.853  -67.390  0.196 0.5000000000
6666  -32.755  -67.623  0.352 0.5000000000
7057  -15.348  -65.936  14.810 0.6999999881
7064  -16.274  -65.759  14.192 0.6000000238
7067  -40.898  -66.523  14.347 0.3000000119
7068  -40.896  -66.810  14.113 0.3000000119
7074  -12.254  -65.997  14.148 0.6000000238
7075  -15.774  -66.970  14.127 0.6999999881
7076  -16.224  -66.316  13.980 0.6999999881
7084  -41.320  -66.609  14.062 0.3000000119
7091  -15.247  -66.925  12.594 0.5000000000
7093  -16.404  -65.923  13.326 0.6999999881
7103  -13.514  -66.764  11.308 0.5000000000
7119  -19.687  -66.730  10.317 0.5000000000
7134  -11.375  -66.637  8.780 0.5000000000
7167  -26.171  -67.227  8.603 0.6000000238
7174  -18.086  -66.064  8.384 0.6000000238
7190  -22.440  -66.771  6.526 0.6000000238
7192  -26.753  -66.766  6.817 0.6000000238
7194  -40.907  -66.247  6.191 0.3000000119
7196  -42.652  -65.920  7.774 0.3000000119
7197  -43.298  -65.276  7.875 0.3000000119
7222  -21.618  -67.074  4.296 0.6000000238
7224  -27.111  -66.932  3.708 0.6000000238
7226  -32.179  -65.684  2.661 0.6000000238
7237  -21.378  -66.838  3.315 0.5000000000
7242  -35.390  -65.978  2.845 0.5000000000
7243  -37.111  -65.957  2.753 0.4000000060
7244  -39.002  -66.531  2.748 0.5000000000
7248  -19.879  -66.455  2.082 0.6000000238
7250  -21.031  -66.876  2.540 0.6000000238
7253  -34.236  -66.309  1.793 0.6999999881
7255  -35.634  -66.307  2.284 0.5000000000
7257  -39.831  -66.899  2.512 0.4000000060
7262  -27.574  -66.222  0.940 0.6000000238
7265  -34.579  -66.479  1.579 0.6000000238
7267  -36.105  -66.970  2.222 0.5000000000
7272  -30.473  -66.553  0.031 0.6999999881
7274  -32.141  -66.198  0.647 0.8000000119
7280  -32.301  -66.908  0.354 0.5000000000
7647  -13.130  -65.942  14.536 0.6000000238
7648  -14.014  -65.523  14.854 0.6000000238
7649  -14.640  -65.083  14.793 0.6999999881
7670  -39.749  -66.462  13.968 0.3000000119
7681  -16.178  -65.543  12.311 0.6999999881
7691  -14.401  -65.700  10.933 0.6000000238
7723  -12.306  -65.804  8.029 0.6000000238
7725  -18.768  -65.733  8.063 0.5000000000
7740  -23.539  -66.023  7.525 0.6000000238
7750  -43.601  -64.911  8.039 0.3000000119
7753  -12.130  -66.535  6.509 0.5000000000
7764  -38.105  -65.449  6.278 0.3000000119
7768  -42.965  -65.353  7.666 0.3000000119
7773  -13.830  -65.998  4.478 0.6000000238
7774  -18.028  -65.836  5.089 0.6000000238
7785  -40.084  -66.033  5.580 0.3000000119
7788  -14.531  -65.635  3.931 0.6000000238
7797  -31.399  -65.003  3.883 0.6000000238
7806  -16.307  -65.214  3.218 0.5000000000
7809  -19.182  -66.281  3.145 0.6000000238
7814  -16.498  -64.879  3.067 0.6000000238
7817  -21.396  -66.350  2.364 0.6000000238
7821  -31.545  -65.075  1.621 0.6999999881
7825  -18.951  -65.119  0.895 0.6000000238
7830  -29.699  -64.676  0.874 0.6999999881
7834  -32.934  -66.041  1.404 0.6999999881
7841  -31.875  -65.511  0.994 0.6999999881
8255  -15.190  -64.438  14.679 0.6000000238
8256  -15.754  -64.781  14.651 0.6000000238
8266  -16.703  -65.213  13.775 0.6000000238
8267  -16.952  -64.257  13.782 0.6000000238
8284  -12.098  -63.923  13.023 0.6000000238
8308  -14.709  -64.455  10.153 0.6999999881
8318  -13.717  -64.599  9.198 0.6000000238
8319  -14.360  -64.171  9.449 0.6999999881
8366  -43.703  -64.456  7.831 0.3000000119
8376  -23.419  -64.793  6.595 0.5000000000
8378  -27.694  -63.965  6.352 0.6000000238
8405  -14.683  -64.899  4.060 0.6000000238
8406  -15.305  -64.599  3.864 0.5000000000
8410  -30.979  -64.289  4.541 0.5000000000
8424  -31.124  -64.435  2.042 0.6999999881
8425  -17.782  -64.474  1.518 0.6000000238
8431  -29.267  -64.513  1.615 0.6999999881
8888  -15.961  -63.129  14.666 0.6000000238
8896  -14.805  -63.790  14.504 0.6000000238
8910  -12.857  -63.714  13.378 0.5000000000
8911  -13.676  -63.565  13.588 0.6000000238
8912  -14.401  -63.292  14.008 0.6000000238
8913  -17.191  -63.521  13.872 0.6000000238
8947  -17.433  -63.250  12.427 0.5000000000
8956  -15.834  -63.260  10.051 0.6999999881
8965  -15.990  -62.579  9.183 0.6999999881
8966  -24.027  -63.273  9.173 0.5000000000
8967  -24.630  -63.371  9.396 0.6000000238
8968  -25.271  -63.408  9.430 0.6000000238
8988  -31.970  -63.081  8.092 0.5000000000
9000  -44.276  -63.916  8.313 0.3000000119
9012  -32.303  -63.551  7.524 0.4000000060
9029  -24.029  -62.984  5.931 0.5000000000
9033  -30.981  -62.921  5.602 0.5000000000
9036  -35.174  -63.944  6.832 0.4000000060
9045  -16.306  -63.588  5.173 0.6000000238
9060  -23.751  -64.193  4.953 0.5000000000
9071  -16.039  -64.266  3.730 0.6000000238
9072  -16.664  -64.444  3.061 0.6000000238
9080  -17.252  -64.250  2.251 0.6000000238
9573  -17.422  -62.103  14.425 0.6000000238
9586  -17.878  -62.165  13.797 0.6999999881
9609  -13.052  -62.488  11.452 0.5000000000
9610  -16.666  -62.901  10.550 0.6000000238
9658  -23.730  -63.052  8.513 0.5000000000
9660  -27.301  -62.366  8.548 0.6000000238
9662  -31.571  -62.558  8.581 0.5000000000
9666  -35.261  -62.601  8.162 0.4000000060
9667  -36.549  -62.606  8.635 0.4000000060
9678  -17.022  -62.289  7.513 0.5000000000
10240  -15.795  -61.364  14.137 0.6000000238
10249  -14.839  -61.557  12.793 0.6000000238
10251  -18.355  -61.771  12.307 0.6000000238
10266  -13.561  -61.866  10.820 0.4000000060
10280  -17.789  -60.629  9.172 0.5000000000
10281  -24.831  -61.917  9.252 0.6000000238
10283  -27.260  -61.230  9.503 0.6000000238
10302  -12.986  -61.860  9.107 0.5000000000
10304  -17.464  -61.342  8.410 0.5000000000
10306  -24.518  -61.691  8.574 0.6000000238
10307  -30.497  -61.487  8.636 0.5000000000
10309  -34.326  -61.647  8.914 0.5000000000
10321  -17.473  -61.745  7.789 0.5000000000
10341  -30.037  -60.945  6.385 0.5000000000
10359  -25.286  -61.116  6.153 0.5000000000
10360  -30.273  -60.951  5.803 0.5000000000
10911  -16.446  -60.927  14.561 0.6000000238
10912  -16.962  -60.498  14.764 0.6999999881
10916  -15.337  -61.047  13.288 0.6000000238
10919  -18.931  -60.850  13.648 0.6999999881
10920  -19.052  -60.207  14.148 0.6000000238
10931  -14.544  -60.602  11.897 0.6000000238
10944  -17.847  -60.883  9.744 0.5000000000
10951  -35.684  -59.479  10.547 0.4000000060
10967  -25.330  -61.239  9.320 0.6000000238
10969  -26.243  -60.119  9.800 0.6999999881
11006  -29.414  -61.080  7.693 0.6000000238
11559  -18.512  -59.941  14.643 0.6000000238
11566  -20.095  -59.002  13.341 0.5000000000
11587  -31.062  -58.844  11.310 0.5000000000
11600  -14.725  -59.461  10.597 0.6000000238
11604  -27.413  -59.138  10.221 0.6000000238
11608  -31.463  -59.566  10.887 0.4000000060
11624  -15.043  -59.346  9.212 0.5000000000
11629  -26.341  -59.352  9.706 0.6000000238
11631  -29.351  -59.471  10.127 0.5000000000
11641  -25.591  -59.961  8.706 0.6000000238
11650  -16.053  -59.137  7.057 0.4000000060
11653  -25.860  -59.478  8.039 0.6000000238
11686  -26.622  -59.598  5.621 0.5000000000
12217  -18.220  -58.597  14.525 0.6000000238
12219  -19.605  -58.288  14.420 0.5000000000
12225  -17.620  -58.303  14.132 0.6000000238
12226  -19.671  -58.911  14.134 0.5000000000
12233  -15.845  -58.525  12.233 0.6999999881
12234  -16.492  -58.342  12.701 0.6000000238
12242  -15.456  -58.449  11.449 0.6000000238
12246  -31.657  -58.153  11.318 0.5000000000
12259  -27.187  -58.629  10.108 0.6000000238
12260  -29.483  -58.244  10.862 0.4000000060
12282  -15.246  -58.601  9.683 0.5000000000
12287  -26.987  -58.152  9.665 0.4000000060
12302  -15.727  -58.235  8.549 0.5000000000
12329  -17.132  -57.740  7.067 0.3000000119
12894  -18.622  -57.869  14.403 0.5000000000
12895  -19.308  -57.715  14.449 0.5000000000
12904  -17.584  -57.698  13.491 0.5000000000
12905  -18.220  -57.372  13.927 0.5000000000
12906  -20.668  -57.485  13.943 0.4000000060
12919  -17.406  -57.143  12.827 0.5000000000
12921  -21.338  -57.386  12.657 0.4000000060
12948  -29.974  -57.166  10.739 0.4000000060
12969  -16.237  -56.779  9.053 0.4000000060
12995  -15.893  -57.441  8.749 0.4000000060
12999  -27.660  -57.367  8.357 0.4000000060
13021  -27.865  -57.324  7.427 0.4000000060
13614  -19.651  -57.001  14.277 0.5000000000
13630  -19.071  -56.335  13.736 0.5000000000
13632  -20.877  -56.749  13.884 0.4000000060
13637  -17.148  -56.949  12.192 0.5000000000
13648  -17.309  -56.292  11.990 0.5000000000
13653  -16.126  -57.108  10.298 0.6999999881
13665  -16.332  -56.649  9.850 0.5000000000
13669  -28.774  -56.632  9.541 0.4000000060
13689  -18.699  -56.043  7.251 0.3000000119
13690  -18.833  -56.059  6.655 0.3000000119
13706  -18.767  -56.734  6.196 0.3000000119
13718  -18.753  -56.811  5.518 0.3000000119
13735  -18.746  -57.209  4.515 0.3000000119
13765  -18.348  -57.305  2.548 0.3000000119
14277  -19.489  -55.516  13.528 0.4000000060
14280  -21.744  -54.807  13.369 0.4000000060
14311  -22.111  -55.983  10.952 0.4000000060
14354  -18.471  -55.126  8.389 0.3000000119
14375  -18.924  -55.541  6.440 0.3000000119
14962  -18.938  -54.972  12.979 0.4000000060
14965  -21.263  -54.276  13.477 0.4000000060
14971  -17.837  -55.110  11.894 0.5000000000
14974  -22.722  -54.019  12.904 0.4000000060
14988  -17.651  -54.646  10.572 0.5000000000
14990  -23.765  -54.548  10.639 0.3000000119
14999  -18.016  -54.409  9.717 0.4000000060
15001  -19.458  -53.635  8.582 0.3000000119
15036  -18.910  -54.747  6.254 0.3000000119
15037  -19.204  -54.918  6.605 0.3000000119
15071  -17.556  -54.997  4.572 0.3000000119
15102  -16.907  -54.344  1.507 0.3000000119
15103  -17.792  -54.267  1.337 0.4000000060
15706  -20.690  -53.714  13.325 0.4000000060
15708  -22.211  -53.441  13.118 0.3000000119
15717  -20.264  -53.357  12.980 0.4000000060
15729  -18.833  -53.543  10.430 0.3000000119
15753  -17.226  -53.268  6.985 0.3000000119
15771  -17.175  -53.930  6.279 0.3000000119
15772  -18.697  -54.040  6.405 0.3000000119
15795  -16.837  -53.602  5.829 0.3000000119
15825  -15.274  -53.217  2.164 0.4000000060
16460  -20.956  -53.051  12.995 0.3000000119
16461  -21.701  -53.049  13.072 0.4000000060
16469  -20.317  -52.927  12.513 0.3000000119
16470  -21.539  -52.598  12.676 0.3000000119
16479  -19.855  -52.899  12.019 0.3000000119
16489  -19.827  -52.743  11.261 0.3000000119
16549  -16.622  -52.742  7.043 0.3000000119
16577  -18.225  -52.808  3.305 0.4000000060
16578  -18.613  -52.613  2.279 0.4000000060
16586  -18.486  -52.431  1.744 0.4000000060
16592  -16.408  -52.036  1.659 0.3000000119
16593  -17.222  -52.541  1.341 0.4000000060
16594  -17.866  -52.199  1.248 0.4000000060
16595  -18.231  -52.692  1.429 0.4000000060
17327  -16.497  -52.028  6.972 0.3000000119
18082  -16.713  -51.391  7.552 0.3000000119
18083  -16.921  -50.735  8.157 0.3000000119
18902  -17.748  -49.105  6.956 0.3000000119
18932  -14.619  -49.277  3.218 0.3000000119
118606  -15.792  -64.094  14.666 0.6000000238
120319  -29.704  -68.717  0.185 0.5000000000
120551  -17.854  -55.007  1.584 0.4000000060
120584  -14.707  -62.216  13.119 0.6000000238
120595  -26.658  -60.703  9.830 0.6000000238
120603  -17.694  -65.232  2.062 0.6000000238
120713  -14.050  -60.994  8.981 0.5000000000
120794  -16.295  -65.048  14.390 0.6000000238
121345  -29.249  -57.524  10.711 0.4000000060
121694  -28.767  -61.602  6.867 0.6000000238
121809  -16.345  -62.741  14.623 0.6000000238
121971  -15.088  -47.646  2.935 0.3000000119
122424  -39.432  -68.122  6.435 0.4000000060
123608  -17.516  -63.286  13.355 0.6000000238
124751  -36.415  -65.750  3.370 0.4000000060
125052  -30.208  -63.227  3.648 0.5000000000
125123  -17.463  -65.731  3.596 0.6000000238
125545  -39.813  -66.407  5.209 0.3000000119
125555  -22.304  -66.863  5.712 0.6000000238
125610  -14.874  -59.388  11.940 0.6000000238
125803  -19.766  -66.630  3.722 0.6000000238
126469  -41.451  -67.015  8.990 0.3000000119
126542  -24.211  -69.417  0.733 0.5000000000
126635  -19.103  -65.706  5.923 0.6000000238
126766  -25.056  -69.349  8.480 0.5000000000
127125  -41.645  -66.088  6.809 0.3000000119
127333  -26.896  -67.696  0.389 0.6000000238
127519  -40.062  -68.228  10.345 0.3000000119
127843  -17.971  -59.499  14.685 0.6000000238
129288  -35.119  -64.500  6.367 0.4000000060
129450  -39.149  -68.412  9.399 0.3000000119
129595  -15.820  -58.043  10.973 0.6000000238
130114  -17.862  -48.043  0.715 0.4000000060
130629  -32.813  -66.121  4.220 0.4000000060
130825  -18.690  -50.096  2.369 0.3000000119
131471  -28.812  -66.566  0.235 0.6999999881
131511  -18.713  -49.716  3.130 0.3000000119
132754  -40.501  -68.370  7.642 0.3000000119
132922  -36.018  -65.501  5.232 0.4000000060
133379  -33.731  -60.307  10.426 0.4000000060
133436  -31.481  -67.681  0.100 0.6000000238
134644  -18.335  -66.247  9.256 0.6000000238
134949  -18.222  -56.747  2.874 0.4000000060
135132  -35.744  -68.729  2.664 0.4000000060
135446  -32.795  -66.322  0.818 0.6999999881
135938  -15.122  -64.372  4.438 0.6000000238
136035  -40.371  -65.315  14.480 0.3000000119
136143  -17.085  -63.194  14.234 0.6000000238
136378  -33.275  -61.286  9.498 0.5000000000
136506  -14.760  -64.262  6.380 0.6000000238
137772  -31.219  -64.334  2.679 0.6000000238
137958  -19.440  -66.341  2.471 0.6000000238
138255  -37.594  -64.136  8.053 0.4000000060
138291  -22.007  -67.053  6.120 0.6000000238
138550  -22.248  -55.724  12.495 0.4000000060
139227  -21.122  -67.134  3.772 0.6000000238
139363  -35.912  -65.816  3.145 0.4000000060
139735  -26.229  -58.932  8.316 0.6000000238
139750  -16.535  -63.158  14.585 0.6000000238
139797  -17.682  -62.920  6.262 0.5000000000
139825  -14.869  -65.989  3.733 0.6000000238
139976  -36.668  -68.160  2.145 0.5000000000
140235  -36.847  -59.490  10.649 0.4000000060
140604  -17.876  -55.451  4.902 0.3000000119
140689  -25.255  -69.990  5.991 0.5000000000
140701  -30.504  -58.976  11.120 0.4000000060
140896  -17.551  -54.993  11.237 0.5000000000
140966  -24.104  -70.676  4.496 0.5000000000
141095  -25.251  -68.953  0.313 0.5000000000
141436  -23.872  -62.724  6.677 0.5000000000
142111  -36.183  -64.377  6.917 0.4000000060
142748  -16.630  -51.286  7.024 0.3000000119
142945  -17.928  -53.642  6.544 0.3000000119
143148  -38.903  -65.597  6.005 0.3000000119
