#!ascii label  , from subject sub_0001 vox2ras=TkReg
1707
6070  -9.147  -68.221  2.912 0.5000000000
121442  -11.506  -67.860  0.998 0.5000000000
6108  -12.343  -67.994  0.681 0.5000000000
5557  -12.934  -68.497  0.017 0.5000000000
5469  -8.515  -69.243  4.876 0.5000000000
5487  -8.539  -69.120  3.872 0.5000000000
6063  -9.728  -68.636  4.677 0.5000000000
6071  -10.180  -68.209  3.825 0.5000000000
6064  -10.654  -68.698  4.409 0.6000000238
6638  -10.575  -68.142  2.975 0.5000000000
5578  -13.289  -69.386  -0.331 0.5000000000
6648  -11.180  -67.833  1.440 0.5000000000
5558  -13.853  -68.593  -0.048 0.5000000000
6096  -11.984  -67.811  1.345 0.6000000238
6110  -14.348  -68.338  0.549 0.6000000238
123878  -13.047  -68.263  2.431 0.6000000238
6109  -13.465  -68.084  0.526 0.6000000238
6111  -15.276  -68.651  0.788 0.6999999881
6085  -13.868  -68.108  2.097 0.6999999881
6098  -14.775  -68.318  1.171 0.6999999881
6076  -15.334  -68.756  2.624 0.6999999881
6087  -15.488  -68.573  1.634 0.6999999881
6088  -16.067  -68.734  1.112 0.6999999881
5470  -8.991  -68.947  5.365 0.5000000000
5488  -10.334  -68.929  5.173 0.6000000238
5471  -9.658  -68.983  5.705 0.6000000238
130092  -10.601  -69.372  5.847 0.6000000238
6083  -11.494  -68.133  2.690 0.5000000000
5559  -14.720  -68.874  0.140 0.5000000000
5580  -15.015  -69.704  -0.074 0.5000000000
4983  -16.605  -70.184  0.159 0.6999999881
5560  -15.659  -69.202  0.409 0.6999999881
5561  -16.533  -69.613  0.414 0.6999999881
6084  -12.271  -67.932  2.056 0.6000000238
6073  -12.365  -68.449  2.865 0.6999999881
5540  -16.384  -69.073  0.775 0.6999999881
6074  -13.598  -68.797  2.982 0.6999999881
6075  -14.431  -68.729  2.798 0.6999999881
5542  -17.512  -69.278  1.368 0.6999999881
5512  -15.773  -69.138  3.627 0.6999999881
5526  -16.157  -68.914  2.673 0.6999999881
5527  -16.384  -68.772  1.800 0.6999999881
5528  -17.612  -69.281  2.120 0.6999999881
5513  -16.662  -69.272  3.348 0.6999999881
5514  -17.463  -69.460  3.064 0.6999999881
119170  -17.983  -69.833  3.785 0.6999999881
5453  -8.364  -69.521  5.704 0.5000000000
5454  -8.919  -69.380  6.195 0.6000000238
4890  -10.042  -70.326  7.359 0.6000000238
5455  -9.810  -69.664  6.483 0.6000000238
5456  -10.930  -70.065  6.595 0.6000000238
5489  -11.178  -69.304  5.010 0.6000000238
5472  -11.712  -69.937  5.745 0.6000000238
5508  -11.696  -69.073  4.143 0.6000000238
4998  -18.013  -70.591  -0.008 0.6999999881
5509  -12.460  -69.034  3.574 0.6999999881
129830  -17.862  -70.074  0.421 0.6999999881
4456  -18.723  -71.075  -0.571 0.6999999881
4985  -19.000  -70.988  -0.335 0.6999999881
5490  -12.600  -69.528  4.311 0.6999999881
134011  -18.472  -70.504  0.195 0.6999999881
4457  -19.373  -71.448  -0.731 0.6999999881
5510  -13.187  -69.282  3.693 0.6999999881
5511  -14.133  -69.302  3.789 0.6999999881
5562  -17.261  -69.485  0.764 0.6999999881
5563  -18.003  -69.842  0.887 0.6999999881
4442  -19.475  -71.507  -0.124 0.6999999881
5492  -15.060  -69.389  4.260 0.6999999881
5543  -18.162  -69.700  1.687 0.6999999881
121944  -19.046  -70.867  0.493 0.6999999881
4962  -18.773  -70.205  2.181 0.6999999881
4969  -18.599  -70.223  1.100 0.6999999881
5495  -17.220  -69.608  3.989 0.6999999881
5515  -18.279  -69.794  2.782 0.6999999881
4949  -18.969  -70.323  3.238 0.6999999881
5496  -18.587  -69.903  4.506 0.6999999881
4888  -8.246  -70.046  6.433 0.5000000000
4889  -8.883  -69.968  6.956 0.6000000238
4861  -8.336  -70.674  7.210 0.5000000000
4863  -9.772  -70.404  8.180 0.6000000238
127354  -8.085  -71.315  7.122 0.5000000000
119159  -10.778  -70.475  8.593 0.6000000238
4865  -11.720  -71.085  7.801 0.6000000238
4864  -10.894  -70.755  7.965 0.6000000238
140135  -12.010  -69.646  4.848 0.6999999881
4913  -12.497  -70.604  6.137 0.6999999881
5491  -13.428  -69.732  4.507 0.6999999881
4934  -12.734  -70.111  5.176 0.6999999881
4443  -20.014  -71.983  -0.679 0.6999999881
5474  -14.356  -69.831  4.913 0.6999999881
5473  -13.577  -70.165  5.203 0.6999999881
4017  -19.963  -72.386  0.193 0.6999999881
132917  -21.090  -73.577  -0.142 0.6999999881
4916  -14.873  -70.246  5.715 0.6999999881
4432  -19.411  -72.017  1.183 0.6999999881
3604  -20.418  -73.433  0.746 0.6999999881
3617  -21.019  -73.471  -0.840 0.6999999881
5476  -16.358  -69.757  5.183 0.6000000238
4425  -19.428  -71.950  2.336 0.6999999881
3579  -19.793  -73.159  1.485 0.6999999881
125696  -21.197  -73.947  1.213 0.6999999881
3618  -21.750  -74.094  -0.447 0.6999999881
5494  -16.471  -69.505  4.241 0.6999999881
4963  -19.222  -71.026  2.771 0.6999999881
3994  -19.798  -72.680  2.746 0.6000000238
3580  -19.933  -73.350  2.298 0.6999999881
3590  -20.419  -73.732  1.784 0.6999999881
139083  -18.631  -70.050  3.711 0.6999999881
4950  -19.482  -71.049  3.678 0.6999999881
4417  -19.653  -71.861  3.229 0.6000000238
4001  -20.317  -72.999  2.883 0.6000000238
5497  -19.256  -69.958  5.091 0.6000000238
4935  -19.250  -70.356  4.234 0.6000000238
4407  -20.001  -71.621  3.946 0.6000000238
3986  -20.610  -71.857  4.114 0.5000000000
3995  -20.150  -72.294  3.438 0.5000000000
3996  -20.774  -72.440  3.522 0.5000000000
123127  -19.887  -70.640  4.952 0.6000000238
4918  -20.766  -71.012  5.580 0.5000000000
4936  -20.374  -71.331  4.644 0.5000000000
4862  -8.981  -70.400  7.695 0.6000000238
127370  -8.754  -70.842  7.980 0.6000000238
4830  -10.703  -69.997  9.186 0.5000000000
5989  -9.553  -69.194  9.461 0.6999999881
4367  -8.337  -71.309  7.919 0.5000000000
4842  -8.502  -70.852  8.736 0.6000000238
3970  -9.002  -73.016  7.620 0.6000000238
3969  -8.411  -72.128  7.362 0.6000000238
4845  -11.697  -70.714  8.990 0.4000000060
3959  -8.619  -72.207  8.242 0.6000000238
4359  -11.697  -71.037  8.373 0.5000000000
4368  -12.330  -71.362  8.000 0.6000000238
4381  -13.019  -71.360  7.469 0.6000000238
4914  -13.298  -70.598  5.818 0.6999999881
4893  -13.079  -71.035  6.609 0.6000000238
129820  -14.489  -70.652  6.247 0.6999999881
5457  -15.716  -70.089  5.934 0.6000000238
5477  -17.393  -69.572  5.604 0.6000000238
138502  -21.224  -73.550  2.444 0.6000000238
133477  -21.173  -73.879  1.963 0.6000000238
3591  -21.917  -73.996  1.471 0.6999999881
3605  -22.074  -74.171  0.723 0.6999999881
3629  -22.119  -74.435  -0.591 0.6999999881
124535  -18.419  -69.593  5.349 0.6000000238
4002  -20.977  -73.106  2.943 0.6000000238
3214  -22.679  -74.820  -0.769 0.6999999881
4917  -19.939  -70.142  5.706 0.6000000238
4408  -21.339  -71.948  4.213 0.4000000060
4418  -21.607  -72.364  3.338 0.4000000060
4426  -21.679  -72.942  2.585 0.5000000000
3582  -21.812  -73.573  2.003 0.6000000238
3606  -22.613  -74.105  1.064 0.6000000238
3204  -23.519  -74.696  -0.370 0.6000000238
4395  -21.554  -71.516  5.258 0.5000000000
4394  -21.005  -71.644  4.821 0.5000000000
4427  -22.338  -72.082  2.562 0.4000000060
4006  -22.468  -72.702  1.941 0.6000000238
5988  -9.008  -69.222  9.666 0.6000000238
4844  -9.642  -70.049  8.898 0.6000000238
5990  -10.378  -69.024  9.340 0.6000000238
4358  -8.405  -71.418  8.886 0.6000000238
4829  -8.452  -70.757  9.474 0.5000000000
137052  -8.671  -70.769  10.394 0.6000000238
4343  -9.292  -71.495  10.453 0.6000000238
3961  -10.298  -73.498  8.757 0.6999999881
3945  -9.822  -72.350  9.976 0.6000000238
4344  -10.612  -72.166  10.680 0.6000000238
4831  -12.510  -70.715  9.247 0.5000000000
5393  -12.554  -69.939  9.385 0.6000000238
3516  -10.635  -73.966  8.493 0.6000000238
3930  -11.155  -73.030  10.134 0.6999999881
4351  -13.136  -71.078  9.143 0.5000000000
3506  -11.100  -73.898  9.176 0.6999999881
133787  -13.022  -71.482  8.190 0.6000000238
3087  -11.213  -74.245  10.213 0.6000000238
4867  -14.459  -71.041  7.073 0.6000000238
4369  -13.833  -71.482  7.920 0.6000000238
4370  -14.766  -71.302  8.082 0.6000000238
4868  -15.308  -70.907  7.436 0.6000000238
5458  -16.566  -69.788  6.270 0.6000000238
5459  -17.327  -69.513  6.598 0.6000000238
5461  -20.324  -69.701  7.124 0.6000000238
5478  -19.160  -69.576  5.906 0.6000000238
4871  -21.001  -69.970  6.952 0.6000000238
4898  -20.553  -70.172  6.356 0.6000000238
3593  -23.190  -73.022  1.392 0.6000000238
3607  -23.497  -73.777  0.918 0.6000000238
3620  -24.144  -74.258  0.187 0.6000000238
123950  -21.289  -70.546  6.456 0.5000000000
4396  -22.369  -71.358  5.441 0.5000000000
3621  -25.049  -73.812  0.129 0.6000000238
4971  -23.233  -70.936  1.395 0.4000000060
4019  -23.911  -72.418  0.771 0.6000000238
137508  -24.530  -72.180  0.333 0.6000000238
5969  -9.437  -68.644  9.945 0.6000000238
5365  -9.310  -68.801  10.868 0.5000000000
6010  -10.025  -68.325  9.569 0.6000000238
6590  -10.525  -67.594  9.323 0.5000000000
5375  -8.566  -70.172  9.946 0.6000000238
5419  -10.822  -68.373  9.209 0.5000000000
141487  -11.522  -68.181  8.732 0.5000000000
4824  -9.523  -70.977  11.199 0.5000000000
4823  -8.823  -69.906  10.716 0.6000000238
5420  -11.857  -69.047  9.122 0.6000000238
3493  -11.418  -73.912  10.418 0.6999999881
4345  -11.606  -72.826  11.023 0.6000000238
3478  -11.473  -73.451  11.153 0.6000000238
4352  -13.894  -71.042  9.238 0.5000000000
3075  -10.412  -74.373  10.781 0.5000000000
3076  -11.298  -74.060  10.729 0.6999999881
4362  -14.323  -71.328  8.761 0.5000000000
4869  -15.994  -70.683  7.908 0.5000000000
4896  -15.926  -70.361  6.893 0.6000000238
5442  -19.099  -69.216  8.082 0.6000000238
119751  -17.747  -69.469  7.371 0.5000000000
5443  -20.004  -69.477  8.000 0.6000000238
132126  -19.495  -69.400  7.249 0.6000000238
4899  -22.086  -70.623  6.674 0.5000000000
4972  -23.560  -70.282  0.822 0.5000000000
4444  -23.639  -71.062  0.698 0.5000000000
4036  -24.970  -72.033  0.158 0.6000000238
123531  -25.211  -73.017  0.164 0.6000000238
5956  -10.079  -68.075  11.043 0.6000000238
6573  -10.125  -67.865  9.801 0.6000000238
5366  -9.994  -69.309  11.714 0.6000000238
4813  -10.439  -70.497  11.805 0.6000000238
4334  -11.218  -71.783  11.434 0.6999999881
6011  -12.306  -68.495  8.606 0.6000000238
5421  -13.038  -69.340  9.141 0.6000000238
3463  -11.293  -73.503  11.984 0.6000000238
3464  -11.974  -73.195  12.004 0.6000000238
4832  -13.356  -70.570  9.413 0.5000000000
4846  -15.842  -70.961  8.832 0.5000000000
3475  -8.567  -73.811  11.466 0.5000000000
3476  -9.677  -74.011  11.515 0.6000000238
5441  -17.375  -69.936  8.430 0.5000000000
5423  -18.689  -69.279  9.029 0.6000000238
123288  -18.230  -69.416  8.220 0.5000000000
5425  -20.530  -69.371  8.787 0.5000000000
5444  -20.983  -69.733  7.871 0.5000000000
4987  -24.517  -70.147  0.068 0.6000000238
5000  -24.933  -70.503  -0.112 0.6000000238
140395  -10.817  -68.201  11.383 0.6000000238
6558  -10.360  -67.447  10.238 0.5000000000
128483  -10.891  -67.139  8.946 0.5000000000
5941  -11.503  -68.358  11.713 0.6999999881
6591  -11.241  -67.418  8.601 0.5000000000
4814  -11.919  -71.238  12.090 0.6999999881
5367  -11.141  -69.871  12.135 0.6000000238
6592  -11.819  -67.747  7.926 0.5000000000
4335  -12.092  -72.225  11.726 0.6000000238
6012  -13.334  -68.657  8.647 0.6000000238
3884  -11.709  -72.545  13.190 0.6999999881
5991  -14.109  -69.302  9.322 0.6000000238
3897  -11.440  -72.999  12.684 0.6000000238
5395  -14.702  -69.783  9.794 0.6000000238
3894  -8.507  -72.231  12.417 0.6999999881
3895  -9.160  -72.982  12.372 0.6999999881
4353  -14.776  -70.983  9.418 0.5000000000
4833  -14.317  -70.467  9.551 0.5000000000
3461  -9.068  -73.476  11.911 0.6000000238
4847  -16.209  -70.676  9.402 0.5000000000
121341  -7.741  -72.041  11.991 0.5000000000
4836  -16.899  -70.238  9.564 0.6000000238
4870  -16.564  -70.536  8.640 0.5000000000
136596  -7.254  -71.786  11.491 0.6000000238
5424  -19.595  -69.176  8.873 0.6000000238
5402  -21.149  -69.179  9.521 0.5000000000
6560  -11.652  -67.183  10.917 0.6999999881
6559  -11.005  -67.031  10.486 0.5000000000
6574  -10.947  -66.907  9.696 0.5000000000
5355  -13.072  -69.670  12.459 0.8000000119
5942  -12.595  -68.696  12.041 0.6999999881
7155  -11.315  -66.954  8.036 0.5000000000
6603  -11.635  -67.172  7.648 0.5000000000
4327  -13.276  -71.337  13.039 0.6999999881
4805  -12.416  -70.347  12.383 0.6999999881
5354  -11.857  -69.258  12.138 0.8000000119
4336  -12.536  -72.000  12.275 0.6999999881
126670  -12.140  -67.308  6.986 0.5000000000
4315  -11.550  -71.955  13.701 0.6999999881
3899  -12.574  -72.199  12.658 0.6999999881
6029  -12.582  -68.037  7.693 0.5000000000
4314  -9.710  -71.510  13.429 0.6000000238
3883  -10.710  -72.350  13.350 0.6000000238
5992  -15.020  -69.073  9.727 0.6000000238
4313  -8.898  -71.604  12.905 0.6999999881
4326  -9.716  -72.236  13.134 0.6999999881
4834  -15.369  -70.297  9.860 0.6000000238
5396  -15.598  -69.499  10.106 0.6000000238
4325  -8.030  -71.401  12.465 0.6000000238
5397  -16.683  -69.971  10.188 0.6000000238
5422  -17.789  -69.626  9.261 0.6000000238
4810  -6.523  -70.499  11.044 0.6000000238
6532  -13.207  -68.201  11.992 0.6000000238
6546  -12.227  -67.759  11.547 0.5000000000
134762  -11.728  -66.693  10.435 0.5000000000
7171  -11.789  -66.819  7.103 0.5000000000
4806  -13.341  -70.635  12.773 0.8000000119
6611  -12.156  -66.865  6.430 0.5000000000
4317  -12.876  -71.561  13.804 0.6999999881
6593  -14.929  -68.197  8.235 0.6000000238
8328  -6.057  -64.589  8.855 0.6000000238
132841  -10.611  -71.369  13.734 0.8000000119
141252  -6.846  -65.733  9.786 0.6000000238
127359  -8.954  -70.053  13.455 0.6999999881
123886  -10.102  -69.908  13.816 0.8000000119
6013  -14.435  -68.635  8.915 0.6000000238
6572  -6.657  -67.900  9.801 0.6000000238
5353  -8.273  -70.033  13.088 0.6000000238
4825  -16.206  -69.835  10.232 0.6000000238
5378  -16.904  -69.348  10.284 0.6000000238
5954  -6.603  -69.024  11.099 0.6000000238
5363  -6.737  -69.769  11.456 0.6000000238
4803  -7.657  -70.482  12.446 0.6000000238
5398  -17.342  -69.615  10.043 0.6000000238
135852  -18.171  -68.391  10.403 0.6000000238
4333  -7.378  -71.243  11.948 0.5000000000
5401  -20.147  -68.858  9.629 0.5000000000
140728  -20.210  -68.399  10.211 0.5000000000
121957  -13.304  -67.510  11.679 0.5000000000
7116  -12.796  -66.265  10.558 0.5000000000
5943  -13.771  -68.959  12.594 0.6000000238
6533  -14.084  -68.075  12.374 0.5000000000
136278  -13.679  -70.785  13.970 0.8000000119
5357  -14.242  -70.021  13.614 0.6999999881
4786  -12.987  -70.585  14.476 0.8000000119
4785  -12.126  -70.759  14.448 0.8000000119
6030  -13.751  -68.203  7.904 0.6000000238
6612  -12.577  -67.164  6.132 0.5000000000
8978  -6.556  -63.256  8.844 0.6000000238
4784  -11.295  -70.424  14.239 0.8000000119
6605  -14.222  -67.856  7.161 0.5000000000
121496  -6.851  -64.956  9.603 0.6999999881
132367  -6.505  -63.988  9.132 0.6000000238
5931  -9.353  -68.862  13.496 0.8000000119
6014  -15.391  -68.429  9.327 0.6000000238
6594  -15.814  -67.757  8.734 0.6000000238
7133  -7.050  -66.207  10.179 0.6000000238
5377  -16.391  -69.073  10.296 0.6000000238
5993  -15.838  -68.764  10.074 0.6000000238
6595  -16.572  -67.349  9.279 0.6000000238
6556  -6.754  -67.533  10.799 0.6000000238
5345  -8.244  -69.208  12.870 0.6000000238
5346  -8.787  -69.387  13.292 0.5000000000
5971  -17.329  -68.394  10.373 0.6000000238
5352  -7.106  -69.027  11.924 0.6000000238
5996  -19.451  -68.507  10.155 0.6000000238
5972  -18.921  -68.147  10.432 0.6000000238
5973  -19.798  -67.973  10.451 0.5000000000
5975  -21.588  -68.105  10.427 0.5000000000
5403  -21.943  -68.956  10.131 0.5000000000
5976  -22.476  -68.245  10.399 0.5000000000
126552  -14.672  -68.640  13.193 0.6000000238
4800  -14.055  -70.252  14.050 0.6999999881
121056  -8.309  -61.292  7.050 0.6000000238
10301  -7.473  -61.856  8.330 0.6000000238
5332  -12.454  -69.841  14.613 0.8000000119
137579  -14.632  -67.580  6.423 0.5000000000
9653  -7.535  -62.648  8.592 0.6000000238
5913  -10.893  -68.852  14.182 0.8000000119
6614  -15.772  -67.265  6.775 0.5000000000
132197  -7.393  -64.029  9.163 0.6999999881
5932  -9.964  -68.385  13.778 0.8000000119
6606  -15.400  -67.714  7.544 0.6000000238
7702  -8.059  -65.482  9.919 0.8000000119
132649  -9.293  -68.132  13.424 0.6999999881
5994  -16.539  -68.436  10.223 0.6000000238
7157  -17.004  -66.815  8.923 0.6000000238
7701  -7.761  -65.928  10.513 0.6999999881
128319  -7.620  -67.083  11.795 0.6999999881
134961  -8.211  -67.854  12.697 0.6000000238
7117  -17.751  -67.376  10.325 0.6000000238
7158  -17.645  -66.488  9.132 0.6000000238
6544  -7.182  -67.639  11.617 0.6000000238
7137  -18.073  -66.626  9.950 0.5000000000
6562  -19.262  -67.459  10.511 0.5000000000
5349  -14.427  -69.455  14.076 0.6000000238
5944  -15.170  -68.276  13.782 0.5000000000
118281  -8.963  -59.758  5.471 0.6000000238
5917  -14.267  -69.027  14.456 0.6999999881
11013  -8.394  -60.504  6.252 0.6000000238
5333  -13.311  -69.800  14.638 0.6999999881
132653  -13.500  -67.996  14.852 0.6000000238
9674  -8.025  -62.531  8.044 0.6000000238
10330  -8.755  -61.376  6.261 0.6000000238
129383  -12.354  -68.489  14.705 0.6000000238
6502  -11.571  -68.156  14.442 0.6999999881
8980  -7.901  -63.800  8.171 0.8000000119
6517  -10.607  -67.820  14.020 0.6999999881
7072  -10.811  -66.526  13.746 0.6000000238
8314  -7.740  -64.823  9.422 0.8000000119
7071  -9.565  -66.712  13.184 0.8000000119
7659  -9.939  -65.911  12.890 0.6999999881
7689  -8.442  -65.450  10.863 0.6999999881
7101  -8.198  -66.023  11.392 0.6999999881
7089  -8.507  -66.268  12.199 0.6000000238
7090  -9.133  -65.983  12.613 0.8000000119
12366  -9.542  -58.866  5.783 0.6000000238
10331  -9.082  -60.590  5.457 0.6000000238
9692  -8.538  -62.482  7.011 0.6999999881
7661  -11.615  -65.474  13.629 0.6000000238
9005  -8.296  -63.888  7.352 0.6999999881
8348  -8.681  -64.668  6.947 0.6999999881
7660  -10.799  -65.848  13.270 0.6999999881
7679  -10.285  -65.176  12.650 0.6000000238
8329  -8.211  -64.599  8.663 0.8000000119
8316  -8.958  -64.790  8.952 0.6000000238
8306  -8.678  -65.008  10.259 0.5000000000
7678  -9.512  -65.225  12.385 0.6999999881
8926  -9.912  -64.091  11.849 0.6999999881
8927  -10.755  -63.726  11.853 0.6000000238
8315  -8.503  -64.895  9.507 0.8000000119
134666  -9.052  -64.343  10.686 0.6000000238
7677  -8.796  -65.383  11.851 0.6000000238
12348  -10.214  -58.869  6.416 0.6000000238
11679  -10.348  -59.491  5.704 0.6000000238
10351  -9.675  -61.097  4.371 0.6999999881
11031  -9.608  -60.097  4.780 0.6000000238
10350  -9.186  -61.537  5.313 0.6999999881
9707  -9.495  -62.412  4.772 0.6999999881
9040  -8.741  -63.600  5.919 0.6999999881
8371  -8.939  -64.843  6.424 0.6000000238
7680  -11.091  -65.009  12.897 0.6000000238
8349  -8.991  -65.001  7.175 0.6000000238
129206  -9.527  -64.472  8.980 0.6000000238
8928  -11.718  -63.555  12.234 0.5000000000
9616  -11.094  -63.006  10.706 0.6000000238
8944  -11.408  -63.198  11.470 0.5000000000
139909  -12.102  -62.377  10.328 0.5000000000
9627  -11.522  -62.639  9.296 0.6000000238
135619  -11.580  -62.581  10.144 0.5000000000
139445  -11.544  -58.802  7.750 0.6000000238
11661  -11.205  -59.390  6.672 0.6000000238
11032  -10.163  -60.033  4.704 0.6999999881
142131  -10.818  -60.035  5.343 0.6999999881
11047  -9.926  -60.466  4.095 0.6999999881
136525  -9.869  -63.261  4.422 0.6000000238
9041  -9.391  -63.554  5.128 0.5000000000
8389  -10.167  -64.428  5.305 0.6999999881
8390  -10.724  -64.251  4.822 0.6000000238
132736  -9.572  -64.898  6.704 0.6000000238
9006  -10.505  -64.247  7.220 0.6000000238
9024  -11.135  -63.911  6.340 0.6000000238
8982  -10.899  -63.286  8.818 0.6000000238
9654  -11.534  -62.874  8.352 0.5000000000
9676  -12.122  -62.464  7.641 0.5000000000
124787  -12.824  -61.812  8.179 0.5000000000
14352  -11.398  -55.804  8.801 0.6999999881
14362  -11.472  -55.609  7.808 0.6999999881
14361  -10.172  -55.388  7.206 0.6999999881
12325  -12.090  -58.396  7.918 0.6000000238
128005  -12.873  -56.419  7.375 0.6999999881
14373  -10.843  -55.861  6.593 0.6999999881
13701  -9.832  -55.692  6.102 0.6999999881
14389  -9.799  -55.960  5.312 0.6000000238
11662  -12.048  -59.442  6.794 0.6999999881
12326  -12.867  -57.751  7.591 0.6999999881
13016  -13.275  -57.043  7.146 0.6999999881
13703  -11.543  -56.382  6.020 0.6999999881
11680  -11.572  -59.856  5.950 0.6999999881
11648  -12.698  -58.603  7.064 0.6999999881
13717  -13.400  -56.743  5.824 0.6999999881
10369  -10.216  -61.368  3.856 0.6999999881
9067  -10.915  -63.298  3.778 0.6000000238
9054  -10.383  -63.955  3.969 0.6000000238
9056  -12.119  -63.479  3.930 0.6000000238
9057  -12.897  -63.196  3.203 0.6000000238
8373  -10.701  -64.321  5.536 0.6000000238
9042  -11.317  -64.038  5.284 0.6000000238
9721  -12.635  -63.036  4.628 0.6000000238
9025  -11.855  -63.321  5.950 0.5000000000
9709  -13.164  -62.344  5.281 0.6000000238
10371  -13.959  -62.083  4.885 0.6000000238
122850  -11.812  -63.115  6.831 0.5000000000
9693  -12.319  -62.493  6.612 0.5000000000
9694  -12.936  -61.982  6.268 0.5000000000
14351  -10.508  -55.357  8.344 0.6999999881
122508  -9.463  -55.309  5.888 0.6000000238
15789  -9.430  -54.459  5.675 0.6000000238
15067  -10.073  -55.842  4.631 0.6000000238
15068  -10.785  -55.374  4.177 0.4000000060
143086  -12.908  -56.800  5.186 0.6000000238
13716  -11.066  -56.851  4.975 0.5000000000
13732  -10.268  -56.442  4.792 0.5000000000
14409  -11.437  -55.898  3.830 0.4000000060
15081  -12.260  -55.300  3.935 0.5000000000
11033  -11.303  -60.401  4.935 0.6999999881
11681  -12.518  -59.905  5.304 0.8000000119
12349  -14.132  -57.516  5.526 0.6999999881
13056  -14.214  -56.847  4.477 0.5000000000
13070  -12.937  -56.804  4.004 0.4000000060
13751  -12.269  -56.764  3.874 0.4000000060
14424  -12.416  -56.080  3.751 0.4000000060
139328  -13.999  -55.470  2.860 0.4000000060
11034  -12.078  -60.473  4.568 0.8000000119
11694  -12.912  -59.988  4.367 0.8000000119
12367  -13.434  -59.003  5.607 0.8000000119
12368  -14.284  -58.194  5.291 0.8000000119
12369  -14.578  -57.495  4.941 0.6000000238
13057  -14.954  -57.482  4.166 0.5000000000
13071  -14.337  -56.747  3.762 0.4000000060
13752  -13.360  -56.362  3.652 0.4000000060
10370  -10.996  -61.397  3.796 0.6999999881
10385  -10.874  -62.019  3.642 0.8000000119
10387  -12.334  -61.720  2.757 0.6999999881
10402  -12.348  -62.387  2.566 0.5000000000
13072  -15.198  -57.409  3.333 0.5000000000
13083  -14.417  -56.512  3.205 0.4000000060
13084  -15.023  -56.765  2.725 0.4000000060
9734  -11.849  -62.726  2.882 0.6000000238
9069  -12.216  -63.226  3.141 0.5000000000
9744  -13.215  -62.750  2.201 0.5000000000
141518  -13.656  -62.899  3.254 0.6000000238
9722  -13.296  -62.694  4.147 0.6000000238
124134  -14.193  -62.490  3.833 0.6000000238
122309  -9.479  -54.983  7.747 0.6000000238
124202  -8.841  -54.551  7.278 0.5000000000
15034  -9.038  -54.612  6.484 0.5000000000
15770  -9.660  -53.246  5.854 0.4000000060
15790  -10.218  -53.628  5.324 0.5000000000
15050  -10.184  -54.690  4.814 0.5000000000
15069  -11.753  -54.936  4.160 0.5000000000
15806  -12.247  -54.174  4.569 0.5000000000
15807  -13.104  -53.826  4.308 0.5000000000
124753  -13.722  -53.202  3.873 0.5000000000
15082  -13.009  -55.099  3.730 0.5000000000
15815  -13.949  -53.235  3.061 0.5000000000
11682  -13.763  -59.274  4.912 0.6999999881
11695  -13.950  -59.515  4.158 0.6000000238
11711  -14.072  -59.813  3.477 0.5000000000
12391  -15.216  -58.403  3.787 0.5000000000
15092  -14.526  -54.704  2.781 0.5000000000
15824  -14.630  -53.733  2.747 0.5000000000
11049  -11.474  -60.860  3.990 0.8000000119
11050  -12.383  -60.645  3.770 0.6999999881
11064  -12.788  -61.011  2.838 0.6000000238
11712  -15.047  -59.347  3.384 0.5000000000
12401  -15.461  -58.508  3.035 0.4000000060
128519  -15.561  -57.665  2.563 0.5000000000
14437  -14.701  -55.610  2.625 0.4000000060
14438  -15.260  -55.023  2.276 0.5000000000
125811  -13.251  -62.333  1.956 0.5000000000
120395  -14.543  -61.117  1.996 0.5000000000
11066  -14.476  -60.298  2.685 0.6000000238
11719  -15.370  -59.559  2.538 0.5000000000
12402  -15.797  -58.679  2.313 0.5000000000
13085  -15.964  -57.898  2.003 0.5000000000
118238  -13.898  -62.331  2.161 0.5000000000
10405  -14.807  -61.591  1.916 0.5000000000
10417  -15.249  -60.943  1.817 0.5000000000
11088  -15.957  -60.321  1.702 0.5000000000
10388  -14.904  -62.180  3.423 0.6000000238
10389  -15.591  -61.787  3.039 0.6000000238
139994  -8.459  -53.620  7.560 0.5000000000
15768  -8.798  -53.077  7.093 0.5000000000
16544  -9.355  -52.693  6.422 0.5000000000
16545  -10.145  -52.426  6.138 0.4000000060
16556  -10.445  -52.877  5.719 0.4000000060
16521  -8.598  -52.200  7.620 0.5000000000
17325  -9.814  -51.941  6.669 0.4000000060
15791  -11.288  -53.159  5.591 0.5000000000
15792  -11.975  -53.680  5.235 0.6000000238
16557  -12.758  -53.259  5.803 0.5000000000
15793  -12.870  -53.580  5.012 0.5000000000
120703  -13.432  -53.193  4.555 0.4000000060
16575  -13.948  -52.357  3.447 0.4000000060
17347  -14.003  -51.451  4.013 0.4000000060
17312  -10.327  -51.514  7.194 0.4000000060
16546  -11.051  -52.601  6.228 0.4000000060
15752  -11.914  -52.979  6.571 0.5000000000
137584  -12.163  -53.207  6.002 0.5000000000
16547  -12.576  -53.006  6.587 0.5000000000
16523  -11.669  -52.622  7.204 0.4000000060
17314  -12.676  -52.417  7.886 0.4000000060
16525  -12.803  -52.595  7.106 0.5000000000
16548  -13.197  -52.535  6.256 0.4000000060
17333  -13.592  -51.935  5.499 0.4000000060
17340  -13.800  -51.701  4.773 0.4000000060
125210  -13.950  -50.938  4.608 0.4000000060
18068  -10.383  -50.223  8.167 0.4000000060
17294  -11.042  -51.450  8.149 0.4000000060
17313  -11.346  -52.202  7.719 0.4000000060
18861  -11.825  -49.788  9.867 0.4000000060
18052  -12.218  -50.850  9.557 0.4000000060
17296  -12.392  -52.123  8.620 0.4000000060
17297  -13.056  -51.708  8.457 0.4000000060
125673  -13.157  -52.094  7.263 0.5000000000
17326  -13.491  -51.449  6.175 0.4000000060
18095  -13.743  -51.075  5.174 0.4000000060
18069  -13.441  -50.837  8.677 0.4000000060
18900  -13.460  -49.876  6.705 0.4000000060
140811  -13.695  -50.589  5.574 0.4000000060
18100  -13.974  -50.317  4.902 0.4000000060
19684  -11.274  -48.935  10.016 0.4000000060
18839  -12.550  -49.302  10.317 0.3000000119
18053  -13.012  -50.787  9.588 0.3000000119
142327  -13.401  -50.622  9.334 0.4000000060
124402  -13.735  -47.204  10.534 0.4000000060
19667  -13.233  -48.687  10.527 0.3000000119
18841  -13.737  -48.827  10.130 0.3000000119
121204  -13.754  -49.353  9.527 0.4000000060
129866  -13.561  -48.335  8.641 0.5000000000
141866  -13.408  -48.932  7.494 0.4000000060
19718  -13.595  -48.962  7.072 0.4000000060
127068  -13.868  -49.174  6.438 0.4000000060
19736  -14.707  -47.991  4.482 0.3000000119
21351  -12.598  -46.899  8.125 0.5000000000
20502  -12.848  -47.681  7.804 0.5000000000
19717  -13.059  -48.071  7.217 0.4000000060
19719  -14.214  -48.349  6.591 0.4000000060
20476  -12.900  -47.678  10.820 0.4000000060
21327  -13.786  -46.226  10.428 0.4000000060
20477  -14.116  -46.798  10.215 0.4000000060
20491  -14.260  -46.696  9.943 0.5000000000
20503  -13.893  -47.333  9.222 0.5000000000
22199  -13.910  -45.375  10.215 0.4000000060
21352  -13.701  -46.193  9.079 0.5000000000
130137  -12.416  -45.783  8.437 0.5000000000
120332  -11.737  -46.502  7.595 0.4000000060
20526  -12.407  -47.346  6.840 0.4000000060
20527  -13.787  -47.501  6.866 0.3000000119
130906  -11.555  -45.040  8.290 0.3000000119
22227  -11.331  -45.745  7.608 0.3000000119
21365  -11.552  -46.563  7.112 0.3000000119
21326  -13.095  -46.556  10.815 0.4000000060
120484  -13.553  -44.510  10.374 0.3000000119
133876  -13.462  -43.744  9.837 0.4000000060
21379  -12.442  -46.540  6.450 0.3000000119
23148  -13.021  -43.854  10.887 0.3000000119
24987  -12.510  -42.283  10.628 0.3000000119
4843  -8.899  -70.362  8.598 0.6000000238
5390  -8.681  -70.236  9.333 0.5000000000
8955  -10.244  -63.320  10.623 0.6000000238
8961  -9.868  -63.776  9.852 0.6000000238
5556  -11.986  -68.657  0.267 0.5000000000
119108  -13.052  -67.856  1.410 0.6000000238
6072  -11.007  -68.378  3.573 0.5000000000
6086  -14.667  -68.343  1.899 0.6999999881
137919  -15.849  -68.868  0.773 0.6999999881
5541  -16.834  -68.949  1.222 0.6999999881
140647  -14.950  -69.011  3.466 0.6999999881
125984  -17.106  -68.953  1.733 0.6999999881
120765  -16.932  -69.037  2.418 0.6999999881
4912  -11.788  -70.497  6.576 0.5000000000
5475  -15.368  -69.811  5.082 0.6999999881
5493  -15.806  -69.537  4.479 0.6999999881
4970  -19.096  -70.926  1.653 0.6999999881
128645  -17.773  -69.727  4.684 0.6999999881
132911  -19.584  -72.821  2.082 0.6999999881
133426  -19.802  -71.013  4.319 0.5000000000
122223  -9.167  -72.448  9.113 0.6999999881
3592  -22.571  -73.645  1.474 0.6000000238
3619  -22.990  -74.372  0.194 0.6000000238
4382  -21.749  -71.081  5.970 0.5000000000
4007  -23.225  -71.978  1.410 0.5000000000
3944  -8.671  -71.370  9.775 0.6000000238
3946  -10.663  -73.246  9.469 0.6999999881
5394  -13.706  -69.916  9.552 0.6000000238
5440  -16.788  -70.021  7.429 0.5000000000
5460  -18.244  -69.362  6.376 0.5000000000
4897  -19.789  -69.678  6.472 0.6000000238
133685  -19.070  -69.379  6.638 0.5000000000
4035  -24.583  -73.121  0.328 0.6000000238
4458  -24.332  -71.260  0.222 0.6000000238
5564  -24.018  -69.888  0.442 0.5000000000
3914  -12.138  -72.691  11.939 0.6000000238
6604  -12.973  -67.730  6.839 0.5000000000
121195  -6.520  -66.227  9.434 0.6000000238
5374  -6.337  -69.744  10.579 0.6000000238
5399  -18.196  -69.228  9.869 0.6000000238
7132  -6.831  -66.726  9.890 0.6000000238
5348  -10.063  -69.220  13.833 0.8000000119
7114  -6.950  -66.715  10.596 0.6000000238
7136  -17.306  -67.006  9.773 0.6000000238
6530  -7.661  -67.720  12.255 0.6000000238
6561  -18.338  -67.774  10.478 0.6000000238
127165  -10.337  -66.998  13.750 0.8000000119
6607  -16.362  -67.053  8.099 0.6000000238
7070  -8.849  -66.697  12.732 0.6000000238
6531  -8.226  -67.088  12.425 0.6999999881
8350  -9.665  -64.684  7.619 0.6000000238
8942  -9.326  -64.021  11.345 0.6999999881
8981  -10.354  -64.020  8.204 0.6000000238
9655  -12.168  -62.214  8.735 0.5000000000
127176  -11.288  -63.546  3.860 0.5000000000
9007  -10.934  -63.492  8.021 0.6000000238
10319  -12.795  -61.808  7.213 0.5000000000
13675  -11.898  -56.474  8.872 0.6999999881
12301  -12.379  -57.690  8.225 0.6000000238
14374  -12.118  -55.977  7.085 0.6999999881
127768  -13.603  -58.156  6.165 0.8000000119
13044  -14.133  -56.931  5.365 0.6000000238
14360  -9.296  -55.130  6.698 0.6000000238
13750  -11.521  -56.712  3.923 0.5000000000
13043  -12.030  -57.123  4.539 0.5000000000
130980  -15.561  -57.054  2.131 0.5000000000
15033  -8.672  -54.040  7.081 0.5000000000
15814  -13.501  -54.133  3.619 0.5000000000
11051  -13.208  -60.214  3.598 0.6000000238
11076  -13.649  -61.142  2.312 0.6000000238
10418  -15.727  -61.045  1.831 0.5000000000
17311  -9.330  -51.409  7.311 0.5000000000
16558  -13.414  -52.741  5.192 0.5000000000
16524  -12.310  -52.793  7.318 0.6000000238
18877  -10.963  -49.936  8.959 0.4000000060
134744  -11.335  -50.887  8.807 0.4000000060
17278  -11.975  -51.743  8.999 0.4000000060
18862  -12.814  -50.090  10.013 0.3000000119
17279  -12.703  -51.481  9.169 0.4000000060
137565  -13.311  -50.951  7.318 0.5000000000
18089  -13.511  -50.507  6.256 0.4000000060
18878  -13.671  -50.040  9.062 0.4000000060
18890  -13.430  -49.892  7.817 0.4000000060
131204  -13.802  -49.850  5.789 0.4000000060
18914  -14.152  -49.582  5.051 0.4000000060
133097  -13.670  -48.037  10.479 0.3000000119
126278  -13.900  -48.503  9.540 0.5000000000
19700  -13.621  -49.163  8.603 0.4000000060
19699  -13.206  -48.332  7.623 0.5000000000
19727  -14.301  -48.987  5.814 0.4000000060
20525  -11.819  -47.084  6.982 0.5000000000
20514  -12.385  -47.558  7.189 0.4000000060
21339  -14.263  -46.065  9.945 0.5000000000
22214  -13.930  -44.680  9.918 0.5000000000
22228  -13.659  -45.274  9.335 0.4000000060
21378  -11.798  -46.601  6.621 0.4000000060
23175  -13.030  -44.435  9.118 0.4000000060
24038  -12.805  -43.025  10.781 0.3000000119
24066  -12.663  -43.413  9.417 0.3000000119
1578  -22.222  -77.821  1.937 0.5000000000
1586  -23.733  -77.320  1.917 0.5000000000
1215  -23.952  -77.921  3.032 0.5000000000
1580  -24.113  -77.330  2.221 0.5000000000
1573  -24.469  -77.836  3.595 0.5000000000
121198  -24.430  -77.349  2.614 0.5000000000
1940  -25.568  -76.717  4.506 0.6000000238
1584  -22.393  -77.200  1.245 0.5000000000
1976  -23.942  -76.861  1.151 0.5000000000
1587  -24.453  -76.803  1.404 0.5000000000
1581  -24.649  -76.858  1.654 0.5000000000
2354  -26.369  -76.370  4.561 0.6000000238
2377  -25.219  -75.819  2.923 0.6000000238
121400  -24.929  -76.699  3.579 0.6000000238
1592  -21.578  -76.966  0.999 0.4000000060
2818  -17.892  -75.102  -0.892 0.4000000060
2819  -18.945  -75.775  -1.000 0.4000000060
2405  -18.666  -76.558  -0.392 0.5000000000
1990  -19.948  -76.622  -0.154 0.5000000000
1982  -19.519  -77.363  0.166 0.5000000000
1991  -20.862  -76.465  -0.226 0.5000000000
2407  -20.385  -76.070  -0.782 0.5000000000
1983  -20.820  -76.854  0.591 0.5000000000
2398  -21.706  -76.642  0.162 0.5000000000
2355  -27.490  -76.690  4.168 0.6000000238
1955  -28.283  -76.923  3.869 0.6000000238
1984  -22.523  -76.829  0.583 0.5000000000
1975  -23.292  -76.945  0.873 0.5000000000
2400  -23.621  -76.279  0.161 0.5000000000
2365  -26.797  -75.672  4.003 0.6000000238
132483  -24.704  -76.638  0.780 0.5000000000
2388  -25.293  -76.368  1.464 0.6000000238
2774  -25.719  -75.196  3.154 0.6000000238
2366  -27.991  -76.246  3.259 0.6000000238
2787  -27.226  -74.747  3.037 0.6000000238
2378  -28.089  -75.708  2.845 0.6000000238
2789  -29.243  -75.458  2.572 0.6999999881
2788  -28.530  -75.135  2.669 0.6000000238
2802  -29.296  -74.846  2.384 0.6999999881
4031  -17.875  -72.149  -0.812 0.6000000238
4039  -18.587  -72.293  -1.147 0.6000000238
4033  -19.872  -71.974  -1.020 0.6000000238
3625  -18.717  -73.367  -1.181 0.5000000000
124824  -19.325  -73.971  -1.264 0.5000000000
3626  -20.092  -73.529  -1.196 0.6000000238
2820  -19.911  -75.388  -1.124 0.5000000000
3211  -19.980  -74.395  -1.274 0.5000000000
133124  -20.624  -74.720  -1.240 0.5000000000
129324  -21.772  -76.227  -0.733 0.5000000000
2822  -21.698  -75.584  -1.079 0.5000000000
2399  -22.648  -76.413  -0.183 0.5000000000
2356  -29.385  -76.434  4.108 0.6999999881
2368  -29.256  -76.251  3.362 0.6000000238
120677  -30.224  -74.929  3.885 0.8000000119
2401  -24.689  -76.244  0.269 0.5000000000
2402  -25.976  -76.549  0.147 0.5000000000
2393  -26.076  -75.958  0.449 0.6000000238
2777  -29.484  -75.660  2.905 0.6999999881
124498  -30.149  -75.169  3.054 0.6999999881
2800  -25.673  -75.367  2.282 0.6000000238
2804  -30.037  -74.463  1.854 0.6999999881
3192  -26.672  -73.865  2.223 0.6000000238
3179  -27.590  -74.283  2.612 0.6000000238
142057  -29.000  -73.931  1.695 0.6999999881
3597  -30.306  -73.785  1.221 0.6999999881
3598  -30.834  -73.421  1.507 0.6000000238
4463  -19.156  -71.613  -1.061 0.6000000238
4034  -20.343  -72.812  -0.794 0.6000000238
3212  -20.797  -73.938  -1.181 0.6000000238
3213  -21.596  -74.612  -1.122 0.6000000238
2409  -22.420  -75.813  -0.897 0.5000000000
3215  -23.554  -74.994  -0.587 0.6000000238
2766  -30.045  -75.423  4.854 0.6999999881
2410  -23.137  -75.770  -0.446 0.5000000000
2825  -24.257  -75.090  -0.436 0.5000000000
119069  -30.783  -74.087  4.019 0.5000000000
3561  -29.511  -72.991  5.130 0.6000000238
2814  -24.884  -75.578  -0.076 0.6000000238
2816  -25.815  -75.005  0.102 0.5000000000
3200  -26.222  -74.073  1.068 0.5000000000
3181  -30.493  -74.562  2.501 0.6999999881
139232  -31.253  -73.863  3.170 0.6000000238
125004  -26.690  -73.355  1.895 0.5000000000
3583  -31.288  -73.389  2.035 0.6000000238
4003  -31.628  -72.715  1.971 0.6000000238
4009  -27.518  -72.558  1.972 0.5000000000
120888  -28.710  -73.061  1.571 0.6000000238
3611  -30.571  -73.101  0.983 0.5000000000
131821  -29.990  -72.186  0.298 0.5000000000
4438  -31.665  -71.015  0.916 0.5000000000
4455  -17.871  -71.312  -0.433 0.6000000238
4032  -18.475  -71.565  -0.974 0.6000000238
4454  -16.812  -71.395  -0.132 0.4000000060
3205  -24.503  -74.669  -0.199 0.5000000000
3562  -30.283  -73.173  4.438 0.6000000238
3206  -25.043  -74.849  -0.238 0.5000000000
3988  -30.277  -72.267  4.042 0.5000000000
3608  -26.136  -73.429  0.680 0.5000000000
3573  -31.218  -73.153  3.500 0.5000000000
4413  -30.000  -71.312  3.753 0.5000000000
127699  -29.481  -71.576  4.280 0.5000000000
4020  -26.030  -72.572  0.395 0.5000000000
3998  -31.550  -72.560  2.605 0.5000000000
4429  -31.742  -71.641  1.917 0.5000000000
139526  -27.304  -72.053  1.722 0.6000000238
4435  -27.659  -71.446  1.766 0.6000000238
4437  -31.561  -71.989  1.166 0.5000000000
139444  -31.845  -71.095  1.244 0.6000000238
4436  -29.029  -71.597  1.255 0.6000000238
133517  -29.865  -71.212  0.517 0.5000000000
5581  -15.861  -69.958  0.055 0.4000000060
3622  -25.495  -73.546  0.184 0.5000000000
4421  -29.968  -70.486  3.682 0.5000000000
3623  -25.650  -73.328  0.141 0.5000000000
127761  -26.106  -71.978  0.359 0.5000000000
5531  -31.415  -69.654  2.736 0.5000000000
5501  -31.162  -69.161  3.836 0.5000000000
4940  -31.697  -69.560  4.637 0.5000000000
4926  -33.378  -70.828  5.628 0.5000000000
4403  -34.635  -70.954  6.359 0.5000000000
4973  -26.795  -70.591  1.311 0.6000000238
4974  -28.132  -70.561  1.633 0.6000000238
5532  -31.941  -69.436  2.002 0.5000000000
4975  -29.287  -70.505  0.969 0.6000000238
126472  -33.269  -68.788  1.821 0.5000000000
118605  -29.439  -69.471  0.525 0.5000000000
5583  -30.374  -68.878  0.059 0.5000000000
5582  -24.985  -70.039  -0.131 0.5000000000
5520  -31.770  -69.003  2.901 0.5000000000
5502  -32.227  -68.980  3.687 0.5000000000
4942  -33.886  -70.061  4.984 0.5000000000
139854  -33.752  -70.732  5.617 0.5000000000
5001  -25.197  -70.481  -0.140 0.5000000000
5567  -25.864  -69.249  0.274 0.6000000238
135022  -32.688  -68.748  2.869 0.5000000000
5503  -33.548  -69.000  3.707 0.5000000000
128460  -34.816  -70.111  5.088 0.5000000000
143130  -35.436  -70.430  5.956 0.5000000000
5464  -35.915  -70.307  6.379 0.5000000000
5548  -28.528  -69.777  1.211 0.5000000000
129541  -32.608  -68.933  2.081 0.5000000000
5533  -34.266  -68.616  2.309 0.5000000000
5565  -24.709  -69.549  0.219 0.5000000000
4958  -35.489  -69.235  3.763 0.5000000000
4943  -34.953  -69.695  4.406 0.5000000000
4929  -35.227  -70.171  5.292 0.5000000000
129696  -37.025  -68.720  6.575 0.4000000060
4945  -35.887  -69.483  4.412 0.4000000060
4380  -7.950  -70.876  6.499 0.4000000060
8327  -6.145  -63.654  8.590 0.5000000000
10998  -7.901  -61.027  7.220 0.5000000000
10316  -7.004  -61.267  7.851 0.5000000000
11678  -8.771  -59.064  5.569 0.5000000000
11030  -8.214  -59.651  5.679 0.5000000000
9651  -6.702  -62.388  8.539 0.5000000000
13664  -11.247  -56.488  9.533 0.5000000000
14339  -10.380  -55.834  9.314 0.5000000000
15025  -8.755  -54.645  8.203 0.5000000000
4460  -25.353  -71.050  -0.025 0.5000000000
4038  -25.710  -72.393  0.122 0.5000000000
2364  -25.696  -75.668  3.916 0.6000000238
1977  -25.272  -76.611  0.704 0.6000000238
2776  -27.270  -75.359  3.416 0.6000000238
2801  -26.058  -74.747  1.622 0.6000000238
140542  -29.219  -74.398  1.934 0.6999999881
137279  -19.523  -73.181  -1.200 0.6000000238
2815  -25.631  -75.455  -0.060 0.5000000000
3595  -27.722  -73.119  2.179 0.6000000238
3610  -30.072  -73.382  0.770 0.6000000238
4022  -29.960  -72.955  0.536 0.6000000238
3551  -30.049  -73.925  5.075 0.6999999881
3207  -25.517  -74.352  0.038 0.5000000000
3594  -26.593  -72.827  1.519 0.5000000000
4010  -28.319  -72.275  1.720 0.6000000238
4023  -30.275  -72.665  0.509 0.5000000000
5549  -32.572  -69.518  1.351 0.5000000000
4423  -31.308  -71.577  2.686 0.5000000000
4955  -30.541  -69.938  3.406 0.5000000000
4434  -26.661  -71.599  1.273 0.5000000000
4989  -30.147  -70.334  0.312 0.5000000000
4461  -25.467  -70.827  -0.037 0.5000000000
5547  -27.446  -69.675  1.290 0.5000000000
4988  -25.885  -70.244  0.357 0.5000000000
4956  -34.595  -69.578  4.257 0.5000000000
5521  -33.576  -68.685  2.470 0.5000000000
5465  -36.390  -69.484  6.097 0.5000000000
4957  -35.205  -69.134  3.610 0.4000000060
5484  -36.825  -68.913  5.374 0.4000000060
4876  -28.248  -70.984  7.789 0.5000000000
132001  -28.405  -70.856  7.100 0.6000000238
4902  -28.825  -70.548  6.502 0.6000000238
3979  -28.302  -71.737  6.401 0.6000000238
3972  -28.777  -72.873  7.324 0.4000000060
4903  -29.432  -70.272  6.227 0.4000000060
5481  -29.879  -69.662  4.620 0.4000000060
4922  -29.254  -70.171  5.437 0.5000000000
4398  -28.521  -71.201  5.656 0.6000000238
4411  -28.880  -70.574  5.041 0.5000000000
4412  -29.367  -70.696  4.222 0.4000000060
3980  -28.636  -72.649  6.467 0.5000000000
3987  -29.454  -72.279  4.716 0.5000000000
3550  -29.280  -73.237  5.783 0.6000000238
137449  -30.073  -75.949  5.626 0.6000000238
2357  -29.743  -76.212  4.782 0.6000000238
1930  -28.816  -77.237  4.972 0.6000000238
126835  -28.924  -76.892  4.038 0.6000000238
134571  -28.103  -77.614  5.499 0.6000000238
121348  -27.837  -77.321  4.568 0.5000000000
1941  -27.023  -77.218  4.819 0.5000000000
1550  -25.549  -77.718  5.018 0.4000000060
1208  -24.584  -78.352  4.650 0.5000000000
1220  -23.536  -78.044  2.783 0.4000000060
7172  -16.802  -66.550  7.087 0.4000000060
129929  -17.593  -66.136  7.614 0.4000000060
7173  -17.233  -66.464  8.222 0.5000000000
10353  -14.576  -61.402  5.479 0.5000000000
10354  -15.160  -61.323  4.840 0.5000000000
11035  -15.240  -60.817  5.462 0.5000000000
11036  -15.818  -60.905  4.706 0.4000000060
11078  -16.767  -60.729  2.443 0.4000000060
122043  -16.811  -58.596  6.619 0.4000000060
139230  -16.701  -59.966  1.759 0.4000000060
11079  -17.347  -60.118  2.201 0.4000000060
11053  -17.144  -60.240  3.676 0.4000000060
11728  -16.525  -59.535  1.788 0.4000000060
12410  -17.799  -58.750  1.899 0.4000000060
11685  -17.720  -59.202  4.925 0.4000000060
13094  -17.239  -57.740  1.692 0.4000000060
12411  -18.037  -58.108  2.007 0.4000000060
120811  -18.977  -57.803  4.070 0.4000000060
13093  -16.481  -57.218  1.666 0.4000000060
127564  -17.325  -57.043  1.579 0.4000000060
126175  -15.307  -55.749  2.206 0.4000000060
14451  -16.775  -55.643  1.653 0.4000000060
16576  -14.253  -52.444  2.894 0.3000000119
131957  -14.577  -53.030  2.708 0.4000000060
18919  -14.158  -49.670  4.397 0.3000000119
18108  -14.267  -50.797  3.576 0.3000000119
133177  -14.827  -51.963  2.619 0.3000000119
17357  -14.793  -51.123  2.831 0.3000000119
11664  -16.456  -59.272  6.206 0.4000000060
11684  -16.799  -59.530  5.398 0.4000000060
11052  -16.529  -60.537  4.164 0.4000000060
128763  -15.774  -60.408  5.455 0.4000000060
11697  -17.046  -59.855  4.512 0.4000000060
11699  -18.558  -58.974  3.325 0.4000000060
12352  -18.553  -57.930  5.746 0.4000000060
12380  -18.702  -58.735  4.447 0.4000000060
13073  -18.982  -58.379  3.726 0.4000000060
11714  -18.317  -58.997  2.539 0.4000000060
8300  -36.017  -64.973  11.905 0.3000000119
136503  -36.116  -65.774  11.515 0.3000000119
7695  -34.466  -65.174  11.264 0.4000000060
7710  -34.836  -65.887  10.764 0.3000000119
7107  -35.733  -66.263  11.036 0.4000000060
7146  -31.855  -66.899  9.842 0.3000000119
7126  -34.196  -66.209  10.123 0.3000000119
7149  -34.462  -66.815  9.651 0.4000000060
6566  -31.673  -67.463  10.022 0.3000000119
6582  -32.370  -67.097  9.119 0.3000000119
6598  -33.195  -67.467  8.624 0.3000000119
5978  -31.416  -68.343  9.939 0.3000000119
6000  -31.305  -68.270  9.429 0.3000000119
6596  -31.628  -67.987  8.823 0.3000000119
5383  -31.383  -68.987  10.383 0.3000000119
5977  -30.944  -69.061  9.854 0.3000000119
5409  -30.841  -69.152  9.356 0.3000000119
4816  -30.468  -70.408  11.206 0.3000000119
4827  -29.686  -70.478  10.619 0.3000000119
5381  -29.500  -69.933  10.014 0.3000000119
3922  -32.564  -72.144  11.820 0.3000000119
136841  -31.036  -71.459  11.581 0.3000000119
4347  -29.973  -71.284  11.087 0.3000000119
4346  -29.378  -71.181  10.551 0.3000000119
4826  -29.051  -70.694  10.078 0.3000000119
3921  -31.735  -72.189  11.434 0.4000000060
7127  -35.206  -66.772  10.275 0.3000000119
7708  -33.061  -65.468  10.741 0.4000000060
6584  -34.097  -67.304  9.055 0.4000000060
7124  -32.123  -66.291  10.335 0.3000000119
6018  -33.033  -68.209  8.251 0.4000000060
6017  -32.077  -68.375  8.343 0.4000000060
5431  -30.879  -69.487  8.647 0.4000000060
4818  -32.436  -70.124  11.793 0.3000000119
5407  -29.607  -69.827  9.263 0.4000000060
3908  -33.508  -72.091  12.406 0.3000000119
4808  -33.004  -70.736  12.174 0.4000000060
4354  -28.571  -71.022  9.376 0.4000000060
3952  -29.248  -72.213  9.859 0.3000000119
4329  -34.316  -71.587  12.947 0.3000000119
7108  -36.568  -66.603  11.464 0.3000000119
7128  -36.161  -67.231  10.876 0.3000000119
7684  -37.698  -65.843  12.405 0.3000000119
6567  -35.686  -67.850  10.320 0.3000000119
6002  -35.318  -68.406  9.881 0.3000000119
7693  -32.073  -65.199  11.233 0.4000000060
6001  -34.757  -68.282  9.207 0.3000000119
5410  -34.658  -69.266  8.868 0.3000000119
5958  -31.979  -67.984  10.700 0.3000000119
7123  -31.855  -66.580  10.602 0.4000000060
6019  -33.977  -68.181  8.609 0.4000000060
122086  -33.745  -69.167  8.405 0.3000000119
5433  -32.763  -69.157  8.119 0.4000000060
133972  -32.514  -70.204  7.825 0.4000000060
5369  -32.120  -68.961  11.013 0.3000000119
5946  -33.507  -68.007  12.648 0.3000000119
4853  -30.150  -69.919  8.356 0.4000000060
4854  -31.367  -70.132  7.897 0.4000000060
5358  -33.481  -69.695  12.072 0.3000000119
5948  -34.364  -68.623  13.399 0.3000000119
4878  -29.693  -70.377  7.683 0.4000000060
4879  -30.894  -70.397  7.411 0.5000000000
5359  -34.240  -69.154  12.805 0.3000000119
4851  -28.609  -70.767  8.563 0.4000000060
4877  -28.785  -70.617  7.620 0.4000000060
139580  -29.297  -70.433  6.982 0.5000000000
3889  -35.300  -72.162  13.537 0.3000000119
6550  -36.998  -67.858  11.641 0.3000000119
7109  -37.380  -66.890  12.008 0.3000000119
129229  -31.806  -66.277  12.096 0.4000000060
5434  -34.482  -70.302  8.510 0.4000000060
4881  -33.373  -70.784  7.507 0.4000000060
6549  -32.172  -67.106  11.750 0.4000000060
4880  -32.354  -70.768  7.204 0.4000000060
140011  -33.308  -71.214  6.997 0.5000000000
4924  -31.293  -70.424  5.825 0.4000000060
6525  -33.577  -67.714  13.336 0.3000000119
4905  -31.741  -70.866  6.625 0.4000000060
5926  -34.358  -68.775  13.940 0.3000000119
4923  -30.007  -69.972  5.570 0.4000000060
5482  -30.639  -69.516  4.688 0.4000000060
137610  -34.521  -69.813  13.275 0.3000000119
4320  -35.008  -71.339  13.716 0.3000000119
4321  -35.558  -71.704  14.194 0.3000000119
5979  -35.830  -69.054  10.535 0.3000000119
5411  -35.411  -69.531  9.790 0.3000000119
4855  -34.257  -70.951  7.927 0.3000000119
6535  -32.389  -66.615  12.941 0.4000000060
133979  -34.001  -71.311  7.237 0.5000000000
4400  -33.571  -71.304  6.007 0.4000000060
5938  -34.057  -68.144  13.708 0.4000000060
133367  -32.368  -70.461  5.518 0.4000000060
5340  -33.697  -69.811  14.978 0.3000000119
5925  -33.869  -68.462  14.255 0.3000000119
5329  -34.390  -70.018  14.985 0.3000000119
4781  -34.806  -70.684  15.243 0.3000000119
3438  -35.265  -72.546  15.381 0.3000000119
4305  -35.345  -71.342  15.304 0.3000000119
5435  -35.477  -70.509  9.050 0.3000000119
4856  -35.150  -71.134  8.318 0.4000000060
4374  -34.406  -71.340  6.699 0.4000000060
4779  -32.975  -70.507  15.305 0.3000000119
4301  -32.255  -71.107  15.758 0.3000000119
4780  -33.977  -70.494  15.411 0.3000000119
4289  -33.658  -71.756  16.450 0.3000000119
4290  -34.499  -71.841  16.243 0.3000000119
4287  -31.645  -71.562  16.317 0.3000000119
3854  -32.383  -72.790  17.473 0.3000000119
3864  -33.053  -72.254  17.078 0.3000000119
3855  -33.253  -72.979  17.532 0.3000000119
3865  -33.991  -72.451  17.087 0.3000000119
4884  -36.151  -71.134  7.970 0.3000000119
4376  -35.590  -71.131  7.185 0.4000000060
3423  -31.732  -73.353  17.846 0.3000000119
3407  -32.089  -74.026  18.394 0.3000000119
141901  -38.063  -69.431  10.699 0.3000000119
5436  -36.908  -69.992  9.109 0.3000000119
5447  -36.520  -70.522  8.068 0.3000000119
5414  -38.535  -68.819  10.200 0.3000000119
6020  -37.648  -68.846  8.738 0.3000000119
10373  -15.443  -61.635  4.040 0.5000000000
15093  -15.281  -54.159  2.248 0.5000000000
15101  -15.948  -54.594  1.849 0.4000000060
10374  -16.083  -61.197  3.668 0.4000000060
3150  -30.137  -74.725  5.478 0.6000000238
3984  -28.800  -72.242  5.546 0.5000000000
5500  -30.343  -69.313  4.042 0.4000000060
4401  -33.851  -71.136  5.927 0.4000000060
4388  -34.487  -71.195  6.435 0.4000000060
124722  -36.070  -70.816  7.235 0.4000000060
123332  -36.401  -69.878  7.052 0.3000000119
10333  -14.250  -61.065  6.454 0.5000000000
11014  -15.428  -60.271  6.174 0.4000000060
12350  -17.302  -58.900  5.819 0.4000000060
7125  -33.042  -66.014  10.202 0.3000000119
4817  -31.431  -70.349  11.618 0.3000000119
4337  -32.059  -71.024  11.834 0.3000000119
8310  -32.679  -65.155  11.063 0.4000000060
7106  -31.775  -66.072  11.475 0.4000000060
5959  -32.747  -68.195  11.765 0.3000000119
123974  -33.508  -70.175  8.102 0.4000000060
5350  -34.678  -69.456  14.064 0.3000000119
4386  -32.966  -71.178  6.474 0.4000000060
4802  -35.315  -70.903  14.420 0.3000000119
4883  -35.554  -71.251  7.772 0.4000000060
126386  -33.409  -69.095  14.619 0.3000000119
3866  -34.585  -72.393  16.525 0.3000000119
4858  -36.517  -70.882  8.829 0.3000000119
3424  -32.683  -73.507  17.962 0.3000000119
1195  -26.763  -77.991  5.878 0.5000000000
1180  -27.515  -78.054  6.403 0.5000000000
129280  -28.770  -77.442  5.677 0.5000000000
2345  -29.718  -76.543  5.724 0.5000000000
3138  -30.389  -74.844  6.356 0.4000000060
6113  -25.736  -68.706  0.320 0.4000000060
3971  -28.241  -72.112  7.223 0.5000000000
3963  -28.440  -72.307  8.210 0.3000000119
3953  -30.083  -72.675  9.547 0.3000000119
3951  -28.610  -71.897  9.251 0.4000000060
3938  -30.433  -72.026  11.131 0.3000000119
3937  -29.622  -71.885  10.575 0.3000000119
5937  -33.329  -67.784  14.019 0.3000000119
6523  -31.987  -66.665  13.635 0.3000000119
6524  -32.871  -67.145  13.548 0.3000000119
7694  -33.441  -64.946  11.192 0.3000000119
5936  -31.633  -67.159  13.878 0.3000000119
7682  -31.287  -64.969  12.360 0.3000000119
7094  -31.506  -65.620  12.512 0.3000000119
8297  -31.717  -64.633  11.704 0.3000000119
8949  -33.401  -63.823  11.872 0.3000000119
137590  -32.618  -63.604  11.885 0.3000000119
7668  -30.984  -65.373  13.184 0.3000000119
8286  -31.391  -64.215  12.370 0.3000000119
8948  -31.976  -63.808  11.877 0.3000000119
8934  -32.248  -63.075  12.286 0.3000000119
139774  -33.407  -64.366  11.506 0.3000000119
8287  -34.845  -64.125  12.290 0.3000000119
130752  -30.971  -64.665  12.881 0.3000000119
122468  -34.637  -63.456  12.694 0.3000000119
8936  -33.822  -63.289  12.532 0.3000000119
1216  -23.988  -78.564  3.814 0.3000000119
3544  -30.089  -74.073  6.787 0.5000000000
2758  -30.169  -75.436  5.889 0.4000000060
1931  -29.269  -77.143  5.555 0.5000000000
129803  -29.131  -72.675  9.009 0.3000000119
13045  -18.789  -57.447  5.613 0.3000000119
12371  -18.921  -58.100  5.134 0.3000000119
14452  -17.573  -55.760  1.583 0.3000000119
1194  -25.888  -78.195  5.758 0.4000000060
895  -26.626  -78.835  6.743 0.4000000060
1872  -29.509  -77.596  10.245 0.4000000060
1121  -28.372  -78.417  9.012 0.4000000060
127927  -29.311  -77.570  8.072 0.4000000060
1512  -29.565  -77.306  7.595 0.4000000060
1921  -30.021  -76.625  6.684 0.4000000060
1147  -27.648  -78.566  7.575 0.4000000060
1161  -28.313  -77.699  7.127 0.4000000060
1526  -29.664  -77.137  6.872 0.4000000060
130203  -29.873  -76.052  11.482 0.3000000119
1873  -30.039  -77.279  10.273 0.4000000060
1484  -30.258  -76.796  9.024 0.4000000060
1160  -27.754  -78.077  7.013 0.4000000060
1470  -29.105  -78.143  9.912 0.4000000060
1135  -28.001  -78.352  8.356 0.4000000060
2265  -30.094  -76.794  11.164 0.3000000119
1886  -30.173  -77.163  9.716 0.4000000060
1483  -29.769  -77.583  9.133 0.4000000060
1511  -28.806  -77.604  7.608 0.4000000060
1496  -29.813  -77.146  8.379 0.4000000060
1922  -30.745  -76.161  7.153 0.4000000060
2251  -31.269  -76.118  12.024 0.3000000119
2266  -30.859  -76.670  11.407 0.3000000119
1887  -30.865  -76.758  9.626 0.3000000119
1875  -31.445  -76.651  10.420 0.3000000119
129359  -31.933  -75.364  7.732 0.3000000119
3122  -31.766  -74.865  7.397 0.3000000119
1911  -31.104  -76.148  8.003 0.3000000119
3522  -30.917  -73.697  8.114 0.3000000119
3964  -29.245  -73.034  8.095 0.3000000119
3532  -30.477  -73.931  7.454 0.3000000119
2727  -31.567  -75.370  7.264 0.3000000119
3139  -31.219  -75.111  6.883 0.3000000119
2742  -30.769  -75.464  6.643 0.3000000119
2579  -23.692  -75.415  17.784 0.3000000119
2594  -24.107  -74.457  17.775 0.3000000119
4766  -30.307  -70.999  15.655 0.3000000119
4273  -24.918  -72.086  18.628 0.3000000119
3848  -25.655  -72.463  18.141 0.3000000119
4283  -26.277  -71.996  16.082 0.3000000119
3874  -27.315  -71.911  15.756 0.3000000119
4774  -27.354  -70.956  15.569 0.3000000119
4764  -28.097  -71.122  15.649 0.3000000119
4776  -29.084  -70.488  15.449 0.3000000119
5327  -29.239  -70.025  14.970 0.3000000119
4278  -24.406  -71.055  17.088 0.3000000119
4282  -25.087  -71.212  16.398 0.3000000119
4298  -25.789  -71.289  15.875 0.3000000119
4773  -26.104  -70.675  15.622 0.3000000119
123181  -26.912  -70.245  15.548 0.3000000119
1899  -31.464  -76.061  8.716 0.3000000119
2995  -25.014  -74.259  17.796 0.3000000119
3849  -26.423  -72.848  17.856 0.3000000119
3841  -25.258  -72.598  18.497 0.3000000119
127190  -24.848  -72.885  18.571 0.3000000119
3859  -26.023  -72.291  17.239 0.3000000119
4763  -24.636  -70.355  16.256 0.3000000119
1122  -28.766  -78.180  8.655 0.4000000060
1136  -28.691  -77.848  8.167 0.4000000060
1148  -28.067  -77.908  7.679 0.4000000060
1159  -27.306  -78.722  6.945 0.4000000060
1207  -23.935  -79.213  4.554 0.3000000119
1471  -29.698  -77.809  9.773 0.4000000060
1481  -28.644  -78.339  9.518 0.4000000060
1482  -29.204  -78.209  9.248 0.4000000060
1495  -29.391  -77.892  8.605 0.4000000060
1497  -30.504  -76.651  8.350 0.4000000060
1513  -30.221  -76.728  7.593 0.4000000060
1524  -28.333  -77.666  6.390 0.4000000060
1525  -29.000  -77.494  6.954 0.4000000060
1537  -27.385  -77.901  5.905 0.5000000000
1538  -29.158  -77.364  6.239 0.5000000000
1539  -29.602  -77.018  6.199 0.4000000060
1551  -26.533  -77.648  5.388 0.5000000000
1552  -27.454  -77.618  5.315 0.5000000000
1579  -22.985  -77.969  2.280 0.5000000000
1585  -23.144  -77.348  1.524 0.5000000000
1590  -20.001  -77.380  0.600 0.5000000000
1858  -29.906  -77.164  10.608 0.4000000060
1859  -30.480  -77.031  10.872 0.3000000119
1860  -31.186  -76.975  11.033 0.3000000119
1871  -28.836  -77.743  10.311 0.4000000060
1874  -30.724  -77.030  10.363 0.4000000060
1898  -31.004  -76.478  8.835 0.4000000060
1942  -28.365  -77.277  4.608 0.6000000238
1943  -29.287  -76.791  4.826 0.6000000238
1954  -24.990  -77.432  4.347 0.6000000238
1966  -24.862  -76.729  2.373 0.5000000000
1985  -23.269  -76.717  0.433 0.5000000000
1986  -24.173  -76.634  0.599 0.5000000000
1987  -25.283  -76.603  0.352 0.5000000000
2278  -29.384  -77.140  10.606 0.4000000060
2306  -31.867  -75.632  8.208 0.3000000119
2322  -31.481  -75.639  7.429 0.3000000119
2331  -30.319  -76.113  6.411 0.4000000060
2332  -30.941  -75.745  6.920 0.3000000119
2367  -28.725  -76.421  3.232 0.6000000238
2369  -29.758  -75.777  3.786 0.8000000119
2379  -28.689  -76.015  2.648 0.6000000238
2380  -29.084  -76.052  2.679 0.6999999881
2389  -25.830  -75.833  1.173 0.6000000238
2392  -25.875  -76.502  0.549 0.6000000238
2403  -26.132  -75.863  0.072 0.5000000000
2406  -19.507  -76.231  -0.640 0.5000000000
2408  -21.126  -76.036  -0.929 0.5000000000
2411  -23.980  -75.646  -0.093 0.6000000238
2680  -30.536  -76.180  11.768 0.3000000119
2741  -30.403  -75.787  6.337 0.4000000060
2775  -26.403  -75.094  3.452 0.6000000238
2786  -26.194  -74.773  2.757 0.6000000238
2790  -29.829  -75.117  2.703 0.6999999881
2803  -29.575  -74.843  2.427 0.6999999881
2810  -26.013  -75.028  0.450 0.5000000000
2821  -20.872  -75.406  -1.141 0.5000000000
2823  -22.913  -75.293  -0.800 0.5000000000
2824  -23.520  -75.293  -0.509 0.5000000000
3012  -23.544  -73.768  17.862 0.3000000119
3074  -9.106  -74.446  11.048 0.5000000000
3088  -11.410  -73.927  9.891 0.6999999881
3099  -10.954  -74.337  9.524 0.6000000238
3121  -30.925  -74.596  7.018 0.3000000119
3137  -29.852  -74.076  5.995 0.6000000238
3162  -30.219  -74.636  4.674 0.6999999881
3169  -30.833  -74.486  3.168 0.6999999881
3170  -31.138  -73.952  2.578 0.6000000238
3178  -26.661  -74.321  2.513 0.6000000238
3180  -28.659  -74.450  2.324 0.6000000238
3182  -30.757  -73.981  1.879 0.6999999881
3193  -27.731  -73.741  2.369 0.6000000238
3194  -29.563  -74.482  1.922 0.6999999881
3208  -25.920  -74.242  0.205 0.5000000000
3210  -19.172  -74.890  -1.196 0.4000000060
3400  -24.539  -73.574  18.083 0.3000000119
3433  -34.606  -72.826  16.632 0.3000000119
3462  -10.065  -73.555  12.035 0.6999999881
3477  -10.962  -73.940  11.338 0.6000000238
3521  -30.057  -73.422  7.921 0.3000000119
3531  -29.622  -73.466  7.357 0.3000000119
3543  -29.311  -73.405  6.595 0.5000000000
3574  -31.486  -73.341  2.649 0.5000000000
3581  -20.618  -73.575  2.437 0.6999999881
3596  -29.824  -74.003  1.175 0.6999999881
3609  -29.639  -73.432  0.904 0.6999999881
3627  -20.702  -73.260  -1.030 0.6999999881
3628  -21.370  -73.824  -0.966 0.6999999881
3842  -25.992  -72.926  18.270 0.3000000119
3853  -31.420  -72.660  17.270 0.3000000119
3863  -32.035  -72.124  16.923 0.3000000119
3867  -34.984  -72.361  15.998 0.3000000119
3875  -35.412  -71.844  15.366 0.3000000119
3885  -12.380  -72.147  13.345 0.6999999881
3886  -12.990  -71.817  13.196 0.6999999881
3896  -10.215  -72.985  12.740 0.6000000238
3898  -12.146  -72.704  12.610 0.6999999881
3906  -31.976  -71.734  11.765 0.3000000119
3907  -32.700  -71.609  12.143 0.3000000119
3913  -8.278  -72.933  11.845 0.6000000238
3920  -31.033  -72.125  11.353 0.4000000060
3931  -11.453  -73.545  10.332 0.6999999881
3947  -11.324  -73.616  9.783 0.6999999881
3960  -9.379  -73.005  8.350 0.6999999881
3977  -8.319  -71.944  6.405 0.4000000060
3997  -30.898  -72.012  3.301 0.5000000000
4008  -26.593  -72.287  1.257 0.5000000000
4011  -31.211  -72.843  1.418 0.6000000238
4018  -20.358  -72.798  -0.350 0.6999999881
4021  -29.384  -72.718  0.837 0.6000000238
4037  -25.504  -71.956  0.124 0.5000000000
4040  -19.374  -72.430  -1.190 0.6000000238
4041  -20.049  -72.754  -1.059 0.6000000238
4288  -32.634  -71.670  16.391 0.3000000119
4291  -35.021  -71.833  15.810 0.3000000119
4299  -26.579  -71.234  15.644 0.3000000119
4302  -33.278  -71.187  15.798 0.3000000119
4303  -34.250  -71.204  15.807 0.3000000119
4304  -34.933  -71.326  15.575 0.3000000119
4306  -12.759  -71.208  14.269 0.8000000119
4307  -13.286  -71.050  14.123 0.8000000119
4308  -35.547  -71.394  14.865 0.3000000119
4316  -12.247  -71.601  14.078 0.8000000119
4318  -13.345  -71.252  13.621 0.8000000119
4328  -33.586  -71.304  12.641 0.4000000060
4332  -6.844  -71.206  11.317 0.6000000238
4355  -28.980  -71.483  10.024 0.3000000119
4360  -12.537  -71.203  8.734 0.5000000000
4361  -13.453  -71.382  8.721 0.6000000238
4363  -15.137  -71.189  8.870 0.5000000000
4364  -28.267  -71.377  8.527 0.4000000060
4371  -15.420  -71.072  8.251 0.5000000000
4372  -28.125  -71.582  7.779 0.5000000000
4373  -33.762  -71.399  6.496 0.4000000060
4375  -35.045  -71.227  6.980 0.4000000060
4385  -28.151  -71.308  7.125 0.6000000238
4387  -34.013  -71.371  6.147 0.4000000060
4389  -34.969  -71.017  6.612 0.4000000060
4399  -28.944  -71.407  4.861 0.5000000000
4402  -34.181  -71.039  6.042 0.5000000000
4422  -30.675  -70.953  3.256 0.5000000000
4428  -31.299  -70.532  2.600 0.5000000000
4433  -22.824  -71.658  1.927 0.4000000060
4445  -26.004  -71.175  0.457 0.6000000238
4446  -30.405  -71.140  0.377 0.5000000000
4459  -24.962  -71.127  -0.027 0.6000000238
4772  -25.429  -70.512  15.823 0.3000000119
4775  -28.496  -70.573  15.541 0.3000000119
4787  -13.626  -70.411  14.289 0.6999999881
4791  -34.861  -70.190  14.549 0.3000000119
4792  -35.322  -70.873  14.991 0.3000000119
4796  -8.917  -70.745  13.282 0.6999999881
4797  -9.735  -70.514  13.626 0.8000000119
4798  -10.646  -70.514  13.914 0.8000000119
4799  -11.437  -71.186  14.118 0.8000000119
4801  -34.978  -70.114  13.865 0.3000000119
4804  -8.310  -70.832  12.876 0.6000000238
4807  -13.779  -70.675  13.440 0.8000000119
4811  -7.021  -70.510  11.744 0.6000000238
4812  -9.439  -69.842  11.386 0.6000000238
4815  -12.824  -71.323  12.558 0.6999999881
4835  -16.166  -70.431  10.006 0.5000000000
4837  -29.031  -70.394  9.357 0.4000000060
4852  -29.232  -70.321  8.534 0.4000000060
4857  -35.984  -71.083  8.578 0.3000000119
4866  -13.655  -71.165  7.073 0.6000000238
4882  -34.802  -71.287  7.508 0.5000000000
4891  -11.318  -70.677  7.306 0.6000000238
4892  -12.252  -71.036  7.129 0.5000000000
4894  -13.845  -70.837  6.383 0.6000000238
4895  -15.146  -70.586  6.523 0.6000000238
4901  -28.339  -70.938  6.427 0.6000000238
4904  -30.276  -70.426  6.744 0.4000000060
4906  -34.966  -70.752  6.110 0.5000000000
4907  -35.437  -70.825  6.599 0.4000000060
4915  -14.075  -70.440  5.673 0.6999999881
4921  -28.677  -70.598  5.809 0.5000000000
4925  -32.587  -71.105  5.991 0.4000000060
4927  -34.268  -70.439  5.346 0.5000000000
4928  -34.575  -70.641  5.772 0.5000000000
4939  -29.424  -69.989  4.508 0.4000000060
4941  -32.866  -69.642  4.661 0.5000000000
4944  -35.317  -69.622  4.400 0.5000000000
4954  -29.800  -69.910  3.910 0.5000000000
4966  -31.819  -70.347  1.788 0.5000000000
4976  -32.203  -70.363  1.174 0.5000000000
4984  -17.295  -70.054  0.302 0.6999999881
4986  -24.016  -70.445  0.286 0.6000000238
4999  -24.536  -70.583  0.044 0.6000000238
5002  -25.348  -70.083  -0.057 0.5000000000
5330  -10.743  -69.762  14.060 0.8000000119
5331  -11.549  -69.765  14.396 0.8000000119
5334  -13.990  -69.712  14.428 0.6999999881
5339  -32.499  -69.009  14.547 0.3000000119
5341  -34.268  -69.309  14.500 0.3000000119
5347  -9.465  -69.640  13.603 0.8000000119
5356  -13.915  -69.965  12.958 0.8000000119
5360  -34.570  -69.248  13.568 0.3000000119
5364  -7.238  -69.855  12.039 0.6000000238
5368  -31.208  -69.641  11.033 0.3000000119
5370  -32.810  -69.224  11.636 0.3000000119
5376  -8.814  -69.287  10.098 0.6000000238
5379  -17.721  -68.955  10.271 0.6000000238
5382  -30.341  -69.637  10.466 0.3000000119
5391  -8.768  -69.674  9.654 0.6000000238
5392  -11.331  -69.497  9.246 0.6000000238
5400  -19.104  -68.954  9.680 0.6000000238
5408  -30.146  -69.478  9.767 0.3000000119
5418  -9.000  -69.740  9.292 0.6000000238
5430  -30.244  -69.522  9.150 0.4000000060
5432  -31.784  -69.366  8.240 0.4000000060
5448  -36.966  -69.282  7.886 0.3000000119
5483  -36.005  -69.766  5.342 0.5000000000
5499  -29.868  -69.554  4.121 0.4000000060
5519  -30.863  -69.393  3.553 0.5000000000
5522  -34.559  -68.811  3.131 0.5000000000
5546  -26.509  -69.658  0.900 0.5000000000
5566  -25.284  -69.463  0.090 0.4000000060
5570  -30.567  -69.556  -0.048 0.5000000000
5584  -30.588  -69.362  -0.151 0.5000000000
5914  -11.927  -69.021  14.594 0.6000000238
5915  -12.806  -69.103  14.799 0.6000000238
5916  -13.651  -68.954  14.763 0.6999999881
5930  -8.645  -68.490  13.049 0.6000000238
5940  -7.774  -68.564  12.537 0.6000000238
5947  -34.120  -68.237  12.983 0.3000000119
5955  -7.282  -68.244  11.995 0.6000000238
5957  -10.679  -68.755  11.726 0.6000000238
5960  -33.618  -68.723  12.244 0.3000000119
5970  -9.843  -68.111  10.356 0.6000000238
5974  -20.688  -67.939  10.462 0.5000000000
5995  -18.571  -68.697  10.205 0.6000000238
6003  -37.695  -69.543  9.975 0.3000000119
6016  -31.367  -68.684  8.783 0.4000000060
6061  -8.891  -68.609  3.396 0.5000000000
6062  -9.059  -68.750  4.370 0.5000000000
6097  -14.075  -67.969  1.201 0.6000000238
6107  -11.376  -68.187  0.771 0.5000000000
6504  -12.978  -68.467  14.845 0.6000000238
6511  -32.405  -67.386  13.955 0.3000000119
6515  -8.914  -67.491  13.040 0.6000000238
6516  -9.734  -67.556  13.595 0.8000000119
6518  -11.323  -67.147  14.182 0.6000000238
6522  -30.968  -66.626  13.753 0.3000000119
6536  -32.988  -67.323  12.715 0.4000000060
6543  -6.846  -68.290  11.384 0.6000000238
6545  -11.045  -67.680  11.017 0.6000000238
6548  -31.807  -66.853  11.032 0.4000000060
6557  -7.126  -67.037  11.247 0.6000000238
6575  -16.177  -68.060  9.740 0.6000000238
6576  -16.923  -67.742  10.165 0.6000000238
6581  -31.746  -67.537  9.319 0.3000000119
6583  -33.171  -66.904  9.089 0.3000000119
6585  -34.957  -67.510  9.667 0.4000000060
6597  -32.265  -67.672  8.615 0.3000000119
6637  -9.808  -68.148  3.095 0.5000000000
7073  -11.466  -66.254  13.955 0.6000000238
7081  -31.355  -66.058  13.397 0.3000000119
7100  -8.022  -66.591  11.839 0.6999999881
7102  -12.522  -67.014  11.089 0.5000000000
7147  -32.560  -66.569  9.637 0.3000000119
7148  -33.606  -66.554  9.529 0.3000000119
7692  -31.643  -65.378  11.670 0.4000000060
7696  -35.380  -65.444  11.377 0.3000000119
7706  -31.911  -65.890  10.992 0.4000000060
7707  -32.415  -65.677  10.737 0.4000000060
7709  -33.835  -65.595  10.685 0.4000000060
7714  -6.401  -65.381  9.352 0.6000000238
7715  -7.400  -65.729  10.084 0.6000000238
8281  -9.322  -64.587  11.861 0.6999999881
8282  -10.538  -64.461  12.319 0.6000000238
8283  -11.349  -64.241  12.555 0.6000000238
8293  -8.921  -64.752  11.180 0.6000000238
8298  -32.601  -64.393  11.429 0.3000000119
8307  -9.142  -64.572  9.780 0.6000000238
8317  -9.101  -64.746  8.131 0.6000000238
8330  -8.553  -64.583  7.648 0.6999999881
8370  -8.616  -64.163  6.494 0.6999999881
8372  -10.258  -64.611  6.129 0.6000000238
8388  -9.000  -64.337  5.770 0.6000000238
8403  -9.699  -64.243  5.129 0.5000000000
8404  -10.198  -64.167  4.506 0.6000000238
8935  -33.006  -63.078  12.275 0.3000000119
8943  -9.998  -63.604  11.303 0.6999999881
8954  -9.531  -63.817  10.643 0.6999999881
8959  -6.906  -63.934  9.357 0.6999999881
8960  -7.001  -63.087  9.155 0.6000000238
8962  -10.191  -63.823  9.028 0.6000000238
8963  -10.713  -63.084  9.813 0.6000000238
8979  -7.363  -63.329  8.970 0.6999999881
9004  -6.204  -62.792  7.940 0.5000000000
9043  -11.989  -63.615  4.918 0.6000000238
9053  -9.849  -63.986  4.277 0.6000000238
9055  -11.341  -63.956  4.457 0.6000000238
9066  -10.198  -63.413  4.052 0.6000000238
9068  -11.745  -63.153  3.079 0.6000000238
9070  -12.852  -63.053  2.574 0.5000000000
9079  -12.382  -63.033  2.634 0.5000000000
9603  -34.260  -62.824  13.138 0.3000000119
9608  -12.033  -62.718  10.921 0.5000000000
9617  -12.718  -62.296  10.518 0.5000000000
9652  -7.114  -62.400  8.720 0.6000000238
9675  -11.398  -63.364  7.435 0.6000000238
9706  -8.917  -62.530  5.706 0.6999999881
9708  -12.475  -62.765  5.634 0.6000000238
9720  -9.944  -62.353  4.084 0.6000000238
9723  -14.205  -62.596  2.871 0.6000000238
9732  -10.546  -62.540  3.839 0.6000000238
9733  -11.265  -62.715  3.374 0.6000000238
9735  -13.463  -62.945  2.587 0.5000000000
9736  -14.886  -62.114  2.491 0.6000000238
9742  -12.270  -62.868  2.629 0.5000000000
9743  -12.764  -62.694  2.231 0.5000000000
10300  -6.962  -61.658  8.289 0.6000000238
10317  -7.398  -61.257  7.927 0.5000000000
10318  -8.005  -61.543  7.806 0.6000000238
10352  -13.682  -61.645  5.891 0.5000000000
10372  -14.746  -61.897  4.443 0.5000000000
10386  -11.618  -61.989  3.256 0.8000000119
10390  -16.206  -61.272  2.719 0.6000000238
10403  -12.936  -61.902  2.039 0.5000000000
10404  -13.787  -61.796  1.969 0.5000000000
10406  -15.623  -61.590  2.224 0.6000000238
10407  -16.223  -61.128  2.106 0.5000000000
11037  -16.341  -60.198  5.039 0.4000000060
11048  -10.483  -60.722  4.142 0.6999999881
11063  -11.979  -61.215  3.333 0.6999999881
11065  -13.552  -60.453  2.958 0.6000000238
11067  -16.731  -60.772  3.234 0.4000000060
11068  -17.413  -60.299  2.927 0.4000000060
11077  -15.204  -60.357  1.927 0.5000000000
11089  -16.562  -60.480  1.899 0.4000000060
11090  -17.127  -59.868  1.922 0.4000000060
11647  -11.811  -59.068  7.358 0.6000000238
11663  -12.726  -59.316  6.254 0.6999999881
11683  -16.078  -59.863  5.793 0.4000000060
11696  -14.809  -59.164  3.981 0.5000000000
11698  -17.852  -59.573  3.782 0.4000000060
11713  -17.965  -59.594  2.720 0.4000000060
11720  -15.811  -59.595  1.861 0.5000000000
11721  -17.775  -59.357  2.057 0.4000000060
11729  -17.234  -59.401  1.906 0.4000000060
12370  -18.252  -58.498  5.383 0.4000000060
12379  -14.839  -58.467  4.554 0.6000000238
12403  -18.242  -58.624  2.191 0.4000000060
12408  -16.269  -58.766  1.923 0.4000000060
12409  -17.130  -58.645  1.836 0.4000000060
12993  -12.209  -57.151  8.629 0.6000000238
12994  -12.749  -57.048  7.879 0.6999999881
13032  -13.346  -57.685  6.892 0.6999999881
13033  -13.628  -57.157  6.198 0.6999999881
13055  -12.718  -56.983  4.261 0.5000000000
13095  -17.761  -57.428  1.836 0.4000000060
13096  -18.121  -57.576  2.156 0.4000000060
13676  -12.418  -56.441  8.178 0.6999999881
13702  -10.350  -56.338  5.538 0.6999999881
13704  -12.778  -56.385  6.481 0.6999999881
13705  -13.309  -56.684  6.665 0.6999999881
13733  -11.159  -56.857  4.331 0.5000000000
13734  -11.940  -57.012  4.067 0.4000000060
13763  -14.174  -56.177  2.891 0.4000000060
13764  -15.048  -56.328  2.425 0.4000000060
13772  -15.955  -56.287  1.869 0.4000000060
13773  -17.068  -56.434  1.559 0.4000000060
13774  -17.604  -56.565  1.687 0.4000000060
14353  -12.021  -55.937  8.344 0.6999999881
14363  -12.299  -55.976  7.803 0.6999999881
14407  -9.796  -56.040  4.931 0.6000000238
14408  -10.737  -56.351  4.172 0.4000000060
14425  -13.462  -55.725  3.374 0.4000000060
14450  -15.909  -55.381  1.899 0.4000000060
14453  -17.728  -55.884  1.847 0.3000000119
15049  -9.678  -55.509  5.198 0.6000000238
15051  -11.270  -54.381  4.527 0.5000000000
15070  -12.673  -54.557  4.113 0.5000000000
15091  -13.693  -54.865  3.155 0.5000000000
15769  -9.015  -53.743  6.383 0.5000000000
15823  -13.932  -54.094  2.979 0.5000000000
16510  -12.069  -52.555  8.018 0.4000000060
16522  -10.696  -52.146  6.753 0.4000000060
16543  -9.132  -52.177  6.923 0.4000000060
16566  -13.759  -52.425  4.296 0.4000000060
16584  -14.878  -52.608  2.524 0.4000000060
17280  -13.221  -51.182  9.188 0.4000000060
17295  -11.836  -52.195  8.459 0.4000000060
17348  -14.173  -51.676  3.157 0.3000000119
18081  -9.860  -50.701  7.605 0.4000000060
18107  -14.075  -50.476  4.256 0.4000000060
18840  -13.256  -49.417  10.228 0.3000000119
18863  -13.394  -49.906  9.747 0.3000000119
19735  -14.391  -48.866  4.773 0.4000000060
20490  -14.130  -47.649  10.137 0.3000000119
20504  -14.171  -46.357  9.676 0.5000000000
21328  -14.175  -46.116  10.106 0.4000000060
21350  -11.936  -47.112  7.311 0.4000000060
22200  -14.157  -45.569  9.995 0.5000000000
22229  -14.105  -45.654  9.762 0.5000000000
23149  -13.404  -43.744  10.295 0.3000000119
24050  -12.327  -42.531  9.693 0.3000000119
24051  -13.097  -43.010  10.172 0.4000000060
118475  -6.628  -67.143  9.279 0.6000000238
118734  -9.574  -59.511  5.347 0.6000000238
118852  -13.333  -48.099  6.996 0.4000000060
119334  -18.680  -58.491  2.814 0.4000000060
120241  -25.688  -71.710  0.071 0.5000000000
120420  -25.223  -74.229  0.067 0.6000000238
120758  -30.328  -72.390  10.420 0.3000000119
121069  -14.407  -69.379  13.405 0.6999999881
122282  -12.282  -56.739  5.489 0.6000000238
122684  -17.166  -70.690  0.016 0.4000000060
123530  -29.829  -70.489  15.266 0.3000000119
123574  -12.717  -63.106  3.930 0.6000000238
123684  -10.651  -63.306  11.213 0.6000000238
123843  -16.573  -58.043  1.786 0.5000000000
123867  -17.738  -58.153  1.851 0.4000000060
123999  -11.827  -68.645  3.359 0.6999999881
125292  -32.003  -69.649  11.404 0.3000000119
125523  -25.153  -71.832  17.543 0.3000000119
125709  -13.510  -56.791  4.984 0.5000000000
125786  -18.792  -57.904  3.120 0.4000000060
125963  -9.262  -72.416  12.744 0.6999999881
126358  -30.607  -71.940  0.275 0.5000000000
126448  -9.516  -68.396  3.714 0.5000000000
126805  -17.044  -69.655  4.752 0.6999999881
126822  -14.813  -60.466  6.811 0.5000000000
127006  -7.518  -66.460  11.186 0.6999999881
127131  -11.449  -61.346  3.621 0.8000000119
127450  -19.021  -58.153  4.515 0.4000000060
127541  -6.796  -67.193  10.060 0.6000000238
128496  -12.942  -68.826  3.115 0.6999999881
128530  -15.587  -70.819  9.484 0.5000000000
128729  -10.262  -66.405  13.404 0.8000000119
128802  -10.931  -53.781  4.960 0.5000000000
129298  -35.861  -69.225  3.762 0.5000000000
129368  -11.774  -70.265  9.304 0.4000000060
130499  -25.649  -76.338  -0.020 0.5000000000
130878  -30.949  -72.411  0.704 0.5000000000
132282  -31.224  -74.302  7.557 0.3000000119
132555  -20.960  -68.613  10.107 0.5000000000
132606  -18.639  -69.279  7.293 0.6000000238
132707  -9.536  -64.706  5.872 0.6000000238
133149  -31.853  -66.154  13.064 0.3000000119
133258  -9.546  -74.722  10.496 0.5000000000
133478  -22.267  -75.204  -1.049 0.5000000000
133796  -25.607  -72.806  0.217 0.5000000000
134017  -23.628  -78.511  3.380 0.4000000060
135239  -26.199  -77.138  4.888 0.6000000238
135677  -18.538  -74.474  -1.154 0.4000000060
135914  -26.084  -76.197  -0.046 0.5000000000
136129  -7.674  -69.525  12.542 0.6000000238
136907  -25.629  -71.757  16.515 0.3000000119
137108  -9.794  -64.448  8.386 0.6000000238
137162  -14.845  -60.793  6.092 0.5000000000
137239  -35.205  -71.033  15.274 0.3000000119
137327  -33.178  -68.411  14.404 0.3000000119
137468  -15.854  -68.710  2.178 0.6999999881
137670  -30.207  -69.523  3.853 0.5000000000
138212  -16.568  -54.987  1.714 0.4000000060
138326  -11.566  -67.847  1.905 0.6000000238
138450  -10.475  -67.340  9.535 0.5000000000
138644  -12.858  -71.799  12.759 0.6999999881
138668  -35.945  -70.468  9.899 0.3000000119
139002  -9.877  -64.654  12.214 0.6999999881
139292  -34.188  -63.830  12.220 0.3000000119
139412  -8.476  -53.049  7.743 0.5000000000
139740  -34.143  -64.419  11.723 0.3000000119
139776  -8.483  -70.733  9.903 0.5000000000
140085  -13.448  -67.480  6.119 0.5000000000
140386  -15.854  -59.659  6.450 0.4000000060
140397  -22.860  -74.626  -0.417 0.6999999881
141142  -25.822  -72.073  0.076 0.5000000000
141722  -20.210  -76.862  0.283 0.5000000000
141883  -18.479  -75.272  -1.046 0.4000000060
141952  -29.742  -72.325  10.179 0.3000000119
141976  -14.821  -68.922  13.834 0.6000000238
142049  -9.903  -68.632  11.365 0.6000000238
142077  -10.713  -64.062  4.239 0.6000000238
142126  -27.113  -78.506  6.563 0.4000000060
142234  -7.282  -66.239  10.627 0.6999999881
142264  -27.986  -77.505  4.977 0.6000000238
142923  -21.478  -71.722  4.759 0.5000000000
