#!ascii label  , from subject sub_0001 vox2ras=TkReg
683
8706  -41.840  -62.983  29.276 0.0000000000
13562  -41.740  -56.300  18.869 0.0000000000
14829  -43.856  -54.726  25.796 0.0000000000
10108  -40.740  -61.910  23.600 0.0000000000
138359  -39.039  -55.282  23.324 0.0000000000
14785  -46.769  -53.215  28.444 0.0000000000
21213  -50.575  -47.292  22.527 0.0000000000
26628  -46.256  -41.100  20.206 0.0000000000
17848  -44.820  -50.886  23.718 0.0000000000
14186  -41.081  -54.836  24.359 0.0000000000
17106  -42.165  -51.085  22.845 0.0000000000
18649  -49.448  -49.846  26.246 0.0000000000
22966  -50.872  -44.544  24.668 0.0000000000
26660  -42.968  -39.851  18.322 0.0000000000
23037  -46.409  -43.690  19.785 0.0000000000
7526  -41.766  -65.487  25.347 0.0000000000
11507  -41.352  -59.371  21.149 0.0000000000
11492  -44.891  -59.314  22.936 0.0000000000
13529  -45.582  -56.396  20.807 0.0000000000
12100  -43.438  -58.004  27.610 0.0000000000
9407  -40.149  -62.958  26.520 0.0000000000
12136  -38.666  -58.780  23.192 0.0000000000
12189  -37.634  -58.396  20.146 0.0000000000
14818  -46.053  -53.921  26.657 0.0000000000
135487  -47.975  -50.771  24.633 0.0000000000
18706  -48.846  -49.639  20.912 0.0000000000
22973  -48.164  -43.407  23.381 0.0000000000
126272  -49.497  -43.403  20.897 0.0000000000
21226  -48.795  -46.270  20.247 0.0000000000
19554  -49.417  -48.861  18.466 0.0000000000
9433  -43.741  -62.261  24.532 0.0000000000
14952  -37.228  -55.067  15.435 0.0000000000
13600  -41.265  -56.745  15.765 0.0000000000
14287  -45.090  -55.730  13.488 0.0000000000
18705  -46.548  -49.890  21.435 0.0000000000
17108  -43.869  -51.048  23.287 0.0000000000
120424  -40.922  -64.660  28.102 0.0000000000
12849  -41.817  -57.688  20.301 0.0000000000
12834  -43.364  -57.592  20.963 0.0000000000
13527  -43.949  -56.844  20.170 0.0000000000
133039  -45.760  -56.301  18.386 0.0000000000
12881  -43.504  -56.818  17.710 0.0000000000
133560  -43.583  -56.696  26.327 0.0000000000
13467  -42.497  -56.461  25.611 0.0000000000
138037  -39.957  -54.753  23.980 0.0000000000
12804  -39.990  -56.829  23.917 0.0000000000
13498  -38.960  -56.823  23.099 0.0000000000
11487  -37.886  -59.242  21.601 0.0000000000
13506  -37.310  -56.947  21.769 0.0000000000
12758  -44.603  -56.267  28.046 0.0000000000
14810  -46.418  -53.845  27.420 0.0000000000
20343  -50.511  -47.613  24.398 0.0000000000
17836  -48.634  -50.371  24.809 0.0000000000
18677  -49.481  -48.929  23.178 0.0000000000
17853  -48.286  -49.549  23.379 0.0000000000
136622  -49.817  -48.511  21.702 0.0000000000
136586  -47.649  -41.477  22.021 0.0000000000
24833  -49.889  -42.359  22.469 0.0000000000
24860  -48.631  -42.103  20.723 0.0000000000
22099  -45.647  -45.619  19.785 0.0000000000
22091  -47.151  -45.181  20.257 0.0000000000
21234  -47.136  -46.598  19.694 0.0000000000
20374  -48.863  -47.557  19.412 0.0000000000
9429  -40.202  -62.654  24.922 0.0000000000
8767  -41.892  -63.104  25.707 0.0000000000
10092  -42.584  -61.921  24.808 0.0000000000
10854  -45.247  -60.131  21.788 0.0000000000
15701  -36.760  -54.269  14.109 0.0000000000
13598  -39.321  -56.220  15.874 0.0000000000
14285  -42.909  -55.474  13.039 0.0000000000
125916  -44.304  -52.346  24.631 0.0000000000
14844  -42.667  -53.960  24.775 0.0000000000
15587  -42.764  -52.765  24.363 0.0000000000
15604  -41.418  -53.013  24.190 0.0000000000
15618  -40.042  -53.099  23.557 0.0000000000
17023  -48.651  -50.994  27.138 0.0000000000
21181  -50.625  -46.534  25.608 0.0000000000
142660  -51.161  -45.671  23.568 0.0000000000
25775  -44.892  -40.778  19.367 0.0000000000
24877  -46.042  -41.866  19.425 0.0000000000
24890  -44.561  -41.472  18.959 0.0000000000
23944  -43.542  -43.633  18.715 0.0000000000
22109  -43.698  -45.358  18.410 0.0000000000
140115  -40.886  -60.731  21.853 0.0000000000
10818  -43.217  -60.577  23.906 0.0000000000
12151  -43.776  -58.738  22.403 0.0000000000
12836  -45.211  -57.344  21.524 0.0000000000
138685  -47.263  -57.221  20.392 0.0000000000
13567  -47.359  -56.666  18.765 0.0000000000
13593  -47.454  -56.222  16.762 0.0000000000
14246  -47.344  -55.811  16.124 0.0000000000
137651  -42.830  -60.212  28.542 0.0000000000
9396  -41.065  -63.120  28.188 0.0000000000
10774  -40.085  -61.262  26.704 0.0000000000
10786  -39.416  -61.072  25.196 0.0000000000
12791  -41.024  -57.090  24.931 0.0000000000
127553  -39.470  -59.050  24.433 0.0000000000
10106  -39.093  -61.210  23.203 0.0000000000
10851  -39.388  -60.692  21.484 0.0000000000
128177  -39.594  -58.958  20.043 0.0000000000
12861  -39.572  -57.137  19.329 0.0000000000
12075  -43.695  -58.218  28.365 0.0000000000
12768  -43.934  -56.544  27.194 0.0000000000
14831  -45.302  -54.224  26.359 0.0000000000
16297  -48.024  -52.090  26.118 0.0000000000
16312  -47.482  -52.081  25.603 0.0000000000
16311  -46.107  -52.485  25.458 0.0000000000
17090  -46.816  -51.148  24.395 0.0000000000
17869  -47.542  -49.618  22.088 0.0000000000
17912  -48.304  -50.872  20.427 0.0000000000
23865  -50.118  -43.518  23.813 0.0000000000
23901  -51.179  -43.836  22.288 0.0000000000
22086  -50.676  -45.356  21.612 0.0000000000
23020  -47.898  -43.565  20.288 0.0000000000
22093  -48.717  -45.146  20.537 0.0000000000
21228  -49.910  -46.496  20.879 0.0000000000
20376  -49.757  -48.014  20.081 0.0000000000
19542  -49.597  -48.907  19.721 0.0000000000
137276  -41.300  -64.355  26.599 0.0000000000
8132  -42.850  -64.443  24.705 0.0000000000
10802  -44.059  -60.978  24.185 0.0000000000
9476  -44.184  -62.190  21.668 0.0000000000
12832  -36.682  -57.114  20.660 0.0000000000
13539  -37.211  -57.063  19.198 0.0000000000
13560  -39.929  -56.070  18.460 0.0000000000
13577  -39.937  -56.192  17.617 0.0000000000
13578  -41.269  -56.627  17.577 0.0000000000
118518  -43.650  -56.727  16.110 0.0000000000
13621  -45.015  -56.189  14.870 0.0000000000
17886  -46.570  -50.487  20.803 0.0000000000
17885  -45.779  -49.781  21.253 0.0000000000
7484  -40.573  -65.243  28.393 0.0000000000
139135  -41.107  -64.129  28.678 0.0000000000
12863  -41.540  -57.125  19.810 0.0000000000
12850  -42.584  -57.280  20.237 0.0000000000
126310  -42.680  -56.565  19.125 0.0000000000
13563  -43.796  -56.674  19.324 0.0000000000
137171  -42.415  -56.558  18.462 0.0000000000
14150  -43.572  -55.608  25.744 0.0000000000
13468  -43.297  -56.280  25.835 0.0000000000
14149  -42.824  -55.799  25.321 0.0000000000
14865  -39.473  -54.675  23.616 0.0000000000
13499  -39.544  -56.347  23.495 0.0000000000
13508  -39.008  -55.988  23.156 0.0000000000
12818  -38.287  -57.354  22.682 0.0000000000
13507  -38.364  -56.477  22.706 0.0000000000
14100  -45.183  -55.188  29.809 0.0000000000
14116  -45.409  -55.149  29.121 0.0000000000
14129  -45.454  -55.179  28.377 0.0000000000
14800  -46.677  -53.555  27.896 0.0000000000
20357  -50.514  -47.578  23.467 0.0000000000
19507  -50.166  -48.344  23.716 0.0000000000
19517  -50.102  -48.277  22.610 0.0000000000
139786  -49.040  -49.063  22.596 0.0000000000
26627  -45.541  -40.815  20.073 0.0000000000
25745  -45.138  -41.041  20.859 0.0000000000
25746  -45.807  -41.109  20.754 0.0000000000
136663  -46.748  -41.607  22.247 0.0000000000
25747  -47.136  -41.323  20.656 0.0000000000
25732  -47.959  -41.354  21.094 0.0000000000
24879  -47.411  -41.659  20.174 0.0000000000
21232  -44.990  -46.333  19.279 0.0000000000
21233  -46.065  -46.737  19.496 0.0000000000
20372  -46.930  -47.283  19.273 0.0000000000
20384  -46.226  -47.801  18.792 0.0000000000
9446  -40.415  -62.320  24.248 0.0000000000
9430  -41.067  -62.682  25.069 0.0000000000
10109  -41.755  -61.515  24.080 0.0000000000
14266  -40.317  -55.935  14.113 0.0000000000
14267  -41.860  -55.985  14.065 0.0000000000
14284  -41.965  -55.587  13.156 0.0000000000
16326  -44.004  -51.596  24.089 0.0000000000
16309  -43.431  -52.183  24.243 0.0000000000
17107  -43.033  -51.066  22.999 0.0000000000
16341  -42.552  -51.826  23.483 0.0000000000
16340  -41.768  -51.953  23.435 0.0000000000
15619  -40.761  -53.313  24.005 0.0000000000
16339  -40.830  -52.218  23.471 0.0000000000
21189  -50.958  -46.232  24.801 0.0000000000
131303  -51.166  -45.161  24.085 0.0000000000
135773  -43.306  -39.733  18.896 0.0000000000
120966  -43.465  -39.989  18.793 0.0000000000
25774  -44.686  -40.984  18.983 0.0000000000
25773  -43.933  -40.946  18.736 0.0000000000
23035  -43.864  -44.538  18.911 0.0000000000
7537  -41.930  -65.539  24.477 0.0000000000
10853  -41.125  -60.181  21.596 0.0000000000
11489  -42.134  -59.580  21.978 0.0000000000
12168  -42.945  -58.654  21.761 0.0000000000
13528  -44.557  -56.748  20.765 0.0000000000
12835  -44.325  -57.245  21.237 0.0000000000
13518  -45.671  -56.713  21.197 0.0000000000
12852  -46.975  -56.607  20.775 0.0000000000
12864  -47.566  -57.040  19.417 0.0000000000
13581  -45.955  -56.171  17.563 0.0000000000
122502  -46.531  -56.175  18.321 0.0000000000
13592  -46.688  -55.936  16.796 0.0000000000
13604  -46.421  -55.874  15.930 0.0000000000
10767  -42.930  -59.703  28.058 0.0000000000
10766  -42.350  -60.373  28.145 0.0000000000
10787  -39.820  -60.580  25.934 0.0000000000
127078  -39.639  -60.197  25.317 0.0000000000
14843  -41.985  -54.577  24.628 0.0000000000
14148  -42.017  -55.969  25.150 0.0000000000
13486  -41.248  -56.210  24.864 0.0000000000
12127  -40.004  -58.285  24.384 0.0000000000
11474  -38.928  -59.347  23.850 0.0000000000
10799  -38.881  -60.292  23.954 0.0000000000
11473  -38.645  -59.767  23.026 0.0000000000
10142  -39.243  -60.981  22.091 0.0000000000
11505  -37.786  -59.264  20.894 0.0000000000
11522  -38.235  -59.714  20.686 0.0000000000
12181  -38.815  -58.710  19.884 0.0000000000
12847  -39.839  -57.995  19.798 0.0000000000
12191  -38.896  -57.881  19.570 0.0000000000
133495  -44.844  -55.641  27.497 0.0000000000
13448  -44.416  -56.050  27.404 0.0000000000
14139  -44.957  -55.230  26.820 0.0000000000
13470  -44.460  -55.669  26.646 0.0000000000
14153  -45.412  -54.494  26.649 0.0000000000
16281  -48.136  -51.902  26.530 0.0000000000
17054  -48.439  -51.488  26.127 0.0000000000
17074  -48.204  -50.893  25.062 0.0000000000
131534  -46.874  -52.665  25.760 0.0000000000
17073  -46.836  -51.889  25.261 0.0000000000
17072  -45.928  -51.782  24.853 0.0000000000
17851  -47.634  -50.586  24.157 0.0000000000
17871  -48.186  -49.268  22.075 0.0000000000
17870  -47.908  -49.381  22.403 0.0000000000
17888  -48.058  -49.889  21.108 0.0000000000
120212  -47.875  -49.974  21.172 0.0000000000
23864  -49.133  -43.381  23.662 0.0000000000
23899  -50.114  -42.886  21.324 0.0000000000
24844  -50.415  -42.715  21.988 0.0000000000
23900  -50.726  -43.376  21.746 0.0000000000
23004  -50.819  -44.326  21.618 0.0000000000
23003  -50.241  -43.856  21.171 0.0000000000
23931  -45.716  -43.040  19.469 0.0000000000
23038  -47.238  -43.100  19.837 0.0000000000
22092  -47.938  -45.644  20.325 0.0000000000
22094  -49.549  -45.706  20.723 0.0000000000
21227  -49.436  -46.717  20.362 0.0000000000
20371  -49.794  -47.236  20.541 0.0000000000
143196  -49.503  -47.372  20.016 0.0000000000
20387  -49.145  -48.249  19.034 0.0000000000
19541  -49.483  -48.491  19.282 0.0000000000
19555  -49.580  -49.225  18.824 0.0000000000
132500  -49.163  -50.540  19.644 0.0000000000
9395  -40.610  -63.108  27.402 0.0000000000
8735  -41.108  -63.963  27.921 0.0000000000
8743  -40.869  -63.706  26.889 0.0000000000
9421  -43.149  -63.112  25.232 0.0000000000
8758  -42.800  -63.795  25.424 0.0000000000
8768  -43.183  -63.478  24.818 0.0000000000
8775  -43.198  -63.839  24.129 0.0000000000
8785  -42.986  -63.006  23.314 0.0000000000
11475  -43.651  -59.941  23.374 0.0000000000
10819  -43.885  -60.573  23.802 0.0000000000
11476  -44.382  -59.944  23.302 0.0000000000
10145  -44.815  -60.958  21.561 0.0000000000
10129  -44.504  -61.324  22.097 0.0000000000
14197  -36.921  -56.116  21.718 0.0000000000
14196  -36.324  -55.473  21.349 0.0000000000
13540  -38.204  -56.466  18.670 0.0000000000
13541  -39.277  -56.550  18.796 0.0000000000
13559  -38.976  -56.025  18.346 0.0000000000
13599  -40.303  -56.490  15.751 0.0000000000
13587  -39.971  -56.496  16.658 0.0000000000
139377  -40.677  -56.720  16.428 0.0000000000
121370  -40.613  -56.633  17.179 0.0000000000
13588  -41.282  -56.940  16.760 0.0000000000
12887  -42.554  -57.016  16.841 0.0000000000
13589  -42.004  -57.044  16.372 0.0000000000
14269  -43.704  -55.889  14.027 0.0000000000
13620  -44.049  -56.280  14.718 0.0000000000
14270  -44.584  -55.976  14.122 0.0000000000
17867  -45.415  -50.045  23.049 0.0000000000
17866  -44.494  -50.255  22.862 0.0000000000
17865  -43.603  -50.328  22.552 0.0000000000
17884  -43.410  -49.742  21.783 0.0000000000
129885  -42.622  -40.292  17.816 0.0000000000
26665  -41.826  -39.711  17.183 0.0000000000
7511  -41.023  -65.460  26.745 0.0000000000
12183  -41.441  -58.514  20.600 0.0000000000
12184  -42.509  -58.094  20.854 0.0000000000
12851  -43.653  -57.109  20.544 0.0000000000
13545  -44.793  -56.614  20.071 0.0000000000
13546  -45.824  -56.271  19.933 0.0000000000
13564  -45.048  -56.439  19.022 0.0000000000
12872  -44.116  -56.737  18.287 0.0000000000
12882  -44.202  -56.792  17.439 0.0000000000
12766  -43.336  -57.243  26.885 0.0000000000
12765  -42.562  -57.466  26.497 0.0000000000
12098  -41.827  -58.020  26.346 0.0000000000
12780  -41.438  -57.570  25.547 0.0000000000
14185  -40.316  -55.178  24.168 0.0000000000
14167  -40.828  -55.687  24.403 0.0000000000
13500  -40.096  -55.982  24.040 0.0000000000
121182  -39.441  -57.080  23.520 0.0000000000
12802  -38.940  -57.775  23.259 0.0000000000
128764  -38.212  -59.089  22.415 0.0000000000
12150  -38.195  -58.245  22.610 0.0000000000
12817  -37.610  -57.783  21.994 0.0000000000
12833  -37.112  -57.564  21.227 0.0000000000
121813  -45.088  -55.503  27.874 0.0000000000
14141  -46.124  -54.123  27.031 0.0000000000
19473  -50.145  -48.361  25.353 0.0000000000
132595  -49.131  -50.245  25.448 0.0000000000
18664  -49.775  -49.007  24.342 0.0000000000
124671  -49.215  -49.467  23.810 0.0000000000
17092  -48.296  -50.245  24.322 0.0000000000
17852  -47.971  -49.927  23.823 0.0000000000
18676  -48.757  -49.282  23.045 0.0000000000
18689  -49.349  -48.803  22.212 0.0000000000
18707  -49.353  -49.066  21.272 0.0000000000
125633  -47.211  -42.091  22.730 0.0000000000
24831  -48.232  -41.792  22.456 0.0000000000
24832  -48.891  -42.287  22.802 0.0000000000
25719  -49.143  -41.747  21.943 0.0000000000
24842  -48.800  -41.776  21.211 0.0000000000
23914  -48.657  -42.970  20.644 0.0000000000
23036  -45.392  -44.424  19.688 0.0000000000
127552  -46.332  -44.822  20.119 0.0000000000
22100  -46.593  -45.840  20.000 0.0000000000
22101  -47.338  -45.984  20.085 0.0000000000
21235  -47.956  -46.478  19.959 0.0000000000
132668  -48.620  -46.939  19.758 0.0000000000
20373  -47.905  -47.296  19.474 0.0000000000
20386  -48.424  -48.029  18.932 0.0000000000
19553  -49.007  -48.516  18.276 0.0000000000
9419  -39.833  -62.792  25.774 0.0000000000
8755  -40.309  -63.290  26.052 0.0000000000
8766  -40.676  -63.106  25.611 0.0000000000
9431  -42.329  -62.536  25.317 0.0000000000
10093  -43.442  -61.730  24.620 0.0000000000
10837  -45.137  -59.740  22.595 0.0000000000
14958  -38.044  -55.183  14.119 0.0000000000
14953  -37.895  -55.412  14.991 0.0000000000
14253  -38.513  -55.837  15.440 0.0000000000
14254  -39.142  -55.955  15.029 0.0000000000
14255  -39.848  -56.247  14.953 0.0000000000
13616  -40.737  -56.398  14.912 0.0000000000
13601  -42.253  -56.733  15.490 0.0000000000
14268  -42.813  -55.800  13.861 0.0000000000
14286  -43.455  -55.633  13.455 0.0000000000
15589  -44.641  -53.044  25.311 0.0000000000
14845  -43.404  -53.921  25.223 0.0000000000
15588  -43.724  -53.049  24.792 0.0000000000
138405  -42.896  -53.374  24.630 0.0000000000
15586  -42.123  -53.329  24.444 0.0000000000
16325  -43.268  -51.695  23.681 0.0000000000
15605  -42.069  -52.461  23.974 0.0000000000
14867  -41.283  -53.845  24.326 0.0000000000
14866  -40.550  -54.329  24.144 0.0000000000
14880  -40.049  -54.025  23.802 0.0000000000
119609  -39.324  -53.832  23.502 0.0000000000
15526  -47.767  -52.219  27.584 0.0000000000
18634  -49.748  -49.049  26.694 0.0000000000
20312  -50.281  -47.417  26.362 0.0000000000
20320  -50.393  -47.705  25.951 0.0000000000
20330  -50.758  -47.059  25.039 0.0000000000
20344  -50.764  -46.871  24.252 0.0000000000
21214  -51.033  -46.255  22.962 0.0000000000
26650  -44.503  -40.553  19.395 0.0000000000
26651  -45.544  -40.931  19.705 0.0000000000
25760  -46.141  -41.274  19.743 0.0000000000
25759  -45.357  -41.192  19.303 0.0000000000
24876  -45.106  -42.194  19.225 0.0000000000
25772  -42.944  -41.837  18.309 0.0000000000
23945  -44.079  -42.575  18.951 0.0000000000
23930  -44.554  -43.593  19.310 0.0000000000
23048  -44.519  -44.651  19.369 0.0000000000
142048  -44.179  -45.194  19.059 0.0000000000
21244  -44.502  -46.694  18.400 0.0000000000
10128  -41.192  -61.426  22.989 0.0000000000
10817  -42.226  -60.871  23.556 0.0000000000
10835  -41.547  -60.611  22.419 0.0000000000
11490  -43.233  -59.348  22.641 0.0000000000
11491  -44.177  -59.275  22.965 0.0000000000
12153  -45.196  -58.785  22.274 0.0000000000
12172  -46.785  -57.759  20.832 0.0000000000
13566  -46.976  -56.292  18.965 0.0000000000
13583  -47.340  -56.611  17.746 0.0000000000
13584  -47.603  -56.737  16.858 0.0000000000
13594  -48.085  -56.580  16.285 0.0000000000
13606  -48.315  -56.582  15.547 0.0000000000
132773  -42.609  -61.429  29.199 0.0000000000
9387  -41.727  -62.758  28.804 0.0000000000
10049  -42.089  -61.822  28.828 0.0000000000
10764  -40.767  -61.519  27.610 0.0000000000
10071  -40.199  -62.352  27.071 0.0000000000
10775  -40.770  -60.578  27.146 0.0000000000
10070  -39.770  -62.247  26.272 0.0000000000
10080  -39.599  -62.064  25.450 0.0000000000
125945  -39.786  -62.524  25.028 0.0000000000
10107  -39.489  -61.658  23.618 0.0000000000
13466  -41.718  -56.758  25.325 0.0000000000
12790  -40.396  -57.424  24.384 0.0000000000
128345  -39.279  -60.304  24.716 0.0000000000
10816  -39.055  -61.106  23.831 0.0000000000
10126  -39.582  -61.409  22.786 0.0000000000
10143  -39.876  -61.262  22.019 0.0000000000
10852  -40.253  -60.698  21.492 0.0000000000
10869  -40.512  -59.922  20.955 0.0000000000
11506  -38.197  -59.894  21.264 0.0000000000
10868  -39.594  -60.240  20.848 0.0000000000
11525  -40.752  -59.213  20.634 0.0000000000
12182  -40.441  -58.659  20.234 0.0000000000
12848  -40.964  -57.764  20.056 0.0000000000
12862  -40.584  -57.066  19.583 0.0000000000
10050  -42.858  -60.501  29.076 0.0000000000
10754  -43.062  -59.509  28.534 0.0000000000
12087  -43.463  -58.676  27.719 0.0000000000
12076  -44.071  -57.709  28.528 0.0000000000
12756  -43.824  -57.340  27.718 0.0000000000
12767  -43.732  -57.289  27.393 0.0000000000
13455  -43.839  -56.636  26.778 0.0000000000
14151  -44.236  -55.342  26.253 0.0000000000
14830  -44.592  -54.512  26.197 0.0000000000
15543  -47.553  -52.575  27.135 0.0000000000
14820  -47.319  -52.806  26.751 0.0000000000
15562  -47.300  -52.750  26.412 0.0000000000
131067  -48.559  -50.919  25.546 0.0000000000
16296  -47.864  -52.156  25.903 0.0000000000
14833  -46.687  -53.217  26.390 0.0000000000
15575  -46.582  -53.193  26.150 0.0000000000
15574  -45.860  -53.579  26.063 0.0000000000
15573  -45.056  -53.727  25.887 0.0000000000
16310  -45.183  -52.389  25.093 0.0000000000
17071  -44.943  -51.706  24.455 0.0000000000
17849  -45.753  -50.552  23.585 0.0000000000
124601  -47.631  -49.765  23.270 0.0000000000
128984  -47.090  -50.319  23.641 0.0000000000
17868  -46.407  -49.975  23.127 0.0000000000
18687  -46.894  -49.708  22.075 0.0000000000
17887  -47.286  -50.131  21.088 0.0000000000
24814  -50.435  -42.887  23.153 0.0000000000
23866  -50.783  -43.496  23.573 0.0000000000
22976  -50.993  -44.085  24.072 0.0000000000
22991  -51.272  -44.291  22.869 0.0000000000
21220  -51.000  -45.796  22.156 0.0000000000
127208  -50.712  -46.621  22.114 0.0000000000
23933  -47.249  -42.225  19.785 0.0000000000
24859  -47.923  -42.392  20.223 0.0000000000
23021  -48.683  -44.041  20.600 0.0000000000
23019  -47.091  -44.181  20.211 0.0000000000
122968  -47.871  -44.636  20.389 0.0000000000
23022  -49.509  -44.507  20.830 0.0000000000
23023  -50.131  -44.939  21.237 0.0000000000
22095  -50.175  -45.799  21.158 0.0000000000
20366  -50.400  -47.204  21.615 0.0000000000
19532  -50.225  -47.960  21.664 0.0000000000
124459  -49.829  -48.532  20.789 0.0000000000
20375  -49.352  -47.795  19.565 0.0000000000
18719  -49.305  -49.571  20.249 0.0000000000
17913  -48.743  -50.337  20.322 0.0000000000
17142  -48.828  -51.196  19.808 0.0000000000
127001  -41.115  -64.589  27.250 0.0000000000
8119  -41.435  -64.908  26.457 0.0000000000
8756  -41.286  -63.729  26.213 0.0000000000
118701  -41.983  -64.282  25.963 0.0000000000
7538  -42.388  -65.100  24.869 0.0000000000
8144  -42.495  -64.516  23.649 0.0000000000
10110  -42.869  -61.187  24.380 0.0000000000
10801  -43.641  -61.051  24.352 0.0000000000
9449  -44.099  -61.705  24.078 0.0000000000
10821  -44.807  -60.217  23.007 0.0000000000
10111  -44.245  -61.149  23.663 0.0000000000
9448  -43.777  -62.352  23.828 0.0000000000
18702  -43.464  -49.736  20.889 0.0000000000
120632  -38.704  -54.595  23.271 0.0000000000
14191  -38.298  -55.537  22.831 0.0000000000
121559  -37.704  -56.254  22.262 0.0000000000
13516  -36.793  -56.865  21.279 0.0000000000
12846  -37.262  -57.894  20.498 0.0000000000
13525  -36.251  -56.534  20.184 0.0000000000
12845  -36.749  -57.240  19.924 0.0000000000
12859  -37.444  -57.752  19.788 0.0000000000
12860  -38.319  -57.302  19.248 0.0000000000
13542  -40.265  -56.469  19.094 0.0000000000
13561  -40.833  -56.145  18.777 0.0000000000
14245  -38.462  -55.907  16.357 0.0000000000
130451  -38.407  -55.765  17.170 0.0000000000
13575  -38.672  -55.812  17.808 0.0000000000
13576  -39.350  -55.927  17.953 0.0000000000
128924  -40.651  -56.177  18.044 0.0000000000
12880  -42.687  -56.833  17.634 0.0000000000
12888  -43.390  -56.925  16.918 0.0000000000
13591  -44.347  -56.686  16.624 0.0000000000
123306  -44.464  -56.476  15.644 0.0000000000
136820  -45.488  -56.249  16.481 0.0000000000
14256  -46.039  -55.938  15.057 0.0000000000
7527  -42.318  -64.800  25.582 0.0000000000
7546  -42.456  -65.161  24.152 0.0000000000
8101  -40.891  -64.512  28.961 0.0000000000
8109  -40.968  -65.130  27.417 0.0000000000
8724  -41.381  -63.562  28.797 0.0000000000
8757  -42.257  -63.588  25.769 0.0000000000
8765  -40.062  -62.901  25.467 0.0000000000
8776  -43.522  -63.018  24.373 0.0000000000
9388  -42.260  -62.215  29.235 0.0000000000
9420  -42.776  -63.070  25.502 0.0000000000
9432  -43.185  -62.547  25.030 0.0000000000
9445  -39.869  -62.244  24.237 0.0000000000
9447  -41.391  -62.149  24.567 0.0000000000
9464  -40.004  -61.947  23.466 0.0000000000
9466  -43.932  -61.550  22.953 0.0000000000
10058  -40.682  -62.515  27.712 0.0000000000
10059  -41.287  -62.198  28.260 0.0000000000
10060  -41.716  -61.203  28.263 0.0000000000
10091  -39.461  -61.737  24.506 0.0000000000
10094  -43.943  -61.470  24.439 0.0000000000
10095  -44.169  -61.173  24.106 0.0000000000
10112  -44.444  -60.822  22.977 0.0000000000
10125  -38.979  -60.983  22.637 0.0000000000
10127  -40.301  -61.592  22.765 0.0000000000
10130  -44.868  -60.495  22.415 0.0000000000
10144  -40.635  -61.174  22.170 0.0000000000
10753  -42.478  -60.916  28.757 0.0000000000
10773  -39.627  -61.475  25.944 0.0000000000
10800  -39.170  -60.937  24.438 0.0000000000
10815  -38.845  -60.623  23.214 0.0000000000
10820  -44.317  -60.574  23.526 0.0000000000
10836  -42.691  -60.150  22.994 0.0000000000
10867  -38.768  -60.254  20.963 0.0000000000
11419  -43.319  -58.874  28.725 0.0000000000
11428  -43.306  -59.106  28.117 0.0000000000
11429  -43.431  -58.698  28.190 0.0000000000
11449  -39.637  -59.604  24.937 0.0000000000
11450  -40.217  -59.573  25.652 0.0000000000
11462  -39.166  -59.718  24.400 0.0000000000
11477  -44.873  -59.846  23.064 0.0000000000
11523  -38.951  -59.600  20.340 0.0000000000
11524  -39.980  -59.519  20.402 0.0000000000
12086  -42.889  -58.829  27.745 0.0000000000
12088  -43.657  -58.012  27.954 0.0000000000
12089  -43.884  -57.680  28.117 0.0000000000
12118  -41.179  -58.288  25.738 0.0000000000
12149  -37.790  -58.600  21.978 0.0000000000
12167  -37.472  -58.502  21.227 0.0000000000
12179  -37.609  -58.667  20.582 0.0000000000
12180  -37.994  -59.078  20.225 0.0000000000
12186  -46.961  -58.084  20.310 0.0000000000
12190  -38.080  -58.274  19.757 0.0000000000
12203  -47.904  -57.053  16.574 0.0000000000
12757  -44.150  -56.966  27.963 0.0000000000
12781  -42.126  -57.172  25.939 0.0000000000
12803  -39.740  -57.667  23.835 0.0000000000
12819  -44.881  -58.008  22.025 0.0000000000
12820  -45.586  -57.955  21.702 0.0000000000
12871  -43.192  -56.676  18.417 0.0000000000
12873  -47.554  -57.087  18.368 0.0000000000
12879  -41.928  -57.006  17.182 0.0000000000
13454  -42.965  -56.947  26.090 0.0000000000
13456  -44.960  -55.458  27.110 0.0000000000
13469  -43.986  -56.172  26.295 0.0000000000
13485  -40.610  -56.522  24.390 0.0000000000
13515  -36.293  -56.390  21.020 0.0000000000
13517  -45.073  -56.768  21.126 0.0000000000
13526  -43.082  -56.859  19.846 0.0000000000
13530  -46.361  -56.527  21.075 0.0000000000
13543  -41.169  -56.529  19.312 0.0000000000
13544  -42.101  -56.740  19.535 0.0000000000
13547  -46.545  -56.311  20.554 0.0000000000
13548  -47.205  -56.621  20.135 0.0000000000
13565  -46.187  -56.188  19.071 0.0000000000
13579  -41.882  -56.577  18.012 0.0000000000
13580  -44.999  -56.619  17.970 0.0000000000
13582  -46.914  -56.146  17.613 0.0000000000
13586  -39.132  -56.141  17.067 0.0000000000
13590  -42.842  -56.914  16.161 0.0000000000
13603  -45.483  -56.192  15.580 0.0000000000
13605  -47.917  -56.160  16.089 0.0000000000
13617  -41.620  -56.424  14.838 0.0000000000
14117  -45.922  -54.495  28.733 0.0000000000
14133  -45.341  -55.171  27.409 0.0000000000
14134  -45.885  -54.597  27.450 0.0000000000
14140  -45.538  -54.764  26.984 0.0000000000
14152  -44.840  -54.952  26.560 0.0000000000
14168  -41.587  -55.453  24.686 0.0000000000
14169  -42.949  -54.903  25.254 0.0000000000
14184  -39.624  -55.482  23.667 0.0000000000
14252  -37.778  -55.593  15.868 0.0000000000
14264  -38.631  -55.617  14.610 0.0000000000
14265  -39.398  -55.802  14.327 0.0000000000
14783  -45.676  -54.489  29.385 0.0000000000
14784  -46.211  -53.896  28.978 0.0000000000
14799  -46.135  -54.428  28.019 0.0000000000
14811  -47.032  -53.125  27.257 0.0000000000
14819  -46.710  -53.344  26.788 0.0000000000
14832  -46.007  -53.767  26.393 0.0000000000
14846  -44.215  -53.796  25.631 0.0000000000
15525  -47.256  -52.833  27.696 0.0000000000
15544  -47.869  -52.146  27.197 0.0000000000
15563  -47.679  -52.436  26.621 0.0000000000
15564  -48.084  -51.974  26.966 0.0000000000
15576  -47.082  -52.822  25.925 0.0000000000
15577  -47.709  -52.399  26.271 0.0000000000
15578  -47.837  -52.284  26.368 0.0000000000
15590  -45.529  -53.078  25.619 0.0000000000
15591  -46.273  -53.079  25.825 0.0000000000
15620  -41.415  -52.632  23.894 0.0000000000
16252  -48.111  -51.805  27.631 0.0000000000
16267  -48.137  -51.878  26.960 0.0000000000
16313  -47.890  -51.466  25.353 0.0000000000
16314  -48.167  -51.560  25.668 0.0000000000
16324  -42.786  -52.127  23.933 0.0000000000
17035  -48.555  -51.252  26.794 0.0000000000
17089  -45.768  -51.142  24.136 0.0000000000
17091  -47.545  -51.299  24.972 0.0000000000
17807  -48.986  -50.609  26.855 0.0000000000
17821  -49.018  -50.662  26.331 0.0000000000
17850  -46.381  -50.661  23.789 0.0000000000
17889  -48.328  -49.815  20.978 0.0000000000
17911  -47.848  -50.914  20.653 0.0000000000
17914  -49.433  -49.819  19.278 0.0000000000
18650  -49.641  -49.262  25.565 0.0000000000
18663  -49.210  -49.812  24.595 0.0000000000
18684  -44.215  -49.778  22.141 0.0000000000
18685  -45.116  -49.711  22.237 0.0000000000
18686  -46.050  -49.734  22.195 0.0000000000
18688  -48.732  -49.196  21.851 0.0000000000
19465  -50.106  -48.302  26.274 0.0000000000
19489  -50.244  -48.213  24.590 0.0000000000
20313  -50.501  -46.817  26.076 0.0000000000
20321  -50.587  -47.120  25.880 0.0000000000
20329  -50.490  -47.635  25.273 0.0000000000
20358  -50.805  -46.829  23.453 0.0000000000
21200  -51.099  -46.048  24.074 0.0000000000
21219  -50.448  -46.365  21.489 0.0000000000
21236  -49.158  -47.108  19.829 0.0000000000
22077  -51.214  -45.187  23.067 0.0000000000
22098  -44.772  -45.382  19.449 0.0000000000
22110  -44.254  -45.907  18.816 0.0000000000
22958  -50.913  -45.071  25.131 0.0000000000
22967  -51.029  -44.682  24.558 0.0000000000
22975  -49.625  -43.921  24.078 0.0000000000
22977  -51.155  -44.405  23.733 0.0000000000
23005  -51.190  -44.776  22.164 0.0000000000
23883  -48.024  -42.478  23.118 0.0000000000
23884  -50.952  -43.090  22.491 0.0000000000
23885  -51.137  -43.609  23.190 0.0000000000
23915  -49.322  -42.449  21.025 0.0000000000
23932  -46.618  -42.577  19.582 0.0000000000
24813  -49.503  -42.799  23.309 0.0000000000
24834  -50.610  -42.743  22.612 0.0000000000
24843  -49.663  -42.259  21.628 0.0000000000
24878  -46.772  -41.705  19.722 0.0000000000
24889  -43.711  -41.897  18.679 0.0000000000
25718  -48.419  -41.512  21.689 0.0000000000
25731  -46.387  -41.305  21.357 0.0000000000
25748  -48.089  -41.707  20.647 0.0000000000
25761  -46.779  -41.312  20.037 0.0000000000
26649  -43.847  -40.224  19.243 0.0000000000
26661  -44.158  -40.508  19.098 0.0000000000
26666  -42.061  -40.513  17.140 0.0000000000
118647  -50.106  -47.024  21.086 0.0000000000
120634  -44.163  -56.177  26.709 0.0000000000
121774  -48.722  -49.830  24.008 0.0000000000
124439  -50.987  -42.973  23.054 0.0000000000
124734  -44.173  -55.683  13.463 0.0000000000
126027  -50.171  -47.726  20.933 0.0000000000
126325  -47.074  -56.361  18.307 0.0000000000
127303  -45.034  -40.662  19.667 0.0000000000
127535  -42.267  -55.376  25.004 0.0000000000
128361  -43.162  -40.532  18.372 0.0000000000
128858  -41.632  -65.277  26.033 0.0000000000
130036  -46.351  -53.925  28.419 0.0000000000
133488  -44.451  -55.808  26.924 0.0000000000
133695  -38.877  -60.787  22.203 0.0000000000
134795  -42.059  -58.806  21.291 0.0000000000
136536  -41.265  -56.264  18.321 0.0000000000
136894  -47.193  -49.757  22.888 0.0000000000
137249  -45.626  -54.985  27.791 0.0000000000
138796  -43.369  -62.856  24.829 0.0000000000
139075  -37.814  -56.972  22.304 0.0000000000
140256  -44.993  -40.653  20.134 0.0000000000
140954  -47.660  -41.483  20.626 0.0000000000
141121  -47.193  -41.368  21.480 0.0000000000
142433  -43.721  -40.365  18.813 0.0000000000
142599  -48.111  -50.479  20.748 0.0000000000
143197  -45.136  -59.380  22.728 0.0000000000
143201  -48.672  -42.817  23.378 0.0000000000
