#!ascii label  , from subject sub_0001 vox2ras=TkReg
1108
49500  -23.878  -16.908  -9.669 0.4285714328
50697  -24.356  -15.587  -10.298 0.2857142985
51830  -25.039  -14.846  -10.370 0.4285714328
51831  -26.007  -14.369  -10.211 0.4285714328
52945  -24.649  -14.196  -10.850 0.2857142985
136490  -25.340  -14.083  -10.612 0.4285714328
52946  -25.924  -13.622  -10.680 0.4285714328
54085  -24.609  -12.603  -12.482 0.4285714328
54086  -25.486  -12.112  -12.237 0.4285714328
55256  -25.040  -11.909  -12.952 0.4285714328
55276  -26.088  -11.104  -13.500 0.4285714328
55290  -25.038  -11.651  -14.554 0.5714285970
55291  -25.824  -11.101  -14.299 0.5714285970
56368  -26.692  -10.566  -13.835 0.4285714328
56369  -27.421  -9.931  -13.974 0.2857142985
56389  -26.236  -10.599  -14.950 0.7142857313
56390  -26.976  -10.112  -14.747 0.7142857313
58533  -28.402  -8.811  -15.534 0.7142857313
58534  -29.213  -8.167  -15.579 0.4285714328
135503  -27.219  -9.792  -15.355 0.7142857313
57476  -27.736  -9.384  -15.490 0.5714285970
121042  -29.808  -7.501  -16.824 0.5714285970
57498  -27.778  -9.206  -16.552 0.5714285970
58551  -29.139  -8.083  -16.778 0.5714285970
59606  -29.490  -7.754  -17.599 0.5714285970
59607  -30.154  -7.138  -17.327 0.5714285970
126565  -28.296  -8.802  -17.277 0.5714285970
60656  -31.519  -6.223  -17.598 0.4285714328
60677  -30.960  -6.283  -18.343 0.5714285970
61805  -33.682  -4.911  -19.207 0.5714285970
59624  -29.387  -8.265  -19.448 0.7142857313
61804  -32.709  -4.866  -19.110 0.7142857313
62873  -33.096  -4.527  -19.833 0.7142857313
62874  -34.043  -4.677  -19.973 0.5714285970
60676  -30.276  -6.658  -18.819 0.5714285970
58582  -28.058  -9.360  -19.459 0.5714285970
61802  -30.825  -5.853  -20.107 0.8571428657
141266  -34.334  -4.808  -20.677 0.7142857313
61824  -34.882  -5.285  -21.072 0.5714285970
60695  -30.235  -6.658  -19.824 0.7142857313
59636  -29.544  -8.528  -20.469 0.5714285970
62916  -34.254  -4.654  -22.286 0.7142857313
61835  -35.516  -5.885  -21.591 0.5714285970
142578  -31.563  -5.053  -20.537 0.7142857313
62901  -34.276  -4.771  -21.384 0.7142857313
61848  -34.945  -5.070  -22.995 0.5714285970
62889  -32.460  -4.434  -20.549 0.7142857313
61862  -35.193  -6.237  -23.815 0.5714285970
62888  -32.052  -4.550  -21.341 0.7142857313
61868  -35.233  -5.094  -25.385 0.7142857313
61869  -35.459  -6.087  -24.858 0.7142857313
62914  -32.576  -4.245  -22.888 0.7142857313
62929  -34.280  -4.359  -23.325 0.7142857313
123787  -34.243  -4.337  -24.486 0.7142857313
62946  -35.021  -4.168  -26.186 0.7142857313
61874  -35.544  -4.790  -26.372 0.5714285970
137202  -33.285  -4.018  -23.787 0.7142857313
61832  -30.701  -6.130  -22.210 0.5714285970
64008  -35.702  -3.812  -26.772 0.5714285970
64964  -35.479  -2.995  -26.288 0.5714285970
62937  -32.287  -4.030  -24.578 0.8571428657
62928  -32.225  -4.312  -23.805 0.8571428657
132480  -34.534  -2.923  -26.022 0.7142857313
64003  -33.328  -3.009  -25.571 0.7142857313
62938  -33.547  -3.996  -25.019 0.8571428657
62945  -33.023  -3.630  -25.174 0.7142857313
65965  -32.037  -1.430  -25.353 0.8571428657
132246  -34.755  -0.848  -25.700 0.5714285970
127803  -32.012  -3.250  -25.148 0.8571428657
66944  -31.123  -1.070  -25.461 0.8571428657
124659  -30.643  -0.805  -27.178 0.8571428657
118049  -27.982  -2.570  -28.165 0.8571428657
64960  -32.661  -2.006  -25.270 0.8571428657
66948  -29.679  -1.002  -26.417 0.8571428657
66947  -28.365  -2.077  -26.204 1.0000000000
131801  -28.246  -2.858  -27.345 1.0000000000
118263  -27.230  -3.241  -27.757 1.0000000000
66943  -29.565  -1.537  -25.168 1.0000000000
68945  -27.779  -0.527  -26.839 1.0000000000
141594  -29.241  1.657  -25.537 0.7142857313
118391  -26.764  -2.888  -27.565 1.0000000000
67925  -28.699  -1.068  -26.203 1.0000000000
68944  -27.582  0.287  -27.532 1.0000000000
122762  -29.608  4.609  -24.444 1.0000000000
128510  -29.517  4.778  -22.909 0.8571428657
143142  -29.345  6.254  -23.086 0.8571428657
128301  -29.369  5.865  -23.663 1.0000000000
77096  -29.223  9.291  -22.879 0.8571428657
75054  -29.571  7.860  -22.991 0.8571428657
139046  -29.598  7.342  -23.437 1.0000000000
77975  -29.053  10.999  -23.250 0.8571428657
77976  -29.325  10.291  -23.746 0.8571428657
77970  -28.043  10.406  -22.459 0.5714285970
79653  -28.113  12.044  -23.953 0.7142857313
78814  -29.557  12.253  -24.595 0.5714285970
78802  -25.178  11.335  -23.568 0.5714285970
121668  -27.174  11.067  -22.684 0.5714285970
79646  -25.691  12.013  -23.750 0.4285714328
79651  -26.127  12.561  -24.202 0.4285714328
79659  -26.987  12.982  -24.679 0.4285714328
79649  -23.691  13.659  -23.643 0.2857142985
79650  -24.451  12.986  -24.199 0.2857142985
80485  -23.273  14.322  -22.773 0.2857142985
51829  -24.117  -14.844  -10.713 0.2857142985
60655  -30.583  -6.685  -17.881 0.5714285970
61834  -34.922  -5.253  -21.971 0.5714285970
64962  -35.177  -1.872  -25.943 0.5714285970
121423  -34.168  -3.878  -25.596 0.7142857313
64004  -34.240  -3.650  -25.840 0.7142857313
64961  -33.928  -1.783  -25.536 0.8571428657
66945  -32.619  -0.756  -25.859 0.8571428657
66949  -31.688  -0.695  -26.613 0.8571428657
66953  -29.235  -1.711  -27.668 0.8571428657
117472  -28.898  2.392  -25.671 0.8571428657
81256  -24.574  14.446  -21.217 0.1428571492
52965  -23.814  -13.682  -11.676 0.2857142985
140931  -24.400  -13.761  -11.306 0.2857142985
54062  -25.256  -12.779  -11.729 0.4285714328
54087  -26.292  -11.789  -11.954 0.4285714328
52985  -23.822  -13.258  -12.369 0.2857142985
55275  -25.431  -11.522  -13.625 0.4285714328
54061  -24.500  -13.248  -11.775 0.4285714328
55258  -26.746  -11.166  -12.372 0.4285714328
55274  -24.696  -12.018  -13.808 0.5714285970
57458  -27.632  -9.648  -14.689 0.4285714328
56407  -25.921  -10.483  -15.771 0.2857142985
56408  -26.647  -10.093  -15.630 0.7142857313
57475  -27.168  -9.723  -16.177 0.7142857313
58550  -28.548  -8.579  -16.328 0.4285714328
57513  -27.640  -9.528  -17.716 0.5714285970
60678  -33.862  -5.957  -18.022 0.4285714328
58569  -28.147  -9.161  -18.364 0.7142857313
123579  -29.217  -8.093  -18.506 0.7142857313
61782  -32.443  -5.415  -18.497 0.5714285970
61783  -33.343  -5.322  -18.546 0.4285714328
61803  -31.654  -5.236  -19.295 0.7142857313
58596  -28.600  -9.300  -20.401 0.5714285970
59637  -29.818  -7.539  -19.634 0.5714285970
60739  -36.138  -6.688  -24.986 0.5714285970
60703  -30.276  -6.751  -20.871 0.5714285970
60731  -35.549  -7.127  -23.322 0.5714285970
62915  -33.449  -4.251  -22.612 0.7142857313
62900  -33.473  -4.471  -21.682 0.7142857313
61875  -35.935  -5.615  -25.945 0.5714285970
61833  -31.417  -5.339  -21.681 0.8571428657
65966  -33.484  -0.902  -25.522 0.5714285970
64959  -31.493  -2.183  -24.966 1.0000000000
117452  -27.269  -2.777  -28.250 1.0000000000
66938  -29.336  -1.504  -24.484 1.0000000000
68937  -29.596  1.222  -24.649 0.8571428657
70955  -29.633  3.347  -23.254 0.7142857313
117475  -29.120  3.173  -25.146 1.0000000000
118136  -28.146  2.891  -26.235 1.0000000000
71991  -29.696  4.282  -23.431 0.7142857313
117465  -28.333  3.746  -25.913 1.0000000000
71978  -29.407  4.083  -22.744 0.7142857313
72978  -29.535  5.114  -23.615 0.8571428657
76098  -29.202  8.491  -22.679 0.8571428657
73988  -29.460  6.638  -23.593 1.0000000000
73995  -29.218  6.261  -24.448 1.0000000000
138121  -28.760  10.564  -22.771 0.7142857313
78808  -27.466  11.877  -23.157 0.7142857313
140228  -26.043  13.280  -24.561 0.4285714328
132457  -27.785  12.538  -24.366 0.4285714328
80489  -24.722  13.892  -24.013 0.2857142985
80490  -25.308  13.194  -24.332 0.4285714328
56421  -26.568  -9.881  -16.523 0.4285714328
129386  -26.930  -9.805  -17.399 0.4285714328
124003  -25.278  12.487  -24.198 0.4285714328
78807  -26.557  12.115  -23.593 0.7142857313
50683  -23.716  -16.242  -10.161 0.4285714328
50698  -25.056  -15.557  -9.927 0.4285714328
50696  -23.475  -15.433  -10.492 0.2857142985
51812  -25.711  -15.141  -9.781 0.4285714328
51845  -23.893  -14.205  -11.146 0.2857142985
52966  -25.141  -13.512  -11.147 0.4285714328
55257  -25.923  -11.460  -12.766 0.4285714328
122130  -24.421  -12.350  -13.230 0.4285714328
56388  -25.419  -11.106  -15.188 0.2857142985
57497  -27.177  -9.738  -17.191 0.5714285970
58570  -28.806  -8.425  -17.942 0.5714285970
61770  -32.366  -5.864  -17.841 0.4285714328
60696  -30.826  -5.986  -19.091 0.7142857313
61806  -34.569  -5.222  -19.484 0.5714285970
58583  -28.733  -8.808  -19.238 0.7142857313
57528  -27.649  -9.489  -18.490 0.7142857313
61849  -35.423  -5.956  -22.630 0.5714285970
61861  -34.889  -5.004  -24.219 0.7142857313
61822  -30.790  -5.939  -21.182 0.7142857313
62898  -31.937  -4.704  -22.254 0.8571428657
62939  -34.707  -4.382  -25.535 0.7142857313
62913  -31.710  -4.731  -23.160 0.8571428657
68940  -28.992  0.501  -25.826 1.0000000000
142699  -29.643  2.720  -23.467 0.8571428657
77972  -29.203  10.131  -22.997 0.8571428657
78804  -28.268  11.185  -22.791 0.7142857313
132000  -28.493  11.654  -23.269 0.7142857313
78803  -26.330  11.709  -23.083 0.5714285970
78801  -24.248  11.320  -23.876 0.4285714328
79645  -24.786  11.990  -24.127 0.4285714328
80484  -22.691  14.142  -22.100 0.2857142985
118144  -29.665  3.742  -24.226 1.0000000000
79652  -27.126  12.305  -24.042 0.5714285970
82225  -26.346  16.002  -27.227 0.2857142985
82209  -25.406  15.934  -25.920 0.1428571492
82211  -27.119  14.934  -25.846 0.2857142985
83110  -24.494  16.671  -25.826 0.1428571492
80500  -25.568  13.953  -24.484 0.1428571492
81295  -26.586  14.533  -25.237 0.2857142985
81294  -25.868  14.773  -24.851 0.1428571492
123428  -28.239  15.580  -27.738 0.2857142985
82218  -27.148  15.543  -26.658 0.2857142985
78846  -30.497  11.609  -28.773 0.2857142985
80528  -29.778  13.903  -27.027 0.2857142985
118526  -25.345  16.302  -25.146 0.1428571492
80502  -27.496  14.022  -25.083 0.2857142985
79672  -30.086  12.251  -25.654 0.2857142985
81311  -28.520  14.907  -26.956 0.2857142985
78005  -29.463  9.950  -27.223 0.1428571492
79678  -30.289  12.432  -26.454 0.2857142985
81312  -29.186  14.356  -26.475 0.2857142985
123725  -25.742  15.642  -25.084 0.1428571492
81304  -29.098  14.024  -25.805 0.2857142985
81303  -28.318  14.494  -25.930 0.2857142985
77144  -26.141  8.114  -30.043 0.1428571492
77132  -28.457  9.299  -28.200 0.1428571492
123438  -30.409  11.276  -27.101 0.4285714328
80504  -29.152  13.027  -24.767 0.2857142985
124904  -28.240  7.661  -26.788 0.2857142985
77995  -29.443  10.263  -26.264 0.4285714328
78815  -30.104  11.995  -24.909 0.2857142985
80503  -28.187  13.178  -24.664 0.2857142985
75106  -27.864  6.887  -27.690 0.1428571492
77124  -28.759  9.025  -27.434 0.2857142985
78824  -29.944  11.282  -24.860 0.4285714328
76129  -28.875  8.988  -25.779 0.5714285970
77979  -29.580  10.406  -24.592 0.7142857313
118226  -27.097  5.576  -28.633 0.1428571492
75092  -28.070  6.904  -26.853 0.1428571492
139620  -29.750  11.663  -24.480 0.4285714328
140528  -28.293  8.297  -26.001 0.4285714328
117460  -26.781  5.459  -29.252 0.2857142985
134245  -27.635  5.465  -27.522 0.7142857313
76111  -29.691  8.780  -24.049 0.7142857313
74004  -28.771  6.640  -25.255 0.8571428657
126898  -29.302  8.137  -24.571 0.5714285970
118134  -27.667  4.802  -29.713 0.2857142985
118254  -26.901  4.880  -29.788 0.2857142985
75079  -28.703  7.510  -25.254 0.7142857313
76089  -27.764  8.388  -21.778 0.5714285970
75068  -29.331  7.226  -24.299 0.8571428657
117461  -28.168  4.209  -29.763 0.1428571492
117872  -27.636  4.811  -27.661 0.7142857313
118026  -29.404  3.385  -28.840 0.1428571492
65937  -29.134  -1.600  -22.721 0.5714285970
67922  -29.053  -0.280  -24.873 0.8571428657
66928  -29.382  -0.253  -23.451 0.4285714328
118103  -29.271  4.112  -25.187 0.8571428657
117459  -27.499  2.572  -27.484 0.8571428657
117477  -29.309  4.932  -25.428 0.8571428657
70989  -29.095  2.563  -29.322 0.2857142985
134244  -27.632  3.511  -27.102 0.8571428657
117473  -28.419  5.142  -26.361 0.8571428657
69957  -30.728  2.990  -28.000 0.4285714328
118015  -27.037  3.410  -29.687 0.7142857313
117691  -27.272  4.164  -28.728 0.7142857313
65936  -29.005  -1.822  -21.792 0.2857142985
130967  -29.314  -0.873  -23.028 0.5714285970
141672  -27.981  -2.132  -26.273 0.8571428657
138890  -27.405  1.480  -28.045 0.8571428657
117458  -29.022  1.544  -29.741 0.4285714328
118323  -27.848  1.581  -29.660 0.8571428657
117456  -27.321  3.271  -28.365 0.8571428657
69965  -30.887  2.239  -28.108 0.4285714328
142597  -28.407  -6.231  -22.693 0.7142857313
61845  -27.772  -5.453  -23.215 0.4285714328
60735  -29.497  -6.237  -23.446 0.7142857313
62941  -29.550  -4.920  -24.914 0.8571428657
132285  -28.324  -4.446  -24.144 0.5714285970
64942  -28.611  -3.104  -22.981 0.5714285970
64930  -28.607  -2.897  -21.986 0.4285714328
121652  -30.354  -3.644  -24.859 0.8571428657
63998  -29.032  -3.324  -24.373 0.5714285970
65964  -30.745  -1.640  -24.880 0.8571428657
65958  -29.659  -1.886  -24.634 0.7142857313
65957  -29.306  -1.802  -24.237 0.5714285970
117453  -30.365  -0.414  -27.610 0.7142857313
139355  -28.863  -1.044  -28.528 0.7142857313
118187  -28.303  -0.355  -29.035 0.7142857313
117450  -27.932  0.222  -29.432 0.8571428657
68946  -33.497  1.920  -27.041 0.2857142985
68950  -31.263  1.501  -27.809 0.4285714328
59660  -29.645  -7.422  -21.233 0.4285714328
60715  -29.311  -6.882  -22.007 0.4285714328
131092  -28.195  -5.824  -22.447 0.4285714328
62936  -31.248  -4.450  -24.465 0.7142857313
62943  -30.880  -4.245  -24.737 0.7142857313
64958  -30.383  -2.476  -24.662 0.8571428657
66950  -33.062  -0.173  -27.008 0.7142857313
67926  -33.782  1.248  -26.645 0.2857142985
66955  -32.646  0.507  -27.301 0.5714285970
66954  -31.878  -0.272  -27.276 0.5714285970
59649  -29.378  -8.453  -21.023 0.4285714328
59635  -27.563  -8.333  -20.595 0.5714285970
60730  -29.808  -6.548  -22.656 0.5714285970
142630  -31.778  -4.420  -24.279 0.7142857313
66946  -34.319  -0.025  -25.974 0.4285714328
67927  -34.091  0.656  -26.139 0.4285714328
66951  -33.826  0.426  -26.590 0.4285714328
142918  -27.403  -9.566  -18.475 0.5714285970
60717  -35.710  -6.926  -22.198 0.4285714328
60736  -35.637  -7.052  -24.246 0.4285714328
63999  -36.589  -3.273  -26.045 0.4285714328
135029  -36.148  -4.501  -27.203 0.4285714328
64955  -36.368  -2.133  -25.591 0.4285714328
64963  -35.988  -2.014  -26.093 0.4285714328
56353  -27.072  -10.566  -12.848 0.1428571492
60743  -36.406  -6.043  -25.698 0.4285714328
62949  -36.832  -4.934  -25.938 0.4285714328
131888  -37.035  -4.154  -25.350 0.4285714328
57441  -28.012  -9.583  -14.030 0.1428571492
58521  -28.949  -8.589  -14.812 0.1428571492
60644  -31.723  -6.350  -16.668 0.2857142985
59651  -36.351  -8.346  -21.006 0.2857142985
59667  -38.175  -7.448  -22.439 0.2857142985
58617  -36.400  -8.060  -23.115 0.2857142985
121433  -35.239  -5.753  -19.103 0.4285714328
60732  -38.240  -6.593  -23.010 0.2857142985
59669  -36.537  -7.651  -23.945 0.2857142985
60718  -36.153  -7.591  -21.606 0.2857142985
61863  -37.915  -5.814  -23.512 0.2857142985
60741  -37.186  -6.789  -24.841 0.4285714328
56370  -27.931  -9.754  -13.354 0.1428571492
57442  -28.609  -9.425  -13.599 0.1428571492
59572  -30.119  -7.678  -15.128 0.2857142985
59573  -30.732  -7.227  -15.637 0.2857142985
59608  -35.009  -7.339  -17.581 0.2857142985
59638  -36.518  -7.960  -19.978 0.2857142985
60698  -36.359  -7.096  -19.603 0.2857142985
60679  -34.878  -6.152  -18.359 0.2857142985
139255  -29.318  -8.886  -13.938 0.1428571492
59575  -33.052  -7.226  -15.430 0.2857142985
126936  -30.445  -8.007  -14.462 0.2857142985
59589  -32.774  -6.723  -15.999 0.2857142985
59574  -31.617  -6.945  -15.394 0.2857142985
140735  -33.902  -6.886  -16.820 0.2857142985
55237  -27.174  -11.577  -11.672 0.1428571492
127617  -25.947  -12.412  -11.675 0.2857142985
55259  -27.561  -10.834  -12.125 0.1428571492
49487  -24.611  -16.879  -9.098 0.2857142985
48436  -24.607  -17.287  -8.360 0.2857142985
48446  -23.926  -17.394  -8.967 0.2857142985
54063  -26.716  -12.398  -11.299 0.2857142985
49501  -25.196  -16.452  -9.143 0.1428571492
48435  -23.211  -17.745  -8.733 0.2857142985
47401  -23.115  -18.098  -8.189 0.1428571492
58522  -29.683  -8.265  -14.616 0.1428571492
59562  -32.362  -7.343  -14.800 0.2857142985
60647  -34.446  -7.524  -16.749 0.2857142985
59625  -35.216  -6.816  -18.129 0.2857142985
58618  -36.542  -8.543  -22.254 0.2857142985
60704  -35.906  -6.604  -21.097 0.4285714328
59665  -35.947  -7.622  -23.699 0.4285714328
59673  -37.058  -7.381  -24.394 0.2857142985
62931  -37.372  -4.942  -23.322 0.2857142985
60733  -28.163  -5.517  -23.723 0.7142857313
62940  -37.409  -5.158  -25.097 0.4285714328
64954  -29.440  -2.450  -24.449 0.5714285970
64007  -36.220  -3.733  -26.820 0.4285714328
67928  -34.503  0.204  -25.654 0.2857142985
68941  -33.498  1.715  -26.397 0.2857142985
68951  -32.638  1.583  -27.310 0.5714285970
132769  -28.744  6.996  -22.309 0.7142857313
117449  -29.033  0.439  -29.469 0.7142857313
117476  -29.419  5.440  -24.550 0.8571428657
77094  -27.985  9.589  -22.208 0.4285714328
76105  -29.565  8.643  -23.259 0.7142857313
69966  -31.956  2.046  -27.471 0.2857142985
75063  -29.670  8.003  -23.723 0.8571428657
77115  -28.609  8.515  -26.682 0.4285714328
82197  -25.587  15.471  -24.372 0.1428571492
78006  -30.066  10.656  -27.611 0.2857142985
139768  -29.020  9.633  -27.757 0.1428571492
50685  -25.566  -15.900  -9.399 0.1428571492
52967  -25.934  -12.962  -11.176 0.2857142985
126626  -27.783  -10.166  -12.703 0.1428571492
57429  -29.326  -9.319  -12.966 0.1428571492
58510  -30.805  -8.504  -13.256 0.1428571492
128385  -29.895  -7.607  -16.058 0.2857142985
59588  -32.004  -6.574  -15.979 0.2857142985
118683  -34.517  -6.631  -17.774 0.2857142985
58598  -36.308  -8.976  -20.289 0.2857142985
60645  -32.390  -6.100  -17.080 0.2857142985
119822  -36.660  -9.188  -21.676 0.2857142985
59648  -29.011  -7.697  -21.208 0.5714285970
61784  -34.287  -5.500  -18.734 0.2857142985
60680  -35.814  -6.626  -18.817 0.2857142985
142957  -28.303  -6.413  -20.938 0.2857142985
62917  -37.077  -4.355  -22.528 0.2857142985
61858  -29.258  -5.724  -24.087 0.7142857313
61867  -30.625  -5.136  -24.231 0.5714285970
63973  -28.379  -3.876  -21.411 0.4285714328
62926  -27.955  -4.908  -23.705 0.5714285970
62930  -37.262  -4.654  -24.222 0.4285714328
127465  -29.037  -1.099  -21.263 0.2857142985
64931  -28.863  -2.312  -22.566 0.5714285970
63993  -36.747  -3.887  -23.937 0.2857142985
61876  -36.213  -5.316  -26.347 0.4285714328
141409  -29.226  -3.837  -24.695 0.7142857313
65928  -29.342  -0.808  -21.848 0.2857142985
64945  -35.977  -2.428  -24.116 0.1428571492
66939  -35.180  -0.314  -24.930 0.4285714328
65959  -35.492  -0.810  -25.492 0.4285714328
67912  -34.694  0.100  -24.104 0.1428571492
67923  -34.186  0.775  -25.235 0.1428571492
67933  -31.591  0.575  -27.592 0.5714285970
69959  -32.719  2.195  -27.123 0.2857142985
117448  -30.019  1.467  -28.730 0.5714285970
133117  -27.648  2.647  -29.839 0.7142857313
118152  -28.953  5.754  -25.383 0.8571428657
119375  -30.311  3.598  -27.708 0.2857142985
120437  -29.546  4.117  -28.199 0.1428571492
134381  -27.293  3.430  -30.092 0.4285714328
118114  -28.927  4.891  -28.991 0.1428571492
74011  -27.772  6.183  -27.149 0.5714285970
74022  -27.465  6.063  -28.808 0.1428571492
81285  -25.405  14.581  -24.183 0.1428571492
76128  -28.193  7.666  -25.959 0.5714285970
117466  -26.813  5.670  -29.292 0.1428571492
77996  -29.926  10.797  -26.734 0.2857142985
76140  -28.046  7.812  -27.632 0.2857142985
76151  -27.361  7.462  -28.643 0.1428571492
125832  -26.364  7.331  -29.649 0.1428571492
138842  -27.349  8.529  -29.011 0.1428571492
78839  -30.481  11.355  -27.849 0.2857142985
78015  -30.136  10.800  -28.562 0.2857142985
78024  -29.483  10.374  -29.316 0.1428571492
78014  -28.460  9.562  -29.181 0.1428571492
51813  -26.500  -14.838  -9.585 0.1428571492
55260  -28.422  -10.388  -12.030 0.1428571492
57559  -37.441  -9.185  -22.040 0.2857142985
69949  -32.878  2.194  -25.258 0.2857142985
122771  -27.102  9.036  -30.402 0.1428571492
78025  -30.075  11.229  -29.518 0.2857142985
128839  -23.056  -16.740  -9.890 0.2857142985
50684  -24.642  -16.269  -9.736 0.2857142985
127571  -26.556  -13.767  -10.358 0.1428571492
54043  -26.643  -13.156  -10.731 0.1428571492
127791  -26.482  -10.915  -13.023 0.1428571492
139610  -27.360  -10.145  -13.316 0.1428571492
57459  -28.392  -9.210  -14.585 0.1428571492
59587  -30.452  -7.135  -16.487 0.2857142985
61807  -35.263  -5.546  -19.821 0.4285714328
61846  -30.441  -6.093  -23.112 0.5714285970
60716  -30.098  -6.662  -21.758 0.4285714328
142515  -36.187  -1.849  -25.961 0.4285714328
61860  -30.920  -5.344  -23.499 0.7142857313
140741  -31.088  -3.175  -24.926 0.7142857313
66942  -28.948  -1.348  -25.375 0.8571428657
66952  -27.174  -2.098  -27.995 0.8571428657
69956  -28.345  1.512  -26.708 0.8571428657
77095  -28.657  9.070  -22.453 0.5714285970
77100  -29.523  9.584  -24.357 0.7142857313
78810  -29.559  11.071  -24.084 0.5714285970
79660  -28.753  12.485  -24.347 0.2857142985
79661  -29.776  12.664  -25.164 0.2857142985
129819  -33.686  -0.264  -26.244 0.4285714328
57512  -27.288  -9.766  -17.920 0.5714285970
60657  -33.126  -6.044  -17.489 0.2857142985
60740  -36.691  -6.665  -25.146 0.4285714328
124806  -28.709  4.537  -25.857 0.8571428657
80501  -26.412  13.928  -24.829 0.2857142985
80513  -28.615  13.705  -25.270 0.2857142985
64002  -31.031  -3.799  -24.863 0.8571428657
82217  -26.296  15.718  -26.280 0.2857142985
83123  -25.386  16.119  -27.013 0.1428571492
82210  -26.196  15.272  -25.491 0.2857142985
82226  -27.326  15.867  -27.444 0.2857142985
81310  -27.805  15.078  -26.440 0.2857142985
79682  -30.519  12.286  -27.998 0.2857142985
81318  -29.320  14.528  -27.407 0.2857142985
80522  -30.113  13.161  -26.715 0.2857142985
79671  -29.890  12.930  -25.936 0.2857142985
123708  -30.602  11.905  -27.104 0.2857142985
78832  -30.191  11.669  -26.302 0.2857142985
77133  -29.362  10.033  -28.240 0.1428571492
80514  -29.385  13.366  -25.492 0.2857142985
77108  -29.495  9.679  -25.184 0.5714285970
77116  -29.113  9.390  -26.544 0.4285714328
77987  -29.572  10.470  -25.437 0.5714285970
75105  -27.479  6.692  -28.569 0.1428571492
132398  -27.692  6.258  -27.778 0.1428571492
76152  -27.991  8.510  -28.099 0.2857142985
76119  -28.709  8.294  -25.403 0.5714285970
118808  -29.430  8.917  -24.914 0.7142857313
75078  -28.192  6.870  -26.065 0.5714285970
117783  -26.946  4.760  -28.845 0.5714285970
74003  -28.227  6.047  -26.239 0.7142857313
117457  -27.424  4.030  -29.992 0.5714285970
117462  -27.906  3.396  -30.009 0.4285714328
118163  -27.888  4.365  -26.829 0.8571428657
65947  -29.247  -1.614  -23.622 0.5714285970
66937  -29.360  -0.711  -24.252 0.5714285970
67910  -29.547  0.374  -23.959 0.4285714328
117943  -27.103  2.486  -28.868 0.8571428657
117463  -28.274  2.399  -29.666 0.4285714328
117464  -30.101  2.668  -28.634 0.5714285970
117965  -28.345  0.761  -29.972 0.7142857313
60714  -28.730  -6.661  -22.110 0.5714285970
60728  -28.113  -5.855  -23.083 0.4285714328
61866  -29.775  -5.335  -24.551 0.7142857313
62934  -28.871  -4.965  -24.848 0.7142857313
64001  -29.502  -4.293  -24.885 0.7142857313
63980  -28.267  -3.981  -22.546 0.4285714328
63997  -28.595  -3.889  -24.169 0.5714285970
64953  -29.036  -2.391  -24.040 0.5714285970
63963  -28.140  -3.313  -20.864 0.2857142985
137060  -29.673  -3.258  -24.641 0.7142857313
117454  -30.134  0.472  -28.211 0.5714285970
128711  -35.008  -0.395  -25.543 0.4285714328
68942  -33.866  1.163  -26.027 0.2857142985
59661  -36.003  -7.870  -22.667 0.2857142985
59672  -36.601  -7.192  -24.620 0.4285714328
126133  -36.555  -4.316  -26.677 0.4285714328
63992  -36.623  -3.109  -24.794 0.4285714328
65960  -36.035  -1.304  -25.781 0.4285714328
137926  -37.212  -5.576  -25.494 0.4285714328
125957  -31.245  -6.778  -16.173 0.2857142985
142357  -32.396  -6.379  -16.463 0.2857142985
59662  -36.368  -8.243  -21.841 0.2857142985
59670  -37.233  -7.584  -23.715 0.2857142985
60697  -35.933  -6.241  -19.880 0.2857142985
136168  -37.585  -5.388  -24.253 0.4285714328
56354  -28.544  -9.743  -12.739 0.1428571492
59561  -31.147  -7.466  -14.689 0.2857142985
59626  -35.733  -7.441  -18.297 0.2857142985
57443  -30.035  -8.816  -13.155 0.1428571492
131734  -32.373  -6.898  -15.476 0.2857142985
59590  -33.606  -7.190  -16.154 0.2857142985
49488  -25.351  -16.825  -8.487 0.1428571492
136182  -25.752  -16.348  -8.861 0.1428571492
67924  -34.762  0.193  -25.056 0.2857142985
50671  -26.318  -15.968  -8.883 0.1428571492
52930  -26.844  -14.173  -9.910 0.1428571492
75040  -27.421  7.702  -21.582 0.5714285970
72954  -28.252  5.530  -21.960 0.4285714328
128275  -26.969  6.293  -21.249 0.4285714328
73960  -28.015  6.983  -21.795 0.5714285970
73974  -28.427  6.288  -22.153 0.5714285970
70946  -29.181  3.188  -22.658 0.4285714328
140672  -27.442  4.419  -21.275 0.4285714328
124742  -28.961  4.882  -22.378 0.5714285970
72967  -29.291  5.553  -22.885 0.5714285970
72966  -28.793  5.704  -22.414 0.5714285970
68924  -29.681  1.418  -23.447 0.5714285970
61827  -38.353  -6.359  -20.927 0.1428571492
61850  -38.207  -5.754  -22.357 0.1428571492
55301  -24.519  -11.549  -15.267 0.2857142985
58621  -37.135  -8.615  -22.535 0.1428571492
60699  -38.962  -6.619  -19.260 0.1428571492
59652  -38.659  -7.430  -20.715 0.1428571492
60681  -38.293  -5.933  -18.621 0.1428571492
60706  -38.651  -6.521  -19.991 0.1428571492
61786  -37.747  -5.621  -18.201 0.1428571492
55289  -24.264  -12.073  -14.611 0.2857142985
56460  -37.335  -10.135  -21.148 0.1428571492
57557  -38.340  -9.572  -21.432 0.1428571492
57555  -37.152  -9.541  -21.676 0.1428571492
58613  -38.710  -8.643  -21.142 0.1428571492
120185  -39.028  -6.860  -18.098 0.1428571492
58614  -39.132  -8.196  -20.143 0.1428571492
139600  -36.287  -5.081  -15.580 0.1428571492
61772  -37.613  -5.847  -17.300 0.1428571492
125961  -36.734  -5.438  -16.122 0.1428571492
54102  -23.982  -12.471  -13.906 0.2857142985
54101  -23.082  -12.665  -13.714 0.2857142985
58572  -36.051  -8.594  -17.608 0.1428571492
58573  -36.504  -9.079  -18.591 0.1428571492
58585  -36.456  -9.440  -19.591 0.1428571492
59609  -35.620  -7.949  -17.837 0.1428571492
119776  -36.424  -9.785  -20.418 0.1428571492
56463  -38.893  -10.239  -20.126 0.1428571492
56461  -37.515  -10.735  -20.660 0.1428571492
58586  -39.892  -8.787  -18.867 0.1428571492
57552  -38.456  -10.108  -20.852 0.1428571492
140480  -39.012  -7.683  -17.133 0.1428571492
59591  -38.018  -6.907  -15.927 0.1428571492
60636  -36.769  -6.159  -14.962 0.1428571492
61763  -37.410  -6.028  -16.264 0.1428571492
120091  -23.836  -12.850  -13.145 0.2857142985
54084  -23.058  -13.239  -12.871 0.2857142985
52983  -22.361  -13.521  -12.382 0.2857142985
59576  -33.611  -7.686  -15.524 0.1428571492
58553  -35.593  -8.745  -16.757 0.1428571492
57529  -36.723  -9.971  -18.891 0.1428571492
56455  -38.543  -11.001  -19.867 0.1428571492
135097  -36.809  -11.038  -19.976 0.1428571492
58575  -39.730  -8.643  -18.008 0.1428571492
123388  -38.552  -7.346  -16.645 0.1428571492
58574  -39.339  -8.223  -17.319 0.1428571492
62819  -35.682  -4.609  -14.382 0.1428571492
61742  -36.197  -5.442  -14.721 0.1428571492
58536  -34.368  -8.771  -15.783 0.1428571492
58535  -33.819  -8.305  -15.299 0.1428571492
57501  -36.606  -9.750  -16.882 0.1428571492
57500  -35.776  -9.497  -16.442 0.1428571492
139033  -37.703  -12.120  -18.878 0.1428571492
57514  -36.529  -9.474  -17.822 0.1428571492
55329  -39.043  -11.433  -19.192 0.1428571492
140638  -37.041  -11.204  -19.183 0.1428571492
56447  -40.072  -10.278  -18.336 0.1428571492
59578  -37.542  -7.104  -15.275 0.1428571492
58554  -38.885  -8.213  -16.570 0.1428571492
60622  -36.432  -6.278  -14.353 0.1428571492
60623  -37.009  -6.858  -14.733 0.1428571492
137483  -33.491  -8.580  -14.517 0.1428571492
58523  -31.044  -8.088  -13.927 0.1428571492
56410  -35.292  -10.669  -15.638 0.1428571492
57479  -35.106  -9.994  -15.972 0.1428571492
57477  -33.989  -9.102  -15.163 0.1428571492
56423  -36.899  -10.489  -16.848 0.1428571492
56422  -36.124  -10.308  -16.210 0.1428571492
57499  -34.928  -9.237  -16.240 0.1428571492
54145  -38.943  -12.549  -18.516 0.1428571492
54139  -37.698  -12.643  -18.356 0.1428571492
56434  -40.138  -10.565  -17.872 0.1428571492
118214  -38.754  -9.198  -16.235 0.1428571492
55326  -39.829  -11.193  -18.374 0.1428571492
130061  -38.399  -7.683  -16.030 0.1428571492
57503  -39.700  -10.006  -17.418 0.1428571492
55302  -34.593  -11.133  -15.174 0.1428571492
56409  -34.581  -10.357  -15.443 0.1428571492
57461  -34.137  -9.863  -15.047 0.1428571492
54125  -37.111  -12.638  -15.877 0.1428571492
126977  -36.650  -11.644  -15.754 0.1428571492
53024  -38.120  -13.218  -18.094 0.1428571492
54133  -37.522  -13.011  -17.646 0.1428571492
56425  -39.614  -10.754  -17.243 0.1428571492
55304  -36.795  -11.073  -16.379 0.1428571492
55325  -37.381  -11.825  -18.909 0.1428571492
55327  -37.512  -11.429  -19.619 0.1428571492
58584  -36.248  -8.276  -18.544 0.1428571492
61725  -35.897  -5.790  -13.878 0.1428571492
62803  -35.601  -4.341  -13.502 0.1428571492
60637  -37.278  -6.461  -15.448 0.1428571492
59610  -39.337  -7.624  -17.868 0.1428571492
126051  -38.135  -6.572  -16.891 0.1428571492
58622  -37.818  -8.560  -22.248 0.1428571492
61826  -38.041  -5.535  -20.754 0.1428571492
58537  -38.354  -8.424  -15.725 0.1428571492
59564  -37.425  -7.641  -14.804 0.1428571492
61724  -35.602  -5.220  -13.156 0.1428571492
63867  -35.722  -3.386  -13.380 0.1428571492
63889  -35.589  -3.817  -14.121 0.1428571492
61756  -36.805  -5.766  -15.517 0.1428571492
62835  -35.884  -4.706  -15.050 0.1428571492
61762  -36.903  -5.370  -16.848 0.1428571492
62834  -35.708  -4.285  -15.751 0.1428571492
130679  -37.834  -5.042  -21.485 0.1428571492
62918  -37.636  -5.041  -22.475 0.1428571492
77089  -28.060  8.901  -22.095 0.4285714328
78036  -29.482  10.875  -30.313 0.1428571492
75041  -28.347  7.689  -21.913 0.4285714328
79688  -30.468  12.410  -29.036 0.1428571492
58571  -35.245  -8.059  -17.147 0.1428571492
59563  -33.287  -7.786  -14.897 0.1428571492
58524  -31.957  -7.785  -13.997 0.1428571492
59577  -34.176  -7.930  -15.934 0.1428571492
58612  -36.353  -9.205  -21.028 0.1428571492
63981  -36.171  -3.200  -23.450 0.1428571492
57560  -37.956  -9.300  -21.943 0.1428571492
59663  -38.355  -8.063  -21.704 0.1428571492
61836  -38.229  -5.758  -21.520 0.1428571492
59639  -39.109  -7.243  -19.644 0.1428571492
61809  -38.441  -6.008  -19.366 0.1428571492
60682  -38.820  -6.447  -18.660 0.1428571492
59640  -39.513  -7.984  -19.245 0.1428571492
60659  -38.385  -6.301  -17.876 0.1428571492
61808  -37.896  -5.451  -19.891 0.1428571492
61785  -37.211  -5.019  -18.627 0.1428571492
56453  -36.824  -10.551  -20.528 0.1428571492
56465  -37.951  -10.259  -21.159 0.1428571492
57556  -37.714  -9.709  -21.622 0.1428571492
57553  -38.965  -9.328  -20.442 0.1428571492
60660  -38.764  -7.047  -17.408 0.1428571492
58599  -39.469  -8.745  -19.624 0.1428571492
58552  -34.758  -8.395  -16.461 0.1428571492
121596  -36.505  -10.420  -19.864 0.1428571492
56462  -38.154  -10.695  -20.591 0.1428571492
57544  -39.560  -9.516  -19.482 0.1428571492
56454  -37.173  -11.137  -20.125 0.1428571492
57530  -39.994  -9.635  -18.685 0.1428571492
56446  -36.908  -10.930  -19.240 0.1428571492
120943  -36.799  -10.520  -18.001 0.1428571492
56456  -39.491  -10.461  -19.147 0.1428571492
55328  -38.127  -11.553  -19.534 0.1428571492
58555  -39.437  -9.111  -17.160 0.1428571492
58525  -32.851  -7.947  -14.176 0.1428571492
57460  -33.789  -9.370  -14.593 0.1428571492
57478  -34.503  -9.592  -15.625 0.1428571492
141629  -37.501  -11.667  -19.218 0.1428571492
54144  -38.147  -12.585  -18.664 0.1428571492
55318  -37.344  -12.119  -18.036 0.1428571492
55317  -37.123  -11.373  -18.541 0.1428571492
137586  -36.167  -10.937  -15.749 0.1428571492
55311  -37.118  -11.281  -17.402 0.1428571492
55319  -39.960  -11.457  -17.761 0.1428571492
57502  -39.255  -9.996  -16.707 0.1428571492
57481  -38.670  -10.122  -15.923 0.1428571492
54132  -37.217  -12.166  -16.842 0.1428571492
47399  -21.613  -18.184  -8.580 0.1428571492
48434  -22.667  -17.656  -9.076 0.1428571492
48433  -21.585  -17.296  -8.954 0.1428571492
130197  -22.123  -17.744  -9.004 0.1428571492
48445  -23.200  -17.342  -9.378 0.1428571492
48444  -22.362  -17.128  -9.406 0.1428571492
49511  -22.868  -15.984  -10.206 0.1428571492
50695  -22.547  -15.147  -10.438 0.1428571492
142814  -22.563  -14.228  -11.221 0.1428571492
51828  -23.145  -14.605  -10.861 0.1428571492
51844  -23.169  -14.028  -11.432 0.1428571492
50694  -21.675  -14.909  -10.319 0.1428571492
51843  -21.880  -14.068  -11.342 0.1428571492
52964  -22.471  -13.876  -11.728 0.1428571492
52982  -21.584  -13.266  -12.273 0.1428571492
54083  -21.251  -12.629  -12.679 0.1428571492
54100  -22.346  -12.363  -13.710 0.1428571492
130181  -22.149  -12.931  -13.077 0.1428571492
54110  -22.760  -12.095  -14.295 0.2857142985
54111  -23.501  -12.227  -14.505 0.1428571492
55288  -23.818  -11.919  -15.061 0.1428571492
55287  -23.098  -11.694  -14.928 0.2857142985
56420  -25.766  -10.207  -16.273 0.2857142985
58580  -26.914  -8.724  -18.931 0.4285714328
134862  -28.348  -9.308  -21.022 0.4285714328
58595  -27.870  -9.146  -21.144 0.4285714328
68911  -29.372  1.559  -22.520 0.2857142985
69927  -29.020  2.369  -22.271 0.2857142985
69936  -29.696  2.185  -23.867 0.2857142985
72951  -25.407  6.012  -21.562 0.2857142985
73959  -27.123  6.974  -21.463 0.2857142985
75039  -26.385  7.654  -21.376 0.4285714328
128639  -22.490  -11.647  -14.527 0.1428571492
56406  -25.121  -10.878  -15.770 0.1428571492
50682  -22.070  -15.582  -10.000 0.1428571492
51826  -21.236  -14.222  -10.796 0.1428571492
52962  -21.236  -13.556  -11.465 0.1428571492
54099  -21.663  -12.258  -13.373 0.1428571492
55273  -22.099  -11.890  -13.999 0.1428571492
55299  -22.995  -11.085  -15.330 0.2857142985
56405  -24.267  -10.976  -15.680 0.2857142985
56404  -23.515  -10.803  -15.619 0.2857142985
128311  -23.999  -10.496  -15.876 0.2857142985
118796  -26.335  -9.479  -17.309 0.4285714328
57511  -27.036  -9.746  -18.047 0.4285714328
142795  -25.120  -7.939  -17.395 0.2857142985
66920  -29.322  -0.057  -22.512 0.2857142985
68910  -28.844  1.630  -21.670 0.2857142985
69916  -27.598  2.602  -21.022 0.2857142985
70933  -27.851  3.005  -21.641 0.2857142985
71977  -28.672  3.903  -22.267 0.2857142985
125721  -26.648  4.755  -21.002 0.2857142985
71974  -24.516  4.594  -22.115 0.2857142985
72952  -26.447  5.795  -21.305 0.2857142985
56419  -24.775  -10.376  -16.172 0.2857142985
67895  -29.203  0.774  -22.058 0.2857142985
67885  -28.820  0.672  -21.052 0.2857142985
69915  -26.764  2.678  -20.868 0.2857142985
71957  -24.949  3.860  -21.670 0.2857142985
70932  -27.249  3.188  -21.137 0.2857142985
71959  -26.940  3.863  -20.995 0.2857142985
69914  -25.922  2.615  -21.117 0.2857142985
70931  -26.361  3.255  -20.999 0.2857142985
57526  -27.185  -9.300  -18.801 0.4285714328
138295  -27.824  -9.395  -20.521 0.4285714328
52984  -23.118  -13.642  -12.100 0.1428571492
57496  -26.363  -9.762  -16.793 0.4285714328
49499  -22.306  -16.304  -9.726 0.1428571492
72953  -27.412  5.397  -21.307 0.2857142985
71958  -25.846  4.038  -21.019 0.2857142985
55300  -23.685  -11.415  -15.382 0.1428571492
134785  -21.721  -15.880  -9.569 0.1428571492
51827  -22.153  -14.541  -10.808 0.1428571492
52963  -21.872  -13.699  -11.863 0.1428571492
56387  -22.480  -11.216  -14.883 0.2857142985
58568  -26.595  -9.113  -18.109 0.4285714328
71976  -25.710  5.040  -21.154 0.2857142985
70929  -24.762  3.208  -21.872 0.2857142985
59634  -27.157  -7.618  -19.556 0.2857142985
59623  -27.258  -8.600  -19.836 0.2857142985
60702  -28.598  -6.996  -21.154 0.2857142985
82250  -29.885  16.086  -32.154 0.1428571492
82243  -29.438  15.292  -29.662 0.1428571492
81323  -30.049  14.262  -28.728 0.1428571492
132853  -30.342  13.282  -29.245 0.1428571492
83166  -28.340  17.500  -33.072 0.1428571492
123264  -29.511  14.750  -28.464 0.1428571492
83143  -25.251  17.191  -29.260 0.1428571492
60694  -27.359  -6.801  -19.787 0.2857142985
81329  -30.193  14.971  -30.968 0.1428571492
137592  -30.333  12.980  -28.477 0.1428571492
128592  -30.014  14.603  -29.560 0.1428571492
81324  -30.378  14.074  -29.383 0.1428571492
80529  -30.255  13.267  -27.661 0.1428571492
82234  -28.875  15.392  -28.501 0.1428571492
80537  -30.256  13.686  -28.520 0.1428571492
83153  -28.069  16.519  -29.228 0.1428571492
122821  -27.093  16.911  -29.280 0.1428571492
83145  -27.522  16.317  -28.389 0.1428571492
83135  -26.548  16.128  -28.059 0.1428571492
127113  -25.511  16.418  -28.222 0.1428571492
80536  -29.876  14.083  -27.936 0.1428571492
82227  -28.895  15.006  -27.795 0.1428571492
134574  -27.510  -9.098  -20.645 0.2857142985
122474  -29.810  15.506  -31.185 0.1428571492
83160  -27.416  17.426  -32.006 0.1428571492
82242  -28.822  16.012  -30.391 0.1428571492
84107  -27.481  18.176  -33.556 0.1428571492
82233  -28.357  15.965  -28.516 0.1428571492
81330  -30.450  14.388  -30.554 0.1428571492
68898  -26.016  1.347  -21.024 0.1428571492
68900  -28.004  1.733  -20.833 0.1428571492
133421  -27.170  2.156  -20.638 0.1428571492
70943  -24.134  3.770  -22.290 0.1428571492
72005  -21.769  4.053  -24.606 0.1428571492
71972  -22.725  4.588  -23.094 0.1428571492
132145  -21.709  6.222  -24.195 0.1428571492
72962  -22.151  6.271  -22.954 0.1428571492
73972  -22.853  6.745  -22.570 0.2857142985
62897  -28.013  -4.912  -22.282 0.2857142985
63962  -27.954  -4.125  -20.566 0.1428571492
66892  -28.495  -0.894  -20.827 0.1428571492
66905  -29.142  -0.353  -21.027 0.1428571492
128185  -27.701  0.771  -20.682 0.1428571492
69958  -31.607  2.448  -27.353 0.1428571492
131268  -25.687  1.962  -21.320 0.1428571492
72965  -24.888  5.250  -21.627 0.1428571492
73956  -24.258  6.817  -21.885 0.1428571492
75052  -23.639  7.203  -22.312 0.2857142985
125216  -24.566  8.229  -21.953 0.2857142985
77967  -23.821  10.387  -23.231 0.2857142985
77966  -22.608  10.405  -23.614 0.2857142985
123016  -23.689  10.774  -23.334 0.2857142985
80467  -22.728  13.895  -21.033 0.1428571492
75037  -24.408  7.458  -21.892 0.2857142985
76087  -25.651  9.071  -21.547 0.2857142985
124549  -26.907  10.171  -22.165 0.2857142985
77086  -25.192  9.666  -21.980 0.2857142985
76096  -22.945  9.615  -23.967 0.2857142985
77969  -25.990  10.947  -22.724 0.2857142985
79644  -23.693  12.509  -23.870 0.1428571492
132550  -22.671  11.054  -23.071 0.2857142985
81273  -24.216  14.435  -23.273 0.1428571492
81263  -24.174  14.698  -22.270 0.1428571492
77093  -21.249  10.369  -23.984 0.1428571492
125257  -21.255  9.593  -24.051 0.1428571492
73987  -22.185  7.276  -23.313 0.2857142985
78800  -23.114  11.737  -23.014 0.1428571492
78799  -22.076  11.691  -22.610 0.2857142985
79643  -22.793  13.361  -22.922 0.1428571492
79642  -22.030  12.606  -22.053 0.1428571492
125658  -21.149  6.916  -24.574 0.2857142985
78796  -21.014  11.867  -22.118 0.1428571492
79637  -21.329  12.512  -21.363 0.1428571492
73970  -18.550  7.278  -22.716 0.1428571492
70979  -31.009  3.186  -26.803 0.1428571492
68938  -33.522  1.454  -25.171 0.1428571492
65914  -28.525  -1.690  -21.108 0.1428571492
67872  -26.660  -0.145  -20.798 0.1428571492
117474  -31.561  3.231  -25.918 0.1428571492
67883  -26.558  0.580  -20.853 0.1428571492
68909  -24.043  1.812  -22.251 0.1428571492
128279  -23.101  1.719  -22.748 0.1428571492
69926  -24.132  2.823  -22.193 0.1428571492
70954  -22.392  3.502  -24.086 0.1428571492
71973  -23.608  4.791  -22.608 0.1428571492
72976  -21.311  6.093  -24.974 0.1428571492
72964  -24.157  5.463  -22.266 0.1428571492
73986  -21.662  7.146  -23.886 0.2857142985
75036  -23.633  8.029  -22.547 0.1428571492
76085  -23.752  8.893  -22.706 0.1428571492
77085  -24.212  9.664  -22.660 0.1428571492
78795  -20.471  12.127  -21.706 0.1428571492
77961  -19.992  11.602  -22.443 0.2857142985
69953  -32.992  2.222  -26.562 0.1428571492
69952  -31.947  2.567  -26.509 0.1428571492
69948  -32.149  2.740  -25.573 0.1428571492
131962  -24.421  11.098  -23.402 0.2857142985
131105  -22.357  13.519  -21.763 0.1428571492
76088  -26.633  8.549  -21.497 0.2857142985
130019  -28.534  -2.354  -21.416 0.1428571492
64913  -28.073  -2.437  -20.824 0.1428571492
77088  -27.282  9.187  -21.826 0.2857142985
66919  -29.317  0.038  -21.587 0.1428571492
72950  -24.544  6.125  -21.655 0.1428571492
73957  -24.973  6.812  -21.454 0.1428571492
75038  -25.348  7.553  -21.507 0.1428571492
69913  -25.066  2.420  -21.786 0.1428571492
70942  -23.470  3.218  -22.501 0.1428571492
68897  -25.095  1.374  -21.689 0.1428571492
135191  -24.883  0.604  -21.664 0.1428571492
131858  -23.205  3.895  -22.769 0.1428571492
136288  -22.711  3.900  -23.400 0.1428571492
72977  -22.172  5.363  -23.527 0.1428571492
123581  -22.647  5.386  -22.776 0.1428571492
66904  -28.281  -0.052  -20.713 0.1428571492
72963  -22.998  5.831  -22.383 0.1428571492
73973  -23.766  6.367  -22.155 0.1428571492
66891  -27.403  -0.666  -20.642 0.1428571492
75051  -22.811  7.640  -22.982 0.2857142985
76086  -24.785  9.034  -21.943 0.2857142985
130664  -25.552  8.349  -21.497 0.2857142985
77968  -24.892  10.778  -22.828 0.2857142985
142858  -20.289  10.810  -23.604 0.1428571492
77087  -26.188  9.556  -21.649 0.2857142985
77962  -24.740  10.199  -22.529 0.2857142985
77963  -25.598  10.294  -22.179 0.2857142985
81274  -25.068  14.926  -22.830 0.1428571492
79638  -21.910  13.271  -21.152 0.1428571492
56386  -21.820  -10.776  -14.726 0.1428571492
121397  -22.865  -10.414  -15.637 0.1428571492
56418  -23.421  -10.141  -15.896 0.1428571492
56401  -21.158  -9.647  -15.295 0.1428571492
57472  -20.861  -9.144  -15.805 0.1428571492
57491  -21.239  -8.898  -16.656 0.1428571492
56417  -22.725  -9.698  -16.101 0.1428571492
58549  -21.778  -8.805  -17.111 0.1428571492
121054  -22.500  -9.112  -16.765 0.1428571492
57494  -24.501  -9.637  -16.511 0.1428571492
58564  -21.714  -8.172  -17.553 0.1428571492
58566  -24.553  -8.350  -17.094 0.1428571492
128173  -25.146  -9.168  -16.947 0.1428571492
58567  -25.696  -8.732  -17.417 0.1428571492
58548  -21.309  -8.335  -17.290 0.1428571492
58579  -22.260  -7.825  -17.760 0.1428571492
59605  -26.065  -7.994  -17.909 0.1428571492
59621  -25.506  -6.975  -18.372 0.1428571492
61800  -26.841  -5.755  -19.412 0.1428571492
61820  -28.104  -5.858  -20.786 0.1428571492
136124  -21.604  7.854  -23.975 0.1428571492
57495  -25.547  -9.766  -16.636 0.1428571492
55285  -21.271  -10.917  -13.915 0.1428571492
56385  -21.020  -10.206  -14.548 0.1428571492
57473  -21.525  -9.480  -15.903 0.1428571492
77965  -20.965  11.136  -23.209 0.1428571492
61831  -28.121  -5.411  -21.782 0.1428571492
56403  -22.364  -10.640  -15.289 0.1428571492
128410  -24.041  -10.027  -16.160 0.1428571492
59622  -26.695  -7.738  -18.830 0.1428571492
56402  -21.708  -10.123  -15.265 0.1428571492
57474  -22.207  -9.921  -15.742 0.1428571492
57492  -21.944  -9.341  -16.452 0.1428571492
57508  -22.366  -8.523  -17.325 0.1428571492
57509  -23.078  -8.804  -16.933 0.1428571492
57493  -23.453  -9.447  -16.426 0.1428571492
58565  -23.266  -8.189  -17.356 0.1428571492
57510  -23.990  -8.855  -16.766 0.1428571492
59603  -24.085  -7.618  -17.536 0.1428571492
58547  -20.896  -8.257  -16.969 0.1428571492
56367  -20.480  -10.554  -13.582 0.1428571492
53025  -38.642  -13.125  -18.190 0.1428571492
54146  -39.716  -12.242  -18.103 0.1428571492
54147  -38.076  -12.036  -19.073 0.1428571492
54148  -38.501  -12.037  -18.978 0.1428571492
54149  -39.270  -11.918  -18.660 0.1428571492
55303  -35.687  -11.320  -15.283 0.1428571492
55324  -37.184  -11.369  -19.556 0.1428571492
55330  -37.729  -11.157  -20.136 0.1428571492
56392  -34.130  -10.620  -14.965 0.1428571492
57515  -40.097  -9.647  -17.975 0.1428571492
57527  -27.596  -9.408  -19.286 0.5714285970
57551  -36.733  -9.789  -21.108 0.1428571492
57558  -36.957  -8.993  -22.180 0.2857142985
58509  -30.212  -8.412  -13.871 0.2857142985
58581  -27.374  -9.128  -19.822 0.2857142985
58597  -29.218  -9.005  -20.214 0.5714285970
58610  -28.609  -8.936  -21.159 0.4285714328
58611  -29.033  -9.106  -20.869 0.4285714328
58619  -38.293  -8.919  -21.812 0.1428571492
58620  -36.790  -8.479  -22.641 0.2857142985
58623  -36.836  -8.133  -23.205 0.2857142985
59579  -37.924  -7.697  -15.451 0.1428571492
59627  -36.340  -7.623  -19.071 0.2857142985
59628  -39.330  -7.178  -18.746 0.1428571492
59629  -39.603  -8.025  -18.535 0.1428571492
59647  -28.246  -8.181  -21.068 0.5714285970
59650  -29.968  -7.769  -20.695 0.5714285970
59666  -37.473  -7.954  -22.920 0.1428571492
59668  -36.127  -7.355  -24.338 0.4285714328
59671  -37.862  -7.241  -23.265 0.2857142985
60643  -30.905  -6.611  -16.976 0.2857142985
60646  -33.163  -6.465  -16.727 0.2857142985
60658  -33.817  -6.505  -17.360 0.2857142985
60701  -27.958  -6.902  -20.593 0.2857142985
60705  -36.336  -7.292  -20.528 0.2857142985
60719  -38.397  -7.147  -21.539 0.1428571492
60729  -28.885  -6.453  -22.902 0.7142857313
60734  -28.722  -5.936  -23.593 0.7142857313
60737  -37.644  -6.794  -24.000 0.2857142985
60738  -28.697  -5.562  -24.132 0.7142857313
60744  -37.075  -6.180  -25.441 0.4285714328
61741  -35.681  -5.118  -13.966 0.1428571492
61781  -31.615  -5.833  -18.424 0.5714285970
61801  -27.427  -5.769  -20.153 0.1428571492
61821  -28.351  -6.153  -21.500 0.4285714328
61823  -32.244  -4.698  -19.807 0.7142857313
61825  -35.435  -5.735  -20.596 0.4285714328
61844  -27.402  -5.773  -23.492 0.7142857313
61847  -31.219  -5.443  -22.643 0.8571428657
61851  -38.363  -6.462  -21.976 0.1428571492
61857  -27.881  -5.323  -23.648 0.5714285970
61859  -30.094  -5.732  -23.873 0.5714285970
61864  -28.428  -5.271  -24.314 0.7142857313
61865  -29.021  -5.349  -24.705 0.7142857313
61870  -37.618  -6.025  -24.815 0.4285714328
61877  -36.543  -5.510  -25.965 0.4285714328
62847  -36.285  -4.859  -16.376 0.1428571492
62890  -33.500  -4.477  -20.741 0.7142857313
62899  -32.675  -4.428  -21.976 0.7142857313
62911  -27.435  -5.650  -23.515 0.5714285970
62912  -27.831  -4.949  -23.190 0.5714285970
62927  -31.444  -4.804  -23.977 0.7142857313
62933  -28.313  -4.913  -24.312 0.7142857313
62935  -30.347  -4.780  -24.708 0.7142857313
62942  -30.233  -4.322  -24.871 0.8571428657
62944  -31.686  -3.884  -24.813 0.7142857313
62947  -35.999  -5.046  -26.981 0.4285714328
62948  -36.321  -5.014  -26.862 0.4285714328
62950  -35.733  -4.391  -26.976 0.4285714328
62951  -35.981  -4.040  -27.151 0.5714285970
63982  -36.557  -3.786  -22.831 0.2857142985
63991  -28.262  -4.089  -23.564 0.5714285970
64005  -35.154  -3.758  -26.389 0.5714285970
64006  -35.954  -3.293  -26.502 0.5714285970
64924  -28.357  -2.949  -21.316 0.1428571492
64943  -28.882  -2.312  -23.351 0.5714285970
64952  -28.730  -3.165  -23.802 0.5714285970
64956  -36.195  -2.669  -26.149 0.4285714328
65913  -27.823  -1.553  -20.628 0.1428571492
65967  -35.600  -1.119  -25.745 0.4285714328
67871  -25.918  -0.037  -21.105 0.1428571492
67882  -25.579  0.640  -21.303 0.1428571492
67884  -27.300  0.093  -20.707 0.1428571492
67896  -29.443  0.642  -22.992 0.4285714328
67929  -27.023  -1.385  -27.576 0.8571428657
67930  -27.005  -2.176  -26.658 1.0000000000
67931  -33.365  0.976  -26.980 0.2857142985
68899  -26.978  1.470  -20.588 0.1428571492
68948  -27.554  1.231  -29.047 0.8571428657
68949  -27.373  0.213  -28.183 0.8571428657
69917  -28.333  2.445  -21.597 0.2857142985
69928  -29.589  2.396  -22.961 0.2857142985
70930  -25.468  3.209  -21.384 0.2857142985
70944  -27.851  3.653  -21.605 0.2857142985
70945  -28.394  3.056  -22.173 0.2857142985
71960  -28.125  4.613  -21.793 0.5714285970
71975  -25.129  4.498  -21.481 0.2857142985
71990  -22.278  4.419  -23.954 0.1428571492
73958  -26.121  6.842  -21.582 0.1428571492
73975  -29.023  6.292  -22.647 0.8571428657
75053  -29.085  7.730  -22.436 0.8571428657
76097  -28.582  8.363  -22.170 0.5714285970
77098  -29.439  9.447  -23.484 0.7142857313
77971  -28.720  9.852  -22.605 0.8571428657
78809  -29.079  11.671  -24.018 0.4285714328
78825  -30.087  11.746  -25.402 0.2857142985
78831  -29.680  11.109  -25.843 0.2857142985
80521  -29.604  13.675  -26.205 0.2857142985
82219  -27.837  15.404  -27.007 0.2857142985
83152  -26.069  17.400  -29.486 0.1428571492
84102  -26.681  17.701  -32.850 0.1428571492
84110  -26.728  18.722  -34.096 0.1428571492
84111  -27.961  18.768  -34.243 0.1428571492
117451  -27.556  -0.608  -28.479 0.8571428657
117455  -27.401  2.675  -29.642 0.7142857313
117470  -30.404  3.961  -26.842 0.2857142985
118195  -29.493  2.306  -24.833 0.8571428657
118247  -28.804  -4.310  -24.598 0.5714285970
118519  -27.759  -1.307  -28.657 0.7142857313
119221  -36.487  -8.539  -19.436 0.1428571492
119597  -29.259  9.792  -25.845 0.4285714328
121538  -29.213  16.878  -32.608 0.1428571492
121610  -34.788  -5.170  -20.264 0.5714285970
125286  -28.704  15.809  -29.186 0.1428571492
125774  -36.414  -8.759  -21.577 0.2857142985
125825  -29.797  -7.409  -18.427 0.5714285970
126566  -29.891  2.111  -28.986 0.5714285970
127651  -30.465  12.579  -27.167 0.2857142985
128986  -36.947  -4.332  -23.306 0.4285714328
129581  -28.142  1.766  -29.717 0.4285714328
130599  -35.536  -0.884  -24.863 0.4285714328
130670  -27.741  6.256  -21.650 0.4285714328
130816  -38.279  -5.935  -20.175 0.1428571492
130964  -29.456  -1.117  -23.858 0.5714285970
130993  -29.614  2.928  -24.093 0.7142857313
132175  -27.121  19.332  -34.735 0.1428571492
132228  -26.381  2.059  -20.780 0.1428571492
132564  -29.450  7.004  -22.830 0.7142857313
136762  -36.278  -9.093  -16.946 0.1428571492
137043  -32.748  -4.308  -21.229 0.7142857313
137247  -27.982  -1.847  -28.620 1.0000000000
137486  -27.178  -3.076  -26.810 1.0000000000
138923  -34.727  -4.705  -24.921 0.7142857313
139160  -34.357  -6.958  -17.238 0.2857142985
140609  -25.563  15.946  -24.743 0.1428571492
140636  -39.986  -9.190  -18.384 0.1428571492
141133  -33.038  -5.675  -18.045 0.4285714328
142420  -36.544  -8.836  -19.062 0.1428571492
