#!ascii label  , from subject sub_0001 vox2ras=TkReg
453
59607  -30.154  -7.138  -17.327 0.0000000000
60715  -29.311  -6.882  -22.007 0.0000000000
72954  -28.252  5.530  -21.960 0.0000000000
68940  -28.992  0.501  -25.826 0.0000000000
64960  -32.661  -2.006  -25.270 0.0000000000
60736  -35.637  -7.052  -24.246 0.0000000000
75039  -26.385  7.654  -21.376 0.0000000000
66943  -29.565  -1.537  -25.168 0.0000000000
63998  -29.032  -3.324  -24.373 0.0000000000
60695  -30.235  -6.658  -19.824 0.0000000000
62915  -33.449  -4.251  -22.612 0.0000000000
62874  -34.043  -4.677  -19.973 0.0000000000
55274  -24.696  -12.018  -13.808 0.0000000000
57512  -27.288  -9.766  -17.920 0.0000000000
79651  -26.127  12.561  -24.202 0.0000000000
132000  -28.493  11.654  -23.269 0.0000000000
77096  -29.223  9.291  -22.879 0.0000000000
75068  -29.331  7.226  -24.299 0.0000000000
117473  -28.419  5.142  -26.361 0.0000000000
70955  -29.633  3.347  -23.254 0.0000000000
117456  -27.321  3.271  -28.365 0.0000000000
117449  -29.033  0.439  -29.469 0.0000000000
66955  -32.646  0.507  -27.301 0.0000000000
65959  -35.492  -0.810  -25.492 0.0000000000
62936  -31.248  -4.450  -24.465 0.0000000000
62946  -35.021  -4.168  -26.186 0.0000000000
65937  -29.134  -1.600  -22.721 0.0000000000
64930  -28.607  -2.897  -21.986 0.0000000000
60676  -30.276  -6.658  -18.819 0.0000000000
61803  -31.654  -5.236  -19.295 0.0000000000
61782  -32.443  -5.415  -18.497 0.0000000000
51830  -25.039  -14.846  -10.370 0.0000000000
136490  -25.340  -14.083  -10.612 0.0000000000
54062  -25.256  -12.779  -11.729 0.0000000000
57526  -27.185  -9.300  -18.801 0.0000000000
118796  -26.335  -9.479  -17.309 0.0000000000
138121  -28.760  10.564  -22.771 0.0000000000
128275  -26.969  6.293  -21.249 0.0000000000
132769  -28.744  6.996  -22.309 0.0000000000
143142  -29.345  6.254  -23.086 0.0000000000
74004  -28.771  6.640  -25.255 0.0000000000
72978  -29.535  5.114  -23.615 0.0000000000
141594  -29.241  1.657  -25.537 0.0000000000
118136  -28.146  2.891  -26.235 0.0000000000
138890  -27.405  1.480  -28.045 0.0000000000
118323  -27.848  1.581  -29.660 0.0000000000
66952  -27.174  -2.098  -27.995 0.0000000000
66944  -31.123  -1.070  -25.461 0.0000000000
124659  -30.643  -0.805  -27.178 0.0000000000
66945  -32.619  -0.756  -25.859 0.0000000000
66946  -34.319  -0.025  -25.974 0.0000000000
132246  -34.755  -0.848  -25.700 0.0000000000
131092  -28.195  -5.824  -22.447 0.0000000000
60733  -28.163  -5.517  -23.723 0.0000000000
60735  -29.497  -6.237  -23.446 0.0000000000
61848  -34.945  -5.070  -22.995 0.0000000000
123787  -34.243  -4.337  -24.486 0.0000000000
61875  -35.935  -5.615  -25.945 0.0000000000
126133  -36.555  -4.316  -26.677 0.0000000000
137926  -37.212  -5.576  -25.494 0.0000000000
55276  -26.088  -11.104  -13.500 0.0000000000
55290  -25.038  -11.651  -14.554 0.0000000000
56390  -26.976  -10.112  -14.747 0.0000000000
135503  -27.219  -9.792  -15.355 0.0000000000
66928  -29.382  -0.253  -23.451 0.0000000000
141672  -27.981  -2.132  -26.273 0.0000000000
66938  -29.336  -1.504  -24.484 0.0000000000
65958  -29.659  -1.886  -24.634 0.0000000000
64958  -30.383  -2.476  -24.662 0.0000000000
59660  -29.645  -7.422  -21.233 0.0000000000
61832  -30.701  -6.130  -22.210 0.0000000000
142578  -31.563  -5.053  -20.537 0.0000000000
62901  -34.276  -4.771  -21.384 0.0000000000
61835  -35.516  -5.885  -21.591 0.0000000000
54086  -25.486  -12.112  -12.237 0.0000000000
59635  -27.563  -8.333  -20.595 0.0000000000
134862  -28.348  -9.308  -21.022 0.0000000000
58583  -28.733  -8.808  -19.238 0.0000000000
58570  -28.806  -8.425  -17.942 0.0000000000
140228  -26.043  13.280  -24.561 0.0000000000
78802  -25.178  11.335  -23.568 0.0000000000
78807  -26.557  12.115  -23.593 0.0000000000
139620  -29.750  11.663  -24.480 0.0000000000
77979  -29.580  10.406  -24.592 0.0000000000
77108  -29.495  9.679  -25.184 0.0000000000
76089  -27.764  8.388  -21.778 0.0000000000
76105  -29.565  8.643  -23.259 0.0000000000
76119  -28.709  8.294  -25.403 0.0000000000
76128  -28.193  7.666  -25.959 0.0000000000
74011  -27.772  6.183  -27.149 0.0000000000
134245  -27.635  5.465  -27.522 0.0000000000
71978  -29.407  4.083  -22.744 0.0000000000
118103  -29.271  4.112  -25.187 0.0000000000
118163  -27.888  4.365  -26.829 0.0000000000
118254  -26.901  4.880  -29.788 0.0000000000
134381  -27.293  3.430  -30.092 0.0000000000
69965  -30.887  2.239  -28.108 0.0000000000
118049  -27.982  -2.570  -28.165 0.0000000000
117454  -30.134  0.472  -28.211 0.0000000000
63980  -28.267  -3.981  -22.546 0.0000000000
64001  -29.502  -4.293  -24.885 0.0000000000
127803  -32.012  -3.250  -25.148 0.0000000000
62928  -32.225  -4.312  -23.805 0.0000000000
62938  -33.547  -3.996  -25.019 0.0000000000
64003  -33.328  -3.009  -25.571 0.0000000000
64964  -35.479  -2.995  -26.288 0.0000000000
64955  -36.368  -2.133  -25.591 0.0000000000
56421  -26.568  -9.881  -16.523 0.0000000000
57498  -27.778  -9.206  -16.552 0.0000000000
58551  -29.139  -8.083  -16.778 0.0000000000
60655  -30.583  -6.685  -17.881 0.0000000000
60677  -30.960  -6.283  -18.343 0.0000000000
60656  -31.519  -6.223  -17.598 0.0000000000
61770  -32.366  -5.864  -17.841 0.0000000000
51812  -25.711  -15.141  -9.781 0.0000000000
51831  -26.007  -14.369  -10.211 0.0000000000
73974  -28.427  6.288  -22.153 0.0000000000
72966  -28.793  5.704  -22.414 0.0000000000
128301  -29.369  5.865  -23.663 0.0000000000
72967  -29.291  5.553  -22.885 0.0000000000
68937  -29.596  1.222  -24.649 0.0000000000
68924  -29.681  1.418  -23.447 0.0000000000
69956  -28.345  1.512  -26.708 0.0000000000
68944  -27.582  0.287  -27.532 0.0000000000
68945  -27.779  -0.527  -26.839 0.0000000000
65965  -32.037  -1.430  -25.353 0.0000000000
65966  -33.484  -0.902  -25.522 0.0000000000
64961  -33.928  -1.783  -25.536 0.0000000000
60714  -28.730  -6.661  -22.110 0.0000000000
142597  -28.407  -6.231  -22.693 0.0000000000
60730  -29.808  -6.548  -22.656 0.0000000000
61862  -35.193  -6.237  -23.815 0.0000000000
61869  -35.459  -6.087  -24.858 0.0000000000
60739  -36.138  -6.688  -24.986 0.0000000000
60743  -36.406  -6.043  -25.698 0.0000000000
60740  -36.691  -6.665  -25.146 0.0000000000
60741  -37.186  -6.789  -24.841 0.0000000000
59672  -36.601  -7.192  -24.620 0.0000000000
56368  -26.692  -10.566  -13.835 0.0000000000
66937  -29.360  -0.711  -24.252 0.0000000000
130967  -29.314  -0.873  -23.028 0.0000000000
64953  -29.036  -2.391  -24.040 0.0000000000
65957  -29.306  -1.802  -24.237 0.0000000000
64954  -29.440  -2.450  -24.449 0.0000000000
137060  -29.673  -3.258  -24.641 0.0000000000
60703  -30.276  -6.751  -20.871 0.0000000000
61822  -30.790  -5.939  -21.182 0.0000000000
61802  -30.825  -5.853  -20.107 0.0000000000
62873  -33.096  -4.527  -19.833 0.0000000000
62889  -32.460  -4.434  -20.549 0.0000000000
141266  -34.334  -4.808  -20.677 0.0000000000
61834  -34.922  -5.253  -21.971 0.0000000000
61824  -34.882  -5.285  -21.072 0.0000000000
60704  -35.906  -6.604  -21.097 0.0000000000
61807  -35.263  -5.546  -19.821 0.0000000000
50697  -24.356  -15.587  -10.298 0.0000000000
50683  -23.716  -16.242  -10.161 0.0000000000
54087  -26.292  -11.789  -11.954 0.0000000000
58595  -27.870  -9.146  -21.144 0.0000000000
142918  -27.403  -9.566  -18.475 0.0000000000
58582  -28.058  -9.360  -19.459 0.0000000000
57528  -27.649  -9.489  -18.490 0.0000000000
123579  -29.217  -8.093  -18.506 0.0000000000
58569  -28.147  -9.161  -18.364 0.0000000000
124003  -25.278  12.487  -24.198 0.0000000000
79659  -26.987  12.982  -24.679 0.0000000000
121668  -27.174  11.067  -22.684 0.0000000000
78803  -26.330  11.709  -23.083 0.0000000000
78808  -27.466  11.877  -23.157 0.0000000000
79653  -28.113  12.044  -23.953 0.0000000000
78814  -29.557  12.253  -24.595 0.0000000000
77972  -29.203  10.131  -22.997 0.0000000000
77975  -29.053  10.999  -23.250 0.0000000000
77976  -29.325  10.291  -23.746 0.0000000000
77100  -29.523  9.584  -24.357 0.0000000000
75040  -27.421  7.702  -21.582 0.0000000000
139046  -29.598  7.342  -23.437 0.0000000000
75054  -29.571  7.860  -22.991 0.0000000000
75063  -29.670  8.003  -23.723 0.0000000000
118808  -29.430  8.917  -24.914 0.0000000000
126898  -29.302  8.137  -24.571 0.0000000000
140528  -28.293  8.297  -26.001 0.0000000000
75079  -28.703  7.510  -25.254 0.0000000000
118152  -28.953  5.754  -25.383 0.0000000000
74003  -28.227  6.047  -26.239 0.0000000000
142699  -29.643  2.720  -23.467 0.0000000000
70946  -29.181  3.188  -22.658 0.0000000000
71991  -29.696  4.282  -23.431 0.0000000000
118144  -29.665  3.742  -24.226 0.0000000000
117459  -27.499  2.572  -27.484 0.0000000000
117465  -28.333  3.746  -25.913 0.0000000000
134244  -27.632  3.511  -27.102 0.0000000000
117691  -27.272  4.164  -28.728 0.0000000000
117457  -27.424  4.030  -29.992 0.0000000000
118015  -27.037  3.410  -29.687 0.0000000000
117965  -28.345  0.761  -29.972 0.0000000000
117463  -28.274  2.399  -29.666 0.0000000000
117458  -29.022  1.544  -29.741 0.0000000000
117464  -30.101  2.668  -28.634 0.0000000000
117448  -30.019  1.467  -28.730 0.0000000000
66947  -28.365  -2.077  -26.204 0.0000000000
118263  -27.230  -3.241  -27.757 0.0000000000
131801  -28.246  -2.858  -27.345 0.0000000000
66954  -31.878  -0.272  -27.276 0.0000000000
117453  -30.365  -0.414  -27.610 0.0000000000
67933  -31.591  0.575  -27.592 0.0000000000
68950  -31.263  1.501  -27.809 0.0000000000
68951  -32.638  1.583  -27.310 0.0000000000
128711  -35.008  -0.395  -25.543 0.0000000000
66939  -35.180  -0.314  -24.930 0.0000000000
63973  -28.379  -3.876  -21.411 0.0000000000
61866  -29.775  -5.335  -24.551 0.0000000000
62934  -28.871  -4.965  -24.848 0.0000000000
62941  -29.550  -4.920  -24.914 0.0000000000
64002  -31.031  -3.799  -24.863 0.0000000000
62943  -30.880  -4.245  -24.737 0.0000000000
62898  -31.937  -4.704  -22.254 0.0000000000
62913  -31.710  -4.731  -23.160 0.0000000000
62914  -32.576  -4.245  -22.888 0.0000000000
62939  -34.707  -4.382  -25.535 0.0000000000
121423  -34.168  -3.878  -25.596 0.0000000000
62945  -33.023  -3.630  -25.174 0.0000000000
64004  -34.240  -3.650  -25.840 0.0000000000
132480  -34.534  -2.923  -26.022 0.0000000000
64008  -35.702  -3.812  -26.772 0.0000000000
131888  -37.035  -4.154  -25.350 0.0000000000
63999  -36.589  -3.273  -26.045 0.0000000000
63992  -36.623  -3.109  -24.794 0.0000000000
57476  -27.736  -9.384  -15.490 0.0000000000
57475  -27.168  -9.723  -16.177 0.0000000000
58533  -28.402  -8.811  -15.534 0.0000000000
58550  -28.548  -8.579  -16.328 0.0000000000
58534  -29.213  -8.167  -15.579 0.0000000000
64931  -28.863  -2.312  -22.566 0.0000000000
64942  -28.611  -3.104  -22.981 0.0000000000
59637  -29.818  -7.539  -19.634 0.0000000000
60696  -30.826  -5.986  -19.091 0.0000000000
61804  -32.709  -4.866  -19.110 0.0000000000
61805  -33.682  -4.911  -19.207 0.0000000000
61806  -34.569  -5.222  -19.484 0.0000000000
61783  -33.343  -5.322  -18.546 0.0000000000
60678  -33.862  -5.957  -18.022 0.0000000000
50698  -25.056  -15.557  -9.927 0.0000000000
54061  -24.500  -13.248  -11.775 0.0000000000
52966  -25.141  -13.512  -11.147 0.0000000000
52946  -25.924  -13.622  -10.680 0.0000000000
58580  -26.914  -8.724  -18.931 0.0000000000
58568  -26.595  -9.113  -18.109 0.0000000000
57511  -27.036  -9.746  -18.047 0.0000000000
79645  -24.786  11.990  -24.127 0.0000000000
78804  -28.268  11.185  -22.791 0.0000000000
77970  -28.043  10.406  -22.459 0.0000000000
77094  -27.985  9.589  -22.208 0.0000000000
73960  -28.015  6.983  -21.795 0.0000000000
73988  -29.460  6.638  -23.593 0.0000000000
73995  -29.218  6.261  -24.448 0.0000000000
117476  -29.419  5.440  -24.550 0.0000000000
117475  -29.120  3.173  -25.146 0.0000000000
117472  -28.898  2.392  -25.671 0.0000000000
117943  -27.103  2.486  -28.868 0.0000000000
117450  -27.932  0.222  -29.432 0.0000000000
118187  -28.303  -0.355  -29.035 0.0000000000
66948  -29.679  -1.002  -26.417 0.0000000000
66949  -31.688  -0.695  -26.613 0.0000000000
66950  -33.062  -0.173  -27.008 0.0000000000
66951  -33.826  0.426  -26.590 0.0000000000
129819  -33.686  -0.264  -26.244 0.0000000000
61845  -27.772  -5.453  -23.215 0.0000000000
60728  -28.113  -5.855  -23.083 0.0000000000
61858  -29.258  -5.724  -24.087 0.0000000000
61867  -30.625  -5.136  -24.231 0.0000000000
62916  -34.254  -4.654  -22.286 0.0000000000
62929  -34.280  -4.359  -23.325 0.0000000000
61861  -34.889  -5.004  -24.219 0.0000000000
61868  -35.233  -5.094  -25.385 0.0000000000
61874  -35.544  -4.790  -26.372 0.0000000000
135029  -36.148  -4.501  -27.203 0.0000000000
61876  -36.213  -5.316  -26.347 0.0000000000
62949  -36.832  -4.934  -25.938 0.0000000000
62940  -37.409  -5.158  -25.097 0.0000000000
62930  -37.262  -4.654  -24.222 0.0000000000
136168  -37.585  -5.388  -24.253 0.0000000000
55275  -25.431  -11.522  -13.625 0.0000000000
55291  -25.824  -11.101  -14.299 0.0000000000
56389  -26.236  -10.599  -14.950 0.0000000000
56408  -26.647  -10.093  -15.630 0.0000000000
57458  -27.632  -9.648  -14.689 0.0000000000
67910  -29.547  0.374  -23.959 0.0000000000
67922  -29.053  -0.280  -24.873 0.0000000000
67925  -28.699  -1.068  -26.203 0.0000000000
66942  -28.948  -1.348  -25.375 0.0000000000
65947  -29.247  -1.614  -23.622 0.0000000000
65964  -30.745  -1.640  -24.880 0.0000000000
64959  -31.493  -2.183  -24.966 0.0000000000
59648  -29.011  -7.697  -21.208 0.0000000000
60716  -30.098  -6.662  -21.758 0.0000000000
61833  -31.417  -5.339  -21.681 0.0000000000
62888  -32.052  -4.550  -21.341 0.0000000000
62900  -33.473  -4.471  -21.682 0.0000000000
61849  -35.423  -5.956  -22.630 0.0000000000
60731  -35.549  -7.127  -23.322 0.0000000000
59665  -35.947  -7.622  -23.699 0.0000000000
60717  -35.710  -6.926  -22.198 0.0000000000
121433  -35.239  -5.753  -19.103 0.0000000000
49500  -23.878  -16.908  -9.669 0.0000000000
122130  -24.421  -12.350  -13.230 0.0000000000
54085  -24.609  -12.603  -12.482 0.0000000000
55256  -25.040  -11.909  -12.952 0.0000000000
55257  -25.923  -11.460  -12.766 0.0000000000
55258  -26.746  -11.166  -12.372 0.0000000000
59649  -29.378  -8.453  -21.023 0.0000000000
59636  -29.544  -8.528  -20.469 0.0000000000
138295  -27.824  -9.395  -20.521 0.0000000000
58596  -28.600  -9.300  -20.401 0.0000000000
59624  -29.387  -8.265  -19.448 0.0000000000
59606  -29.490  -7.754  -17.599 0.0000000000
80490  -25.308  13.194  -24.332 0.0000000000
78801  -24.248  11.320  -23.876 0.0000000000
79646  -25.691  12.013  -23.750 0.0000000000
79652  -27.126  12.305  -24.042 0.0000000000
132457  -27.785  12.538  -24.366 0.0000000000
78810  -29.559  11.071  -24.084 0.0000000000
78824  -29.944  11.282  -24.860 0.0000000000
77987  -29.572  10.470  -25.437 0.0000000000
77995  -29.443  10.263  -26.264 0.0000000000
77116  -29.113  9.390  -26.544 0.0000000000
77089  -28.060  8.901  -22.095 0.0000000000
77095  -28.657  9.070  -22.453 0.0000000000
75041  -28.347  7.689  -21.913 0.0000000000
76098  -29.202  8.491  -22.679 0.0000000000
76111  -29.691  8.780  -24.049 0.0000000000
76129  -28.875  8.988  -25.779 0.0000000000
77115  -28.609  8.515  -26.682 0.0000000000
124904  -28.240  7.661  -26.788 0.0000000000
75078  -28.192  6.870  -26.065 0.0000000000
140672  -27.442  4.419  -21.275 0.0000000000
124742  -28.961  4.882  -22.378 0.0000000000
128510  -29.517  4.778  -22.909 0.0000000000
122762  -29.608  4.609  -24.444 0.0000000000
117477  -29.309  4.932  -25.428 0.0000000000
124806  -28.709  4.537  -25.857 0.0000000000
117872  -27.636  4.811  -27.661 0.0000000000
117783  -26.946  4.760  -28.845 0.0000000000
133117  -27.648  2.647  -29.839 0.0000000000
117462  -27.906  3.396  -30.009 0.0000000000
118026  -29.404  3.385  -28.840 0.0000000000
69957  -30.728  2.990  -28.000 0.0000000000
118391  -26.764  -2.888  -27.565 0.0000000000
117452  -27.269  -2.777  -28.250 0.0000000000
139355  -28.863  -1.044  -28.528 0.0000000000
66953  -29.235  -1.711  -27.668 0.0000000000
67927  -34.091  0.656  -26.139 0.0000000000
63997  -28.595  -3.889  -24.169 0.0000000000
62926  -27.955  -4.908  -23.705 0.0000000000
132285  -28.324  -4.446  -24.144 0.0000000000
141409  -29.226  -3.837  -24.695 0.0000000000
121652  -30.354  -3.644  -24.859 0.0000000000
140741  -31.088  -3.175  -24.926 0.0000000000
61846  -30.441  -6.093  -23.112 0.0000000000
61860  -30.920  -5.344  -23.499 0.0000000000
142630  -31.778  -4.420  -24.279 0.0000000000
137202  -33.285  -4.018  -23.787 0.0000000000
62937  -32.287  -4.030  -24.578 0.0000000000
64962  -35.177  -1.872  -25.943 0.0000000000
64963  -35.988  -2.014  -26.093 0.0000000000
64007  -36.220  -3.733  -26.820 0.0000000000
142515  -36.187  -1.849  -25.961 0.0000000000
65960  -36.035  -1.304  -25.781 0.0000000000
57496  -26.363  -9.762  -16.793 0.0000000000
129386  -26.930  -9.805  -17.399 0.0000000000
57497  -27.177  -9.738  -17.191 0.0000000000
57513  -27.640  -9.528  -17.716 0.0000000000
126565  -28.296  -8.802  -17.277 0.0000000000
121042  -29.808  -7.501  -16.824 0.0000000000
57527  -27.596  -9.408  -19.286 0.0000000000
58597  -29.218  -9.005  -20.214 0.0000000000
58610  -28.609  -8.936  -21.159 0.0000000000
58611  -29.033  -9.106  -20.869 0.0000000000
59647  -28.246  -8.181  -21.068 0.0000000000
59650  -29.968  -7.769  -20.695 0.0000000000
59668  -36.127  -7.355  -24.338 0.0000000000
60697  -35.933  -6.241  -19.880 0.0000000000
60729  -28.885  -6.453  -22.902 0.0000000000
60734  -28.722  -5.936  -23.593 0.0000000000
60738  -28.697  -5.562  -24.132 0.0000000000
60744  -37.075  -6.180  -25.441 0.0000000000
61781  -31.615  -5.833  -18.424 0.0000000000
61821  -28.351  -6.153  -21.500 0.0000000000
61823  -32.244  -4.698  -19.807 0.0000000000
61825  -35.435  -5.735  -20.596 0.0000000000
61844  -27.402  -5.773  -23.492 0.0000000000
61847  -31.219  -5.443  -22.643 0.0000000000
61857  -27.881  -5.323  -23.648 0.0000000000
61859  -30.094  -5.732  -23.873 0.0000000000
61864  -28.428  -5.271  -24.314 0.0000000000
61865  -29.021  -5.349  -24.705 0.0000000000
61870  -37.618  -6.025  -24.815 0.0000000000
61877  -36.543  -5.510  -25.965 0.0000000000
62890  -33.500  -4.477  -20.741 0.0000000000
62899  -32.675  -4.428  -21.976 0.0000000000
62911  -27.435  -5.650  -23.515 0.0000000000
62912  -27.831  -4.949  -23.190 0.0000000000
62927  -31.444  -4.804  -23.977 0.0000000000
62933  -28.313  -4.913  -24.312 0.0000000000
62935  -30.347  -4.780  -24.708 0.0000000000
62942  -30.233  -4.322  -24.871 0.0000000000
62944  -31.686  -3.884  -24.813 0.0000000000
62947  -35.999  -5.046  -26.981 0.0000000000
62948  -36.321  -5.014  -26.862 0.0000000000
62950  -35.733  -4.391  -26.976 0.0000000000
62951  -35.981  -4.040  -27.151 0.0000000000
63991  -28.262  -4.089  -23.564 0.0000000000
64005  -35.154  -3.758  -26.389 0.0000000000
64006  -35.954  -3.293  -26.502 0.0000000000
64943  -28.882  -2.312  -23.351 0.0000000000
64952  -28.730  -3.165  -23.802 0.0000000000
64956  -36.195  -2.669  -26.149 0.0000000000
65967  -35.600  -1.119  -25.745 0.0000000000
66920  -29.322  -0.057  -22.512 0.0000000000
67896  -29.443  0.642  -22.992 0.0000000000
67929  -27.023  -1.385  -27.576 0.0000000000
67930  -27.005  -2.176  -26.658 0.0000000000
68948  -27.554  1.231  -29.047 0.0000000000
68949  -27.373  0.213  -28.183 0.0000000000
71960  -28.125  4.613  -21.793 0.0000000000
73975  -29.023  6.292  -22.647 0.0000000000
75053  -29.085  7.730  -22.436 0.0000000000
76097  -28.582  8.363  -22.170 0.0000000000
77098  -29.439  9.447  -23.484 0.0000000000
77971  -28.720  9.852  -22.605 0.0000000000
78809  -29.079  11.671  -24.018 0.0000000000
80503  -28.187  13.178  -24.664 0.0000000000
117451  -27.556  -0.608  -28.479 0.0000000000
117455  -27.401  2.675  -29.642 0.0000000000
118195  -29.493  2.306  -24.833 0.0000000000
118247  -28.804  -4.310  -24.598 0.0000000000
118519  -27.759  -1.307  -28.657 0.0000000000
119597  -29.259  9.792  -25.845 0.0000000000
121610  -34.788  -5.170  -20.264 0.0000000000
125825  -29.797  -7.409  -18.427 0.0000000000
126566  -29.891  2.111  -28.986 0.0000000000
128986  -36.947  -4.332  -23.306 0.0000000000
129581  -28.142  1.766  -29.717 0.0000000000
130599  -35.536  -0.884  -24.863 0.0000000000
130670  -27.741  6.256  -21.650 0.0000000000
130964  -29.456  -1.117  -23.858 0.0000000000
130993  -29.614  2.928  -24.093 0.0000000000
132564  -29.450  7.004  -22.830 0.0000000000
137043  -32.748  -4.308  -21.229 0.0000000000
137247  -27.982  -1.847  -28.620 0.0000000000
137486  -27.178  -3.076  -26.810 0.0000000000
138923  -34.727  -4.705  -24.921 0.0000000000
141133  -33.038  -5.675  -18.045 0.0000000000
