#!ascii label  , from subject sub_0001 vox2ras=TkReg
1021
136461  41.760  41.546  20.776 0.0000000000
103316  46.778  46.480  20.845 0.0000000000
96029  45.836  35.027  23.684 0.0000000000
97854  36.796  38.523  19.517 0.0000000000
96619  40.641  35.918  18.681 0.0000000000
125710  46.876  41.642  15.186 0.0000000000
102052  42.503  44.893  18.869 0.0000000000
103354  47.073  46.071  13.309 0.0000000000
141669  40.528  31.606  23.853 0.0000000000
132445  40.502  28.954  18.974 0.0000000000
101313  47.762  42.989  22.001 0.0000000000
97820  44.925  39.152  24.341 0.0000000000
100543  47.341  42.067  29.001 0.0000000000
97152  42.233  38.079  26.458 0.0000000000
121595  46.361  45.064  11.506 0.0000000000
101372  49.770  42.261  14.812 0.0000000000
122305  45.065  33.608  16.969 0.0000000000
99169  39.358  40.660  20.478 0.0000000000
97215  38.348  37.150  19.916 0.0000000000
97836  40.623  38.472  21.618 0.0000000000
100653  44.331  42.168  17.583 0.0000000000
121144  40.759  41.558  17.796 0.0000000000
119924  41.894  45.738  15.185 0.0000000000
92695  40.969  30.280  25.930 0.0000000000
92099  41.939  28.134  22.889 0.0000000000
92075  46.032  29.166  24.824 0.0000000000
98607  45.787  39.224  8.902 0.0000000000
102003  48.468  44.347  21.973 0.0000000000
129388  47.232  43.444  25.902 0.0000000000
102628  45.816  45.320  25.445 0.0000000000
135492  39.058  42.481  25.792 0.0000000000
99821  42.031  41.819  27.429 0.0000000000
98427  40.176  39.724  26.327 0.0000000000
120247  40.256  36.741  25.711 0.0000000000
102065  46.592  45.150  17.725 0.0000000000
102097  48.940  44.172  14.418 0.0000000000
102062  48.911  44.454  18.136 0.0000000000
100637  50.000  41.745  18.870 0.0000000000
97178  48.541  36.910  24.418 0.0000000000
96581  46.180  36.168  20.060 0.0000000000
95545  46.866  35.118  20.437 0.0000000000
95022  38.319  34.060  18.444 0.0000000000
95035  40.099  33.134  17.709 0.0000000000
98555  48.223  38.526  13.086 0.0000000000
127659  43.952  40.399  12.264 0.0000000000
122905  44.241  45.417  19.993 0.0000000000
102661  43.796  45.528  23.707 0.0000000000
105900  45.882  51.404  11.736 0.0000000000
104832  48.239  49.666  10.171 0.0000000000
102749  44.354  45.243  16.377 0.0000000000
95533  42.875  33.949  23.277 0.0000000000
95000  43.123  33.164  20.624 0.0000000000
93291  40.178  30.626  21.721 0.0000000000
91424  43.359  28.024  20.141 0.0000000000
100604  44.617  42.994  21.711 0.0000000000
99149  42.623  40.680  23.665 0.0000000000
100580  44.763  43.075  24.880 0.0000000000
98425  46.923  39.793  27.403 0.0000000000
97141  48.112  37.712  27.902 0.0000000000
101939  43.556  44.327  27.307 0.0000000000
98419  44.460  39.140  28.051 0.0000000000
96535  45.020  36.601  25.596 0.0000000000
96018  41.430  35.509  24.016 0.0000000000
139929  40.491  33.305  25.071 0.0000000000
100708  43.584  42.336  10.518 0.0000000000
100027  47.733  40.668  10.462 0.0000000000
101392  50.144  43.239  11.104 0.0000000000
99241  50.292  39.314  12.829 0.0000000000
99947  49.440  40.362  15.951 0.0000000000
100640  47.506  42.720  18.795 0.0000000000
97204  43.186  37.575  21.548 0.0000000000
96081  43.143  35.159  17.507 0.0000000000
93867  43.113  32.489  15.214 0.0000000000
132956  43.350  31.771  17.419 0.0000000000
99168  40.053  40.935  20.777 0.0000000000
98475  39.950  39.739  21.373 0.0000000000
99872  40.988  40.781  21.829 0.0000000000
100627  43.008  41.970  19.975 0.0000000000
99908  42.247  41.641  17.690 0.0000000000
99887  41.510  41.596  19.036 0.0000000000
99889  39.514  41.340  19.147 0.0000000000
130978  43.056  29.405  27.224 0.0000000000
118081  42.813  28.478  25.321 0.0000000000
92066  44.730  28.768  26.190 0.0000000000
93324  38.278  30.877  15.867 0.0000000000
102682  47.404  45.853  22.073 0.0000000000
102642  47.478  45.112  24.197 0.0000000000
103284  46.466  46.152  23.220 0.0000000000
120546  38.402  41.152  25.760 0.0000000000
99125  39.239  40.861  26.013 0.0000000000
102724  47.021  46.065  18.973 0.0000000000
132939  47.468  44.745  17.542 0.0000000000
122000  47.458  45.922  19.350 0.0000000000
130064  49.028  44.539  19.988 0.0000000000
96016  48.003  35.740  24.493 0.0000000000
96037  48.156  35.942  21.822 0.0000000000
95538  46.692  35.106  21.739 0.0000000000
128332  36.306  37.042  19.573 0.0000000000
97225  37.067  36.909  19.557 0.0000000000
96058  39.129  35.934  19.340 0.0000000000
96059  38.291  35.672  19.287 0.0000000000
96074  39.483  35.234  18.380 0.0000000000
95021  39.266  33.929  18.088 0.0000000000
95572  40.269  35.010  17.894 0.0000000000
99984  47.226  40.711  14.163 0.0000000000
98557  45.723  39.684  12.171 0.0000000000
120555  45.065  41.398  13.525 0.0000000000
99178  37.295  40.106  19.203 0.0000000000
98492  36.060  38.906  19.049 0.0000000000
102715  43.319  45.139  19.041 0.0000000000
102024  43.339  44.938  21.092 0.0000000000
132874  41.789  44.533  21.100 0.0000000000
102740  42.533  45.269  17.062 0.0000000000
102760  43.058  45.538  15.592 0.0000000000
102739  43.350  45.447  17.044 0.0000000000
102738  44.995  45.649  18.074 0.0000000000
94992  41.132  32.401  23.155 0.0000000000
94400  41.480  32.348  22.482 0.0000000000
130943  40.308  31.213  22.500 0.0000000000
92097  44.251  28.507  22.288 0.0000000000
92109  42.233  28.266  21.551 0.0000000000
92119  43.893  28.200  20.922 0.0000000000
117697  45.692  43.189  21.882 0.0000000000
101287  45.046  43.400  23.309 0.0000000000
129102  46.324  43.391  23.502 0.0000000000
100562  47.036  42.680  27.573 0.0000000000
100563  46.669  42.276  27.164 0.0000000000
99818  47.371  41.320  28.364 0.0000000000
97779  47.976  38.334  28.266 0.0000000000
98411  47.660  39.500  29.029 0.0000000000
102647  42.703  45.287  24.903 0.0000000000
102616  43.720  45.358  26.118 0.0000000000
119657  42.391  44.220  26.847 0.0000000000
133934  41.707  39.746  26.984 0.0000000000
126605  42.831  41.237  27.715 0.0000000000
137571  43.225  39.203  27.529 0.0000000000
97789  44.435  38.080  27.172 0.0000000000
97151  43.336  37.790  26.550 0.0000000000
96550  43.037  36.458  24.375 0.0000000000
97180  41.898  37.226  25.394 0.0000000000
96004  39.793  35.614  25.610 0.0000000000
124266  40.232  35.152  24.942 0.0000000000
132791  45.077  43.600  11.531 0.0000000000
100028  46.107  41.411  10.602 0.0000000000
101395  47.103  43.391  11.525 0.0000000000
103906  48.065  48.108  12.272 0.0000000000
104372  48.674  48.444  10.356 0.0000000000
103893  48.695  46.857  12.354 0.0000000000
101373  49.394  43.327  15.206 0.0000000000
124604  49.797  43.835  12.540 0.0000000000
101380  49.782  42.579  13.419 0.0000000000
100014  49.855  41.317  11.694 0.0000000000
99982  50.267  40.374  14.001 0.0000000000
99222  50.092  39.723  14.691 0.0000000000
125382  50.247  40.209  16.158 0.0000000000
100624  48.867  42.540  20.406 0.0000000000
100639  48.774  42.160  18.616 0.0000000000
101337  47.950  42.776  20.398 0.0000000000
101326  46.044  43.113  20.537 0.0000000000
98454  43.471  40.022  24.347 0.0000000000
98470  42.523  39.336  23.120 0.0000000000
97192  44.077  37.829  22.144 0.0000000000
135383  45.665  35.437  18.120 0.0000000000
96599  44.478  36.335  19.161 0.0000000000
96080  44.381  35.032  17.444 0.0000000000
95033  42.656  33.595  16.940 0.0000000000
95039  44.485  32.981  15.915 0.0000000000
93829  41.122  31.236  19.398 0.0000000000
94411  43.082  32.492  18.835 0.0000000000
93295  41.236  30.856  18.575 0.0000000000
98490  37.912  39.678  19.843 0.0000000000
97216  37.513  37.682  19.762 0.0000000000
98482  38.572  39.174  20.512 0.0000000000
97214  39.797  37.361  20.505 0.0000000000
97213  40.751  37.356  20.686 0.0000000000
100664  45.509  42.240  16.554 0.0000000000
99177  38.185  40.473  19.443 0.0000000000
124078  40.367  30.314  25.085 0.0000000000
92721  40.201  29.363  23.574 0.0000000000
92078  41.910  28.300  24.642 0.0000000000
118080  44.020  28.575  24.174 0.0000000000
101312  48.508  43.173  22.078 0.0000000000
101286  47.306  43.445  24.346 0.0000000000
101284  48.042  44.061  23.927 0.0000000000
101955  47.414  44.499  25.138 0.0000000000
101937  46.042  43.934  27.331 0.0000000000
101261  40.150  43.395  26.083 0.0000000000
101253  41.873  43.526  26.860 0.0000000000
99829  40.536  41.864  26.589 0.0000000000
134227  40.559  40.266  26.540 0.0000000000
97792  40.544  38.856  26.427 0.0000000000
126579  40.683  37.483  26.095 0.0000000000
97167  40.309  38.055  26.302 0.0000000000
139325  39.510  36.847  26.058 0.0000000000
121939  38.128  36.111  26.232 0.0000000000
103384  46.584  46.522  10.790 0.0000000000
102099  46.082  44.742  14.804 0.0000000000
102768  47.715  45.413  13.518 0.0000000000
102087  47.549  44.069  15.800 0.0000000000
101356  48.519  43.968  16.395 0.0000000000
101354  50.124  42.600  17.154 0.0000000000
121614  50.318  41.666  17.748 0.0000000000
102050  49.601  43.722  18.787 0.0000000000
101323  49.293  43.015  21.060 0.0000000000
97822  47.691  37.781  24.283 0.0000000000
97191  45.596  37.477  22.363 0.0000000000
97190  47.584  36.603  21.593 0.0000000000
135170  46.757  35.308  19.748 0.0000000000
122960  45.550  34.134  18.043 0.0000000000
91451  41.510  27.546  18.309 0.0000000000
92168  40.858  28.995  17.328 0.0000000000
95024  36.653  33.277  19.013 0.0000000000
96605  37.575  36.229  19.503 0.0000000000
95575  37.628  34.583  18.942 0.0000000000
94427  37.192  32.603  18.515 0.0000000000
139346  38.283  31.973  17.977 0.0000000000
94443  38.857  32.086  17.782 0.0000000000
93870  39.273  31.292  16.235 0.0000000000
97907  47.456  37.521  11.357 0.0000000000
97909  44.117  38.733  11.122 0.0000000000
102697  45.807  46.292  20.162 0.0000000000
103295  45.450  46.236  22.505 0.0000000000
102683  44.785  45.790  21.398 0.0000000000
102675  43.088  45.083  23.150 0.0000000000
101965  41.232  44.762  24.390 0.0000000000
101966  40.369  44.520  24.620 0.0000000000
123814  38.822  43.935  25.462 0.0000000000
105352  46.684  50.673  11.352 0.0000000000
104367  47.049  49.234  12.306 0.0000000000
103369  45.687  46.773  13.454 0.0000000000
102769  45.702  45.358  14.219 0.0000000000
102078  45.050  44.996  16.424 0.0000000000
141187  45.694  45.756  18.535 0.0000000000
96030  44.474  34.837  23.556 0.0000000000
119367  44.404  34.113  22.236 0.0000000000
94990  42.843  33.095  22.626 0.0000000000
93825  40.911  31.687  20.974 0.0000000000
121963  40.374  30.161  20.214 0.0000000000
92728  40.385  29.076  22.757 0.0000000000
92122  40.952  28.861  20.760 0.0000000000
92131  41.274  28.344  19.744 0.0000000000
100618  42.979  42.017  20.804 0.0000000000
99875  42.249  41.717  21.977 0.0000000000
127991  43.345  42.574  22.808 0.0000000000
99846  43.335  41.520  24.531 0.0000000000
99124  44.217  40.745  25.407 0.0000000000
101269  46.080  43.178  25.515 0.0000000000
99123  45.003  40.739  26.175 0.0000000000
98452  45.486  39.378  25.284 0.0000000000
97818  48.154  38.076  25.461 0.0000000000
97161  48.415  36.896  25.580 0.0000000000
141395  47.316  35.739  25.001 0.0000000000
102645  44.569  45.743  24.781 0.0000000000
101946  45.182  44.726  26.756 0.0000000000
101250  45.667  43.121  28.583 0.0000000000
99820  42.850  42.340  27.809 0.0000000000
140548  44.291  41.577  28.488 0.0000000000
128308  45.616  40.519  29.014 0.0000000000
97781  47.000  38.225  28.568 0.0000000000
97163  46.457  36.933  26.480 0.0000000000
96549  45.902  35.797  24.956 0.0000000000
96559  43.666  35.683  23.847 0.0000000000
95534  41.897  34.734  23.602 0.0000000000
95535  41.095  33.997  23.834 0.0000000000
96537  40.876  36.430  24.868 0.0000000000
95525  40.569  34.344  24.509 0.0000000000
94396  40.725  32.835  24.452 0.0000000000
93811  40.747  32.366  25.522 0.0000000000
100029  44.497  41.175  9.888 0.0000000000
139834  46.438  40.071  9.800 0.0000000000
98591  48.369  38.841  9.949 0.0000000000
126133  49.351  45.404  12.500 0.0000000000
102117  48.688  44.711  10.770 0.0000000000
100696  49.208  42.681  11.069 0.0000000000
99260  49.608  40.499  11.409 0.0000000000
98572  49.806  38.196  11.924 0.0000000000
98554  49.640  38.339  13.114 0.0000000000
99230  49.084  39.174  14.286 0.0000000000
99948  48.161  41.204  15.693 0.0000000000
99926  49.979  40.958  17.432 0.0000000000
100662  49.313  41.301  17.206 0.0000000000
124904  46.524  42.177  16.499 0.0000000000
118043  45.293  42.552  17.817 0.0000000000
100632  44.675  42.811  19.497 0.0000000000
98471  41.771  39.917  22.943 0.0000000000
97205  42.076  37.836  21.872 0.0000000000
96585  41.362  36.851  20.033 0.0000000000
97203  44.099  37.041  20.835 0.0000000000
96600  43.204  36.496  19.189 0.0000000000
96618  41.616  36.129  18.568 0.0000000000
95582  41.414  34.460  17.577 0.0000000000
94441  40.882  32.547  17.094 0.0000000000
94999  44.336  33.638  20.044 0.0000000000
95005  44.824  33.570  18.617 0.0000000000
94424  44.650  32.753  16.826 0.0000000000
93312  41.933  30.254  16.672 0.0000000000
94438  44.491  32.592  15.976 0.0000000000
92064  47.291  29.941  25.723 0.0000000000
92083  47.221  29.564  23.523 0.0000000000
133358  41.222  41.340  20.768 0.0000000000
99877  40.752  41.045  21.134 0.0000000000
99876  41.535  41.323  21.462 0.0000000000
99879  42.312  41.738  20.382 0.0000000000
99886  42.303  41.738  19.512 0.0000000000
99880  41.475  41.515  20.034 0.0000000000
99881  40.623  41.278  20.376 0.0000000000
92048  43.894  28.947  26.859 0.0000000000
103303  47.275  46.158  21.103 0.0000000000
124034  46.677  46.252  22.337 0.0000000000
103304  46.848  46.348  21.550 0.0000000000
103327  46.612  46.419  20.035 0.0000000000
102711  47.126  46.247  19.634 0.0000000000
102696  47.214  46.292  20.301 0.0000000000
129800  47.757  45.746  20.648 0.0000000000
96028  47.410  35.493  23.493 0.0000000000
96038  47.635  35.523  22.269 0.0000000000
96039  46.310  35.058  22.881 0.0000000000
121555  36.710  37.590  19.578 0.0000000000
96603  40.005  36.177  19.336 0.0000000000
96620  39.773  35.692  18.777 0.0000000000
95573  39.595  34.704  18.065 0.0000000000
96073  40.356  35.489  18.227 0.0000000000
139773  47.042  41.210  14.655 0.0000000000
99985  45.973  41.019  13.484 0.0000000000
99968  45.991  41.496  14.282 0.0000000000
98491  37.250  39.322  19.530 0.0000000000
123559  36.645  39.494  19.153 0.0000000000
97855  36.005  37.914  19.358 0.0000000000
102040  42.829  44.768  19.708 0.0000000000
132671  42.064  44.558  19.517 0.0000000000
102066  42.263  44.918  17.921 0.0000000000
117500  43.065  45.268  17.609 0.0000000000
102728  43.155  45.173  18.297 0.0000000000
93821  40.416  31.372  23.337 0.0000000000
94398  40.686  31.777  22.993 0.0000000000
92107  44.456  28.486  21.607 0.0000000000
101300  46.780  43.232  22.613 0.0000000000
135901  47.023  42.628  28.311 0.0000000000
100552  47.302  42.011  28.461 0.0000000000
99817  47.597  41.251  28.897 0.0000000000
99109  47.674  40.294  28.999 0.0000000000
99810  47.484  41.107  29.181 0.0000000000
133857  41.816  44.892  25.608 0.0000000000
102631  42.463  45.208  25.663 0.0000000000
101957  42.231  44.790  26.241 0.0000000000
97783  42.286  39.092  27.076 0.0000000000
141598  42.422  39.736  27.340 0.0000000000
97790  43.020  38.472  27.071 0.0000000000
97165  42.502  37.528  25.901 0.0000000000
97166  41.548  37.621  26.007 0.0000000000
118285  39.059  35.722  26.211 0.0000000000
121304  45.363  45.037  11.519 0.0000000000
102120  44.444  44.799  11.481 0.0000000000
102119  45.725  44.318  11.637 0.0000000000
101396  46.044  43.518  11.591 0.0000000000
119856  46.722  44.228  11.584 0.0000000000
135205  47.380  46.867  12.933 0.0000000000
103894  48.065  47.309  12.609 0.0000000000
100692  50.045  41.635  13.004 0.0000000000
100690  50.161  41.211  14.397 0.0000000000
99964  50.367  40.109  15.265 0.0000000000
100687  50.328  40.902  15.651 0.0000000000
101324  48.369  42.800  21.275 0.0000000000
101325  47.286  42.967  21.006 0.0000000000
98466  43.772  39.484  24.085 0.0000000000
97824  44.293  38.902  23.555 0.0000000000
95579  45.422  34.840  17.690 0.0000000000
95030  44.988  34.139  17.156 0.0000000000
95032  43.970  33.603  16.571 0.0000000000
95031  44.704  33.467  16.701 0.0000000000
93296  40.668  30.436  19.393 0.0000000000
93303  40.672  29.881  18.542 0.0000000000
99170  38.622  40.201  20.236 0.0000000000
98481  39.225  39.912  20.827 0.0000000000
97837  39.988  38.802  21.307 0.0000000000
97206  40.246  38.025  21.064 0.0000000000
119089  45.139  42.317  17.171 0.0000000000
100665  44.524  42.197  16.686 0.0000000000
100666  43.671  41.960  16.969 0.0000000000
99896  41.534  41.553  18.144 0.0000000000
99882  39.782  41.234  20.036 0.0000000000
99176  38.960  40.948  19.756 0.0000000000
92070  40.543  29.431  24.949 0.0000000000
92069  41.127  29.081  25.443 0.0000000000
92077  43.804  28.549  25.144 0.0000000000
118079  43.015  28.381  24.389 0.0000000000
120742  45.038  28.757  24.014 0.0000000000
135125  45.216  28.705  23.277 0.0000000000
92084  46.070  29.002  23.810 0.0000000000
98608  44.941  39.587  8.854 0.0000000000
98616  44.355  39.125  8.206 0.0000000000
101297  48.616  43.548  22.319 0.0000000000
101298  48.324  43.549  23.135 0.0000000000
102643  47.141  45.233  24.519 0.0000000000
101956  46.744  44.561  25.765 0.0000000000
101936  46.995  43.846  27.163 0.0000000000
101945  46.384  44.291  26.554 0.0000000000
100566  40.558  42.716  26.426 0.0000000000
100567  39.791  42.385  26.148 0.0000000000
99119  39.947  40.533  26.335 0.0000000000
98426  40.945  39.668  26.614 0.0000000000
138947  40.041  38.491  26.204 0.0000000000
97168  38.869  37.465  25.840 0.0000000000
96539  38.904  36.567  26.131 0.0000000000
138003  38.318  36.827  25.933 0.0000000000
139681  46.153  44.602  16.288 0.0000000000
102098  47.018  44.440  14.756 0.0000000000
102076  46.795  44.511  16.691 0.0000000000
102063  48.028  44.908  18.224 0.0000000000
102075  47.745  44.284  16.754 0.0000000000
102074  48.551  44.354  17.344 0.0000000000
101364  49.447  43.383  16.193 0.0000000000
101350  49.650  43.700  17.708 0.0000000000
102681  48.429  44.761  21.165 0.0000000000
102023  49.086  44.074  20.797 0.0000000000
102002  48.901  43.646  21.613 0.0000000000
101311  48.935  43.071  21.762 0.0000000000
127514  47.195  37.118  22.375 0.0000000000
97184  48.040  37.130  23.294 0.0000000000
96044  47.323  35.662  20.416 0.0000000000
95556  46.344  35.168  18.998 0.0000000000
127949  46.424  34.853  19.384 0.0000000000
95007  36.082  33.874  19.514 0.0000000000
95576  36.867  34.291  19.192 0.0000000000
97224  37.749  36.840  19.663 0.0000000000
96604  38.379  36.352  19.597 0.0000000000
96075  38.627  35.206  18.786 0.0000000000
96076  37.872  35.199  19.146 0.0000000000
131414  38.249  34.808  18.738 0.0000000000
95023  37.468  33.650  18.694 0.0000000000
138727  38.217  32.818  18.266 0.0000000000
95036  39.164  32.917  18.009 0.0000000000
94442  39.762  32.298  17.488 0.0000000000
117882  39.324  31.612  17.079 0.0000000000
97895  49.083  37.909  12.627 0.0000000000
98573  47.872  38.107  12.246 0.0000000000
99243  44.818  40.246  12.366 0.0000000000
138962  45.408  39.264  11.625 0.0000000000
98558  44.476  39.591  11.675 0.0000000000
99261  43.407  39.913  11.686 0.0000000000
102698  44.989  45.792  20.484 0.0000000000
102699  44.142  45.284  20.866 0.0000000000
102685  43.148  45.098  22.370 0.0000000000
101971  42.215  44.847  23.394 0.0000000000
101973  40.523  44.594  23.795 0.0000000000
101959  39.159  44.296  25.238 0.0000000000
105899  46.761  51.690  10.658 0.0000000000
104368  46.048  49.298  12.909 0.0000000000
104354  45.610  48.603  13.257 0.0000000000
132916  46.553  48.539  12.850 0.0000000000
102759  43.918  45.301  15.384 0.0000000000
102771  44.081  45.558  14.527 0.0000000000
102770  44.868  45.529  14.407 0.0000000000
102101  44.546  45.204  14.889 0.0000000000
102100  45.229  45.003  14.880 0.0000000000
102726  44.690  45.617  18.631 0.0000000000
102713  45.133  45.816  19.514 0.0000000000
102712  46.063  46.203  19.444 0.0000000000
95532  43.941  34.181  23.216 0.0000000000
95540  43.537  33.628  22.852 0.0000000000
140597  42.713  33.247  23.067 0.0000000000
93826  40.582  31.448  21.657 0.0000000000
94405  41.345  32.164  21.640 0.0000000000
93293  40.431  30.896  20.820 0.0000000000
124700  40.208  29.968  21.056 0.0000000000
92089  40.643  28.730  23.549 0.0000000000
92100  41.109  28.528  22.644 0.0000000000
92120  42.808  28.240  20.823 0.0000000000
92110  41.384  28.563  21.626 0.0000000000
92121  41.733  28.393  20.731 0.0000000000
92130  42.280  28.078  20.006 0.0000000000
91437  41.807  27.720  19.163 0.0000000000
91436  42.851  27.654  19.395 0.0000000000
100617  43.658  42.487  21.222 0.0000000000
133258  42.903  42.171  21.638 0.0000000000
100605  43.640  42.709  22.168 0.0000000000
101277  44.460  43.186  23.885 0.0000000000
100581  43.733  42.586  24.316 0.0000000000
99836  43.839  41.404  25.187 0.0000000000
100572  44.047  42.295  25.179 0.0000000000
101275  47.713  43.610  24.873 0.0000000000
101268  47.076  42.906  25.871 0.0000000000
99826  46.609  41.314  27.489 0.0000000000
99827  45.569  41.446  26.647 0.0000000000
99116  46.044  40.601  26.948 0.0000000000
98433  46.047  39.737  26.413 0.0000000000
97802  47.119  38.771  25.963 0.0000000000
97788  48.509  37.844  27.202 0.0000000000
97148  48.332  37.388  26.833 0.0000000000
96533  48.164  36.108  25.315 0.0000000000
97162  47.969  36.751  26.248 0.0000000000
102660  44.715  45.945  23.282 0.0000000000
117651  45.128  46.042  24.101 0.0000000000
119947  44.390  45.788  24.132 0.0000000000
101947  43.960  44.821  26.819 0.0000000000
102615  44.509  45.283  26.153 0.0000000000
141571  44.876  44.382  27.331 0.0000000000
127581  44.633  43.611  28.060 0.0000000000
100565  41.349  42.512  26.878 0.0000000000
100556  42.258  42.899  27.352 0.0000000000
130235  43.945  39.980  28.142 0.0000000000
99819  43.639  41.702  28.172 0.0000000000
139054  44.372  40.807  28.495 0.0000000000
99104  45.007  41.509  28.808 0.0000000000
98414  45.078  39.733  28.607 0.0000000000
98413  46.378  39.479  29.034 0.0000000000
97774  45.989  38.810  28.631 0.0000000000
117753  44.750  37.372  26.507 0.0000000000
97150  46.108  37.605  27.333 0.0000000000
133151  44.363  36.165  24.560 0.0000000000
96560  42.303  35.837  23.859 0.0000000000
96536  41.126  37.055  25.430 0.0000000000
96003  40.248  35.971  25.221 0.0000000000
94966  40.022  34.381  25.340 0.0000000000
94983  40.550  33.707  24.699 0.0000000000
139533  40.765  33.835  24.202 0.0000000000
94387  40.614  32.764  25.013 0.0000000000
101409  43.179  42.957  10.885 0.0000000000
101400  42.010  43.839  10.836 0.0000000000
100709  42.725  42.443  10.351 0.0000000000
138085  44.509  41.662  10.307 0.0000000000
121996  47.011  41.259  10.708 0.0000000000
99278  46.699  40.642  10.299 0.0000000000
98592  47.461  39.748  9.945 0.0000000000
99277  48.526  39.803  10.387 0.0000000000
102767  48.373  44.787  13.755 0.0000000000
102781  48.674  45.514  13.150 0.0000000000
102112  50.178  44.170  11.286 0.0000000000
102787  50.150  45.199  11.053 0.0000000000
123521  50.078  44.055  10.788 0.0000000000
101393  49.989  43.478  10.800 0.0000000000
100695  49.913  42.463  11.185 0.0000000000
137537  50.129  40.201  12.177 0.0000000000
99275  49.716  38.771  11.274 0.0000000000
99259  50.020  39.299  11.870 0.0000000000
97894  49.549  37.988  12.330 0.0000000000
98540  50.013  38.829  13.437 0.0000000000
99965  50.096  39.893  15.653 0.0000000000
99223  49.645  39.628  14.838 0.0000000000
99966  49.375  39.958  15.328 0.0000000000
99983  48.679  39.918  14.660 0.0000000000
100648  50.183  41.593  18.341 0.0000000000
99925  50.114  41.130  17.614 0.0000000000
99907  50.003  41.387  18.189 0.0000000000
100650  48.688  41.826  17.754 0.0000000000
100663  47.798  42.008  16.939 0.0000000000
100651  47.572  42.492  17.844 0.0000000000
100652  46.271  42.405  17.247 0.0000000000
117518  46.409  42.808  18.157 0.0000000000
101315  45.342  43.035  21.085 0.0000000000
100631  45.575  43.060  19.502 0.0000000000
100625  44.367  42.744  20.736 0.0000000000
100626  43.641  42.272  20.391 0.0000000000
99870  42.307  41.642  22.745 0.0000000000
99150  41.985  40.820  23.082 0.0000000000
97193  42.922  38.090  22.245 0.0000000000
134047  42.270  38.555  22.553 0.0000000000
97212  41.818  37.242  20.977 0.0000000000
142348  42.448  37.441  21.339 0.0000000000
135355  46.402  36.980  21.743 0.0000000000
97202  45.070  37.100  21.485 0.0000000000
96578  45.322  36.691  20.640 0.0000000000
96070  43.519  35.771  17.905 0.0000000000
96616  43.989  36.123  18.502 0.0000000000
96617  42.732  36.238  18.471 0.0000000000
96071  42.287  35.825  17.952 0.0000000000
96082  41.902  35.214  17.702 0.0000000000
94440  42.463  32.916  16.356 0.0000000000
93868  41.554  32.313  16.121 0.0000000000
117624  43.607  33.558  21.175 0.0000000000
95542  44.516  34.094  21.077 0.0000000000
94426  42.660  31.899  18.355 0.0000000000
95006  43.658  33.087  19.378 0.0000000000
94410  44.408  32.845  18.053 0.0000000000
94425  43.838  32.265  17.632 0.0000000000
92763  41.325  29.058  16.433 0.0000000000
93313  41.050  29.675  17.550 0.0000000000
92756  41.423  29.536  16.772 0.0000000000
99165  39.740  40.400  21.015 0.0000000000
99164  40.313  40.535  21.390 0.0000000000
99162  40.639  40.074  21.979 0.0000000000
100643  43.788  42.047  18.310 0.0000000000
100644  43.019  41.791  18.097 0.0000000000
100634  43.180  41.919  19.046 0.0000000000
99895  42.309  41.672  18.587 0.0000000000
125123  40.900  41.526  18.545 0.0000000000
99897  40.144  41.495  18.427 0.0000000000
99888  40.545  41.452  19.389 0.0000000000
92050  41.687  29.624  26.311 0.0000000000
92068  41.939  28.714  25.663 0.0000000000
120402  42.888  28.785  26.222 0.0000000000
92067  43.599  28.583  25.925 0.0000000000
135802  47.924  45.328  21.615 0.0000000000
101983  48.234  44.661  22.862 0.0000000000
102672  47.330  45.718  23.050 0.0000000000
102658  47.080  45.667  23.857 0.0000000000
102659  46.192  45.945  24.150 0.0000000000
99837  39.117  41.708  25.984 0.0000000000
98435  39.424  40.006  25.996 0.0000000000
102736  46.570  45.692  18.484 0.0000000000
102064  47.210  45.397  18.360 0.0000000000
102723  47.667  45.513  18.875 0.0000000000
102051  48.523  44.914  18.757 0.0000000000
102038  48.874  44.766  19.313 0.0000000000
136849  48.355  45.256  19.700 0.0000000000
102695  48.390  45.160  20.316 0.0000000000
96532  48.459  36.279  24.528 0.0000000000
96569  48.287  36.158  22.612 0.0000000000
123237  48.192  35.830  22.734 0.0000000000
95546  45.736  34.515  20.211 0.0000000000
96587  39.268  36.647  19.923 0.0000000000
134834  39.049  35.529  18.887 0.0000000000
95574  38.880  34.744  18.361 0.0000000000
141344  38.729  33.457  18.228 0.0000000000
95583  40.276  34.163  17.800 0.0000000000
99242  47.483  39.392  13.250 0.0000000000
98556  47.009  39.091  12.523 0.0000000000
125014  46.481  39.807  12.840 0.0000000000
99232  45.619  40.409  12.889 0.0000000000
100001  44.587  40.959  12.859 0.0000000000
98500  36.640  40.100  18.814 0.0000000000
98501  36.115  39.754  18.730 0.0000000000
120943  35.428  38.519  18.967 0.0000000000
97226  35.609  37.245  19.495 0.0000000000
102714  44.154  45.403  19.215 0.0000000000
102039  43.442  44.979  20.337 0.0000000000
102025  42.587  44.638  20.611 0.0000000000
102761  42.288  45.523  15.700 0.0000000000
102773  42.544  45.753  15.021 0.0000000000
120073  42.792  45.446  16.355 0.0000000000
102750  43.573  45.408  16.321 0.0000000000
118336  44.171  45.441  17.184 0.0000000000
102727  43.941  45.459  17.864 0.0000000000
135231  43.869  45.366  18.588 0.0000000000
94986  41.950  33.611  23.372 0.0000000000
94991  41.978  32.837  22.965 0.0000000000
94401  40.888  31.872  22.389 0.0000000000
128509  40.071  30.418  22.441 0.0000000000
118078  43.430  28.268  22.650 0.0000000000
92098  42.571  28.177  22.314 0.0000000000
92108  43.375  28.303  21.718 0.0000000000
135286  44.507  43.145  22.522 0.0000000000
122126  45.450  43.292  22.574 0.0000000000
136207  45.866  43.427  24.412 0.0000000000
101259  47.224  43.012  26.612 0.0000000000
100553  47.225  42.002  27.879 0.0000000000
99115  47.058  40.476  27.904 0.0000000000
98424  47.747  39.418  28.271 0.0000000000
98418  47.731  39.317  28.795 0.0000000000
97780  47.758  38.125  28.587 0.0000000000
102662  42.936  45.183  24.043 0.0000000000
102646  43.677  45.525  24.682 0.0000000000
102630  43.265  45.420  25.569 0.0000000000
102617  43.059  45.181  26.292 0.0000000000
101948  43.012  44.638  26.840 0.0000000000
99112  42.001  40.622  27.369 0.0000000000
98420  43.053  40.140  27.671 0.0000000000
140339  43.622  39.575  27.817 0.0000000000
97782  44.096  38.655  27.568 0.0000000000
97164  43.595  37.219  25.777 0.0000000000
134247  43.672  36.738  25.048 0.0000000000
97179  42.703  37.015  25.159 0.0000000000
96551  41.844  36.656  24.674 0.0000000000
96538  39.630  36.218  25.843 0.0000000000
102121  43.521  44.414  11.376 0.0000000000
101397  44.320  43.993  11.487 0.0000000000
100700  44.018  42.857  11.000 0.0000000000
100707  44.502  42.168  10.684 0.0000000000
100018  45.581  42.215  11.029 0.0000000000
100698  46.407  42.741  11.403 0.0000000000
100017  46.750  41.934  11.117 0.0000000000
104366  47.888  48.761  11.783 0.0000000000
104825  48.375  48.968  10.727 0.0000000000
104365  48.550  48.270  11.307 0.0000000000
103905  48.697  47.514  11.842 0.0000000000
102107  49.261  44.638  13.163 0.0000000000
102096  49.408  43.551  13.955 0.0000000000
101386  50.077  42.946  12.023 0.0000000000
100694  50.035  42.097  11.816 0.0000000000
100000  50.195  40.715  12.679 0.0000000000
140138  50.339  39.924  12.816 0.0000000000
99228  50.257  39.598  13.573 0.0000000000
99946  50.104  40.229  16.295 0.0000000000
100629  49.411  42.531  19.779 0.0000000000
100638  49.750  41.744  18.770 0.0000000000
118867  49.173  42.271  19.312 0.0000000000
100630  48.344  42.540  19.574 0.0000000000
129457  47.428  42.888  19.579 0.0000000000
101344  46.501  43.047  19.065 0.0000000000
101338  46.775  43.071  20.010 0.0000000000
99135  43.087  40.597  24.215 0.0000000000
98468  42.323  40.133  23.366 0.0000000000
97825  43.345  39.239  23.480 0.0000000000
97828  43.413  38.616  22.852 0.0000000000
96598  45.701  36.030  19.199 0.0000000000
96615  45.234  35.907  18.498 0.0000000000
96069  44.785  35.613  17.940 0.0000000000
95581  42.878  34.391  17.235 0.0000000000
95580  44.106  34.286  17.060 0.0000000000
94439  43.751  33.230  16.042 0.0000000000
94450  43.889  32.690  15.475 0.0000000000
94408  41.571  32.182  20.578 0.0000000000
94407  42.536  32.596  20.036 0.0000000000
94412  41.841  32.031  19.425 0.0000000000
121812  41.747  31.535  18.717 0.0000000000
93837  42.362  31.275  17.783 0.0000000000
97847  37.706  38.748  19.933 0.0000000000
97846  38.374  38.091  20.220 0.0000000000
125090  38.992  37.471  20.318 0.0000000000
129913  39.370  39.191  21.006 0.0000000000
97845  39.313  38.296  20.734 0.0000000000
96586  40.329  36.737  20.015 0.0000000000
100679  46.043  42.094  15.855 0.0000000000
122542  45.411  42.063  15.042 0.0000000000
100681  43.743  42.140  15.979 0.0000000000
100655  42.949  41.763  17.284 0.0000000000
99890  38.635  41.102  18.891 0.0000000000
102762  41.495  45.463  15.693 0.0000000000
102751  41.979  45.272  16.381 0.0000000000
102741  41.684  44.910  17.103 0.0000000000
93287  40.265  31.012  23.971 0.0000000000
92722  40.058  30.133  23.725 0.0000000000
92716  40.219  29.728  24.328 0.0000000000
92080  40.439  29.099  24.185 0.0000000000
92088  41.401  28.315  23.645 0.0000000000
92086  43.312  28.299  23.502 0.0000000000
92085  44.299  28.498  23.203 0.0000000000
92096  44.931  28.625  22.692 0.0000000000
101299  47.981  43.249  22.993 0.0000000000
118249  47.423  43.368  23.568 0.0000000000
101285  47.828  43.616  24.001 0.0000000000
136617  47.551  43.615  25.342 0.0000000000
102657  47.731  44.953  23.786 0.0000000000
101266  47.820  43.958  24.993 0.0000000000
101267  47.497  43.864  25.619 0.0000000000
120295  47.171  43.762  26.271 0.0000000000
101248  46.965  43.212  27.523 0.0000000000
101249  46.395  43.249  28.143 0.0000000000
101260  40.625  44.076  25.987 0.0000000000
101949  41.587  44.180  26.363 0.0000000000
125074  41.010  43.450  26.447 0.0000000000
99828  41.236  41.353  27.006 0.0000000000
99830  39.840  41.374  26.323 0.0000000000
99118  40.525  40.963  26.650 0.0000000000
99117  41.172  40.434  26.832 0.0000000000
97791  41.449  39.002  26.733 0.0000000000
97153  41.218  38.207  26.470 0.0000000000
131305  39.845  37.408  26.135 0.0000000000
137408  39.003  35.009  26.311 0.0000000000
102797  45.928  45.829  11.324 0.0000000000
126646  46.682  45.078  13.863 0.0000000000
138270  47.508  44.726  13.998 0.0000000000
118217  48.093  44.369  14.709 0.0000000000
102086  48.668  43.917  15.504 0.0000000000
101363  50.052  42.015  16.118 0.0000000000
101349  50.207  42.501  18.167 0.0000000000
101343  50.141  42.242  18.984 0.0000000000
102037  49.436  43.932  19.579 0.0000000000
101336  49.750  43.056  19.561 0.0000000000
100622  49.501  42.697  20.142 0.0000000000
100623  49.188  42.686  20.568 0.0000000000
100616  48.962  42.830  21.274 0.0000000000
97823  45.756  38.433  23.836 0.0000000000
97185  46.575  37.749  23.164 0.0000000000
96577  46.592  36.539  20.942 0.0000000000
96570  48.101  36.218  21.643 0.0000000000
96576  47.833  36.255  20.975 0.0000000000
96597  46.608  35.584  19.633 0.0000000000
138044  45.772  34.556  17.927 0.0000000000
95019  45.375  34.083  17.443 0.0000000000
92144  40.712  28.442  18.518 0.0000000000
92747  40.603  29.049  18.134 0.0000000000
92158  40.746  28.503  17.852 0.0000000000
94413  35.822  32.856  19.297 0.0000000000
131336  37.463  35.675  19.373 0.0000000000
95558  37.008  35.233  19.340 0.0000000000
93839  36.836  31.621  18.278 0.0000000000
119799  38.600  31.046  16.779 0.0000000000
98574  46.372  38.682  11.653 0.0000000000
97908  45.172  38.749  11.183 0.0000000000
99969  44.574  41.791  14.275 0.0000000000
99986  44.116  41.489  13.472 0.0000000000
103317  46.269  46.459  20.710 0.0000000000
103305  46.162  46.429  21.657 0.0000000000
103306  45.347  46.197  21.785 0.0000000000
102673  44.673  45.897  22.284 0.0000000000
102674  43.882  45.473  22.781 0.0000000000
102684  43.797  45.359  21.803 0.0000000000
102663  42.046  44.975  24.243 0.0000000000
119376  41.170  44.636  25.137 0.0000000000
101958  40.237  44.330  25.377 0.0000000000
101270  39.677  44.000  25.680 0.0000000000
100573  39.360  43.240  25.737 0.0000000000
105351  47.645  50.179  10.564 0.0000000000
104828  46.297  49.915  12.353 0.0000000000
104827  47.042  49.863  11.588 0.0000000000
136534  47.394  48.530  12.480 0.0000000000
104353  47.168  47.741  12.802 0.0000000000
103368  46.563  46.850  13.176 0.0000000000
103358  43.590  46.135  14.190 0.0000000000
103356  45.262  46.064  13.854 0.0000000000
103355  46.153  46.015  13.632 0.0000000000
102089  45.616  44.757  15.789 0.0000000000
102077  45.805  44.894  16.957 0.0000000000
102748  44.969  45.242  17.264 0.0000000000
102737  45.824  45.558  18.047 0.0000000000
102725  46.237  45.972  18.858 0.0000000000
118001  46.656  46.245  19.392 0.0000000000
95531  44.975  34.628  23.150 0.0000000000
95539  45.326  34.633  22.456 0.0000000000
125099  44.352  34.184  22.868 0.0000000000
94989  43.620  33.503  22.122 0.0000000000
94994  42.912  33.079  21.782 0.0000000000
94995  42.136  32.676  22.180 0.0000000000
94404  42.168  32.762  21.150 0.0000000000
130099  41.019  31.511  20.204 0.0000000000
135282  40.607  30.860  20.004 0.0000000000
92740  40.476  29.570  19.577 0.0000000000
92729  40.023  29.836  22.929 0.0000000000
92733  40.244  29.709  21.989 0.0000000000
140770  41.797  28.259  22.185 0.0000000000
92111  40.766  29.027  21.872 0.0000000000
121545  40.528  29.384  21.236 0.0000000000
92737  40.522  29.411  20.443 0.0000000000
126057  40.736  28.881  19.755 0.0000000000
92132  40.789  28.474  19.161 0.0000000000
124829  41.065  28.006  18.827 0.0000000000
138315  42.289  41.736  21.189 0.0000000000
100606  42.838  42.212  22.411 0.0000000000
100590  42.834  42.161  23.135 0.0000000000
101288  44.027  43.056  22.999 0.0000000000
100589  43.507  42.654  23.477 0.0000000000
99847  42.847  41.249  23.977 0.0000000000
99134  43.605  40.625  24.767 0.0000000000
98453  44.201  39.868  24.847 0.0000000000
100571  45.047  42.706  25.800 0.0000000000
100570  46.475  42.750  26.329 0.0000000000
100564  45.509  42.208  26.440 0.0000000000
99835  44.562  41.696  25.883 0.0000000000
98434  44.869  40.114  25.569 0.0000000000
97819  46.489  38.615  24.825 0.0000000000
97817  48.535  37.393  25.220 0.0000000000
98432  47.936  38.736  27.257 0.0000000000
97800  48.520  37.591  26.180 0.0000000000
103294  46.059  46.364  22.606 0.0000000000
103285  45.642  46.240  23.323 0.0000000000
102644  45.449  45.723  24.812 0.0000000000
126784  44.074  45.542  25.481 0.0000000000
102629  44.930  45.547  25.472 0.0000000000
102614  45.564  45.022  26.044 0.0000000000
101938  45.258  43.773  27.863 0.0000000000
141658  42.522  43.663  27.253 0.0000000000
100555  42.955  43.330  27.733 0.0000000000
100554  43.611  42.797  28.136 0.0000000000
101251  43.741  43.684  27.828 0.0000000000
101242  44.518  43.037  28.364 0.0000000000
141672  45.399  42.359  28.859 0.0000000000
99811  46.243  41.433  29.293 0.0000000000
99103  46.747  40.315  29.322 0.0000000000
97773  47.227  38.649  28.903 0.0000000000
97142  47.312  37.805  28.182 0.0000000000
123413  45.636  38.288  27.988 0.0000000000
97149  47.679  37.258  27.351 0.0000000000
96534  46.903  36.276  25.623 0.0000000000
96017  46.646  35.462  24.353 0.0000000000
96558  45.179  35.403  24.132 0.0000000000
96031  43.146  34.948  23.451 0.0000000000
94987  41.368  33.164  23.500 0.0000000000
129201  40.776  32.121  23.707 0.0000000000
122858  41.409  36.074  24.321 0.0000000000
96019  40.809  35.713  24.521 0.0000000000
95524  40.954  34.934  24.175 0.0000000000
134068  40.925  33.152  23.933 0.0000000000
93820  40.636  31.984  24.447 0.0000000000
93285  40.443  31.192  24.868 0.0000000000
93278  40.832  31.437  25.705 0.0000000000
99286  45.720  39.924  9.358 0.0000000000
122956  45.110  41.547  10.453 0.0000000000
99279  45.605  40.732  10.004 0.0000000000
99285  46.716  39.231  9.270 0.0000000000
98606  47.683  38.804  9.473 0.0000000000
97922  48.999  37.715  10.157 0.0000000000
102796  47.047  45.739  10.987 0.0000000000
132216  48.118  46.369  13.019 0.0000000000
103367  49.030  46.143  12.431 0.0000000000
102780  49.909  44.864  11.976 0.0000000000
102118  47.462  44.910  11.245 0.0000000000
122053  47.879  44.057  11.387 0.0000000000
100697  47.697  42.517  11.336 0.0000000000
100016  47.958  41.568  10.936 0.0000000000
100015  49.247  41.597  11.166 0.0000000000
100026  48.804  40.674  10.811 0.0000000000
99276  49.427  39.699  10.940 0.0000000000
98590  49.242  38.824  10.555 0.0000000000
98589  49.606  37.879  11.106 0.0000000000
97904  49.459  37.429  11.624 0.0000000000
130736  49.084  38.372  13.380 0.0000000000
99229  49.753  39.277  14.104 0.0000000000
98541  49.431  38.711  13.758 0.0000000000
98542  48.584  38.843  13.729 0.0000000000
121357  48.000  39.713  13.905 0.0000000000
99967  48.194  40.729  15.088 0.0000000000
100676  50.311  40.780  16.476 0.0000000000
99945  50.096  40.660  16.772 0.0000000000
99927  49.837  40.621  16.682 0.0000000000
100649  49.605  41.443  18.051 0.0000000000
100677  48.758  41.221  16.388 0.0000000000
100678  47.341  41.824  16.043 0.0000000000
130730  44.803  42.747  18.959 0.0000000000
120601  44.075  42.390  19.098 0.0000000000
100633  43.628  42.168  19.694 0.0000000000
99871  41.675  41.155  22.306 0.0000000000
99161  41.325  40.421  22.455 0.0000000000
98472  41.184  39.550  22.413 0.0000000000
139981  41.777  39.149  22.697 0.0000000000
97835  41.306  38.577  22.193 0.0000000000
125628  41.092  37.867  21.482 0.0000000000
96602  40.968  36.416  19.268 0.0000000000
97827  44.833  38.098  23.050 0.0000000000
96582  44.869  36.431  19.989 0.0000000000
96583  43.629  36.684  19.999 0.0000000000
97211  42.916  37.184  20.772 0.0000000000
96584  42.465  36.828  20.020 0.0000000000
96601  42.038  36.510  19.213 0.0000000000
96083  40.931  35.284  17.821 0.0000000000
95034  41.299  33.321  17.357 0.0000000000
93852  40.311  32.033  16.924 0.0000000000
95541  45.603  34.606  21.369 0.0000000000
140079  45.092  34.033  20.134 0.0000000000
94998  45.559  34.196  19.205 0.0000000000
95020  45.080  33.484  17.317 0.0000000000
93302  41.532  30.506  17.641 0.0000000000
93851  42.717  30.978  16.758 0.0000000000
130806  42.064  30.127  15.683 0.0000000000
122388  43.353  31.501  16.875 0.0000000000
93836  44.231  31.997  16.489 0.0000000000
126912  44.721  33.177  16.544 0.0000000000
92065  46.019  29.231  25.986 0.0000000000
92074  47.222  29.725  24.582 0.0000000000
92049  42.339  29.244  26.495 0.0000000000
92076  44.869  28.834  25.009 0.0000000000
92079  40.952  28.656  24.521 0.0000000000
92087  42.360  28.173  23.669 0.0000000000
92143  40.938  27.956  18.039 0.0000000000
93289  40.092  30.658  23.141 0.0000000000
95557  46.070  34.702  18.522 0.0000000000
95571  46.040  35.056  18.225 0.0000000000
96027  48.365  35.968  23.594 0.0000000000
96041  47.758  35.592  21.154 0.0000000000
96043  47.987  35.978  20.982 0.0000000000
96057  46.050  35.509  18.680 0.0000000000
96072  41.229  35.687  18.098 0.0000000000
96557  48.427  36.451  23.506 0.0000000000
96580  47.337  35.965  20.433 0.0000000000
97183  48.128  36.586  22.444 0.0000000000
97772  47.782  38.746  28.883 0.0000000000
97801  48.454  38.140  26.422 0.0000000000
97829  40.578  39.186  21.869 0.0000000000
98412  47.372  39.397  29.146 0.0000000000
98467  42.963  39.866  23.804 0.0000000000
98553  50.044  38.513  12.708 0.0000000000
99095  47.089  40.966  29.404 0.0000000000
99102  47.460  40.232  29.233 0.0000000000
99110  47.649  40.359  28.716 0.0000000000
99111  43.529  40.768  28.004 0.0000000000
99231  46.785  40.253  13.364 0.0000000000
99287  44.760  40.355  9.408 0.0000000000
99856  42.542  41.468  23.432 0.0000000000
100533  47.049  41.638  29.290 0.0000000000
100544  46.529  42.332  29.104 0.0000000000
100545  44.366  42.214  28.479 0.0000000000
100582  42.960  42.031  23.879 0.0000000000
100641  45.450  42.850  18.596 0.0000000000
100642  44.560  42.454  18.370 0.0000000000
100654  43.560  41.890  17.661 0.0000000000
100661  50.366  41.268  17.093 0.0000000000
100699  44.829  42.840  11.208 0.0000000000
101241  46.701  42.692  28.703 0.0000000000
101252  43.015  44.043  27.350 0.0000000000
101258  47.206  43.272  26.749 0.0000000000
101274  47.851  43.818  24.601 0.0000000000
101276  47.299  43.348  25.272 0.0000000000
101314  46.467  43.124  21.527 0.0000000000
101327  44.990  43.048  20.181 0.0000000000
101355  49.357  43.742  16.892 0.0000000000
101394  49.144  43.767  10.861 0.0000000000
101398  43.695  43.524  11.256 0.0000000000
101410  42.345  43.119  10.648 0.0000000000
101964  47.736  44.425  24.521 0.0000000000
102022  49.465  43.466  20.243 0.0000000000
102088  46.495  44.405  15.678 0.0000000000
102090  44.769  45.073  15.582 0.0000000000
102627  46.485  45.286  25.000 0.0000000000
102648  41.893  45.038  25.015 0.0000000000
102709  48.024  45.442  19.309 0.0000000000
102710  47.727  45.883  19.848 0.0000000000
102772  43.310  45.695  14.818 0.0000000000
103318  45.590  46.227  21.021 0.0000000000
103895  45.999  47.679  13.204 0.0000000000
104826  47.740  49.442  11.205 0.0000000000
104831  48.549  49.138  10.007 0.0000000000
118352  44.197  42.537  19.925 0.0000000000
122927  49.820  42.241  19.395 0.0000000000
125117  44.264  44.170  27.579 0.0000000000
125998  45.551  45.849  18.851 0.0000000000
127435  49.777  42.062  19.204 0.0000000000
127789  41.997  46.151  14.602 0.0000000000
128376  43.963  41.739  10.182 0.0000000000
130589  42.033  38.596  26.718 0.0000000000
134924  41.415  28.591  25.070 0.0000000000
134950  44.376  43.361  11.326 0.0000000000
135936  45.551  42.960  11.403 0.0000000000
136613  48.208  43.276  11.335 0.0000000000
136645  43.565  45.144  19.645 0.0000000000
137828  40.216  30.406  24.406 0.0000000000
138297  44.943  44.333  11.583 0.0000000000
138952  44.055  37.433  21.483 0.0000000000
139531  48.531  42.075  11.172 0.0000000000
139678  45.277  41.018  13.148 0.0000000000
140987  42.319  44.489  20.012 0.0000000000
141103  42.727  28.105  22.992 0.0000000000
