#!ascii label  , from subject sub_0001 vox2ras=TkReg
1260
70019  14.320  1.438  74.609 0.0000000000
52138  6.834  -13.658  66.030 0.0000000000
62470  5.924  -4.128  78.754 0.0000000000
63598  3.724  -2.796  70.422 0.0000000000
59275  3.288  -7.652  61.601 0.0000000000
67842  9.868  0.026  78.028 0.0000000000
70027  6.634  0.628  73.502 0.0000000000
124954  17.899  -0.977  74.885 0.0000000000
64657  13.273  -1.960  77.973 0.0000000000
61389  9.385  -5.639  78.574 0.0000000000
67957  5.512  -0.085  64.409 0.0000000000
61486  2.966  -4.503  65.440 0.0000000000
64761  5.845  -2.225  60.114 0.0000000000
56699  4.880  -9.757  77.828 0.0000000000
57897  4.857  -8.371  74.504 0.0000000000
64672  4.183  -2.943  74.532 0.0000000000
124450  5.706  0.658  69.327 0.0000000000
59107  6.138  -7.647  70.470 0.0000000000
60332  8.992  -6.940  66.095 0.0000000000
59272  9.795  -7.754  61.186 0.0000000000
58162  3.511  -8.851  55.703 0.0000000000
69981  12.429  1.338  76.719 0.0000000000
118115  10.833  1.881  73.905 0.0000000000
69984  16.247  0.757  74.809 0.0000000000
65707  15.781  -1.218  77.000 0.0000000000
68908  14.510  0.854  77.715 0.0000000000
66700  11.926  -0.622  78.521 0.0000000000
65799  4.930  -1.184  62.096 0.0000000000
60239  4.834  -6.884  78.269 0.0000000000
60243  4.978  -6.393  76.351 0.0000000000
64659  5.416  -3.096  76.423 0.0000000000
118323  7.661  1.025  70.325 0.0000000000
70086  6.232  0.868  71.548 0.0000000000
62465  8.055  -4.691  80.137 0.0000000000
59012  8.039  -7.691  79.511 0.0000000000
60233  6.227  -6.694  80.082 0.0000000000
56680  4.493  -9.900  80.279 0.0000000000
61422  4.307  -4.809  73.456 0.0000000000
57908  5.324  -7.960  72.399 0.0000000000
61444  5.111  -4.393  71.718 0.0000000000
59225  2.507  -6.381  63.823 0.0000000000
60336  5.416  -6.068  66.545 0.0000000000
57999  5.372  -7.680  64.557 0.0000000000
59219  9.478  -7.103  63.811 0.0000000000
58050  5.782  -8.451  61.663 0.0000000000
65694  7.376  -1.264  79.128 0.0000000000
66711  6.690  -1.657  76.495 0.0000000000
68933  8.521  0.735  76.069 0.0000000000
117463  9.322  0.703  72.199 0.0000000000
64681  18.887  -1.981  73.744 0.0000000000
61417  17.289  -3.174  71.968 0.0000000000
121541  16.910  -2.655  74.619 0.0000000000
63560  14.662  -3.197  75.895 0.0000000000
63545  11.455  -3.425  78.217 0.0000000000
64646  9.998  -2.222  80.040 0.0000000000
130426  1.949  -0.168  67.354 0.0000000000
62542  2.878  -3.268  67.970 0.0000000000
65771  2.478  -2.150  65.364 0.0000000000
63629  2.786  -3.480  63.094 0.0000000000
62593  3.927  -4.756  61.089 0.0000000000
70059  16.626  0.776  72.862 0.0000000000
63588  22.718  -2.854  70.829 0.0000000000
64683  24.485  -0.680  72.030 0.0000000000
67861  20.604  -0.177  73.626 0.0000000000
138788  18.397  1.524  73.419 0.0000000000
54218  5.220  -11.988  76.303 0.0000000000
129341  4.928  -11.933  74.528 0.0000000000
57878  5.031  -8.852  75.493 0.0000000000
139344  4.295  -5.389  74.631 0.0000000000
63578  2.992  -2.900  72.889 0.0000000000
67859  4.847  -0.817  74.508 0.0000000000
123894  3.753  -0.335  72.726 0.0000000000
67896  3.529  -0.494  70.183 0.0000000000
69036  5.819  0.648  65.865 0.0000000000
55531  4.608  -11.314  72.443 0.0000000000
138972  5.147  -11.528  69.868 0.0000000000
55581  5.934  -10.827  68.563 0.0000000000
62538  5.353  -4.428  68.969 0.0000000000
59125  7.662  -6.995  68.718 0.0000000000
55600  7.639  -10.457  66.496 0.0000000000
55620  9.108  -10.154  65.155 0.0000000000
55652  10.231  -10.699  63.216 0.0000000000
63683  6.832  -3.612  58.327 0.0000000000
61553  4.399  -6.184  58.801 0.0000000000
61575  4.409  -6.215  55.967 0.0000000000
58090  3.684  -8.570  59.094 0.0000000000
56926  5.733  -9.061  58.293 0.0000000000
70002  13.126  1.665  75.484 0.0000000000
118118  12.820  1.789  74.768 0.0000000000
123909  13.825  1.323  73.843 0.0000000000
135539  15.253  1.076  74.762 0.0000000000
68931  15.135  0.530  76.040 0.0000000000
69987  14.144  1.108  75.786 0.0000000000
68919  13.492  1.132  77.270 0.0000000000
51049  6.556  -15.049  65.043 0.0000000000
53203  7.268  -13.319  65.636 0.0000000000
61391  5.302  -5.317  78.347 0.0000000000
61394  5.357  -5.000  77.528 0.0000000000
63548  6.187  -3.801  77.508 0.0000000000
61425  19.104  -3.352  70.664 0.0000000000
63542  6.468  -3.725  80.027 0.0000000000
61386  6.957  -5.308  80.042 0.0000000000
61387  5.931  -5.193  80.010 0.0000000000
60236  5.270  -6.632  79.442 0.0000000000
62512  4.129  -3.743  72.274 0.0000000000
61433  4.727  -4.884  72.626 0.0000000000
130779  4.364  -3.456  71.326 0.0000000000
121179  3.043  -6.983  63.050 0.0000000000
59199  4.145  -7.259  64.442 0.0000000000
58015  3.674  -7.983  63.087 0.0000000000
58012  5.874  -8.305  63.180 0.0000000000
56881  3.700  -8.186  61.564 0.0000000000
66704  8.846  -0.783  79.070 0.0000000000
67844  7.845  0.022  77.790 0.0000000000
68914  8.908  0.751  77.350 0.0000000000
118114  9.971  1.726  73.693 0.0000000000
140441  9.859  0.187  70.443 0.0000000000
64675  18.654  -1.577  74.131 0.0000000000
138488  17.813  -1.981  74.202 0.0000000000
65713  17.129  -1.558  75.614 0.0000000000
135369  14.690  -1.979  77.473 0.0000000000
63552  15.142  -2.822  76.206 0.0000000000
63554  13.781  -3.019  77.154 0.0000000000
63550  12.224  -3.126  77.836 0.0000000000
67833  10.994  -0.203  78.387 0.0000000000
64645  10.532  -1.929  79.354 0.0000000000
66695  9.872  -1.232  79.391 0.0000000000
65689  8.779  -1.692  80.058 0.0000000000
67944  3.449  -0.570  66.149 0.0000000000
66781  2.443  -1.306  66.141 0.0000000000
66791  4.166  -1.589  64.546 0.0000000000
65824  5.532  -1.778  60.701 0.0000000000
140198  4.222  -2.448  62.507 0.0000000000
64747  4.493  -2.761  61.318 0.0000000000
131506  3.782  -3.876  61.987 0.0000000000
63658  4.533  -3.435  60.755 0.0000000000
65717  21.063  -1.098  73.782 0.0000000000
135436  4.893  -10.896  77.061 0.0000000000
55489  5.121  -10.720  75.863 0.0000000000
122884  5.088  -9.014  76.862 0.0000000000
61398  4.496  -5.027  75.361 0.0000000000
61401  4.381  -5.554  75.219 0.0000000000
62486  4.307  -4.627  74.620 0.0000000000
62500  4.098  -4.307  73.920 0.0000000000
64676  3.795  -2.736  73.848 0.0000000000
68926  6.913  -0.477  75.358 0.0000000000
67852  5.695  -0.992  75.422 0.0000000000
68945  5.769  0.317  74.261 0.0000000000
118575  5.939  0.869  70.392 0.0000000000
70072  5.096  0.451  72.348 0.0000000000
70101  4.963  0.707  70.891 0.0000000000
67880  3.773  0.076  71.723 0.0000000000
69006  4.635  0.381  69.432 0.0000000000
69024  4.116  0.295  67.691 0.0000000000
141709  5.623  0.841  67.305 0.0000000000
61408  16.024  -3.747  72.489 0.0000000000
139197  16.360  -3.692  71.324 0.0000000000
60234  9.609  -5.976  78.175 0.0000000000
59034  9.148  -7.524  77.562 0.0000000000
60238  9.135  -6.697  78.202 0.0000000000
127117  7.296  -9.030  80.213 0.0000000000
56676  7.950  -9.009  79.501 0.0000000000
56698  5.053  -9.961  78.919 0.0000000000
55466  4.850  -10.577  78.246 0.0000000000
56747  4.802  -9.695  74.527 0.0000000000
54248  4.638  -12.011  73.642 0.0000000000
122550  4.673  -10.165  73.642 0.0000000000
59108  5.801  -8.052  70.942 0.0000000000
56777  5.657  -9.790  70.793 0.0000000000
56790  5.829  -9.717  70.151 0.0000000000
54276  5.580  -10.962  69.275 0.0000000000
57944  6.045  -8.996  69.744 0.0000000000
62546  2.641  -3.399  67.198 0.0000000000
62540  4.004  -4.007  68.691 0.0000000000
61476  4.505  -4.625  67.287 0.0000000000
60334  7.598  -6.139  66.385 0.0000000000
61472  7.538  -5.477  67.727 0.0000000000
60311  8.389  -6.321  67.230 0.0000000000
57968  8.126  -8.099  67.801 0.0000000000
57988  8.818  -8.684  66.485 0.0000000000
55621  8.321  -10.528  65.776 0.0000000000
57987  9.424  -8.275  65.669 0.0000000000
134304  9.256  -7.514  62.560 0.0000000000
58011  10.448  -8.032  63.327 0.0000000000
58028  10.756  -8.325  62.745 0.0000000000
62630  7.056  -4.214  56.550 0.0000000000
62622  5.708  -5.066  58.650 0.0000000000
61564  6.193  -5.452  57.379 0.0000000000
134020  3.244  -6.805  55.203 0.0000000000
60473  3.308  -7.387  55.886 0.0000000000
60457  3.366  -7.686  57.009 0.0000000000
58127  3.414  -8.727  57.241 0.0000000000
56928  4.092  -9.059  58.500 0.0000000000
56958  4.393  -9.547  57.648 0.0000000000
68920  11.137  0.882  77.515 0.0000000000
69991  10.529  1.280  76.142 0.0000000000
70004  11.602  1.992  75.459 0.0000000000
67856  16.774  -0.382  75.395 0.0000000000
65705  17.033  -1.283  75.950 0.0000000000
121871  15.969  -0.302  76.562 0.0000000000
66708  15.253  -0.572  77.412 0.0000000000
66709  13.860  -0.788  78.172 0.0000000000
65700  12.521  -1.452  78.285 0.0000000000
132903  13.153  0.168  78.268 0.0000000000
68905  12.233  0.442  78.220 0.0000000000
67981  6.408  0.804  62.300 0.0000000000
66805  5.372  -0.288  63.238 0.0000000000
66820  5.970  0.008  61.954 0.0000000000
66852  6.490  -0.737  60.498 0.0000000000
65822  6.847  -1.187  59.937 0.0000000000
126798  4.876  -8.412  77.816 0.0000000000
57857  4.851  -8.138  76.978 0.0000000000
60242  4.866  -6.625  77.276 0.0000000000
62476  5.052  -4.426  76.187 0.0000000000
64665  4.705  -3.117  75.678 0.0000000000
70068  7.439  0.625  72.377 0.0000000000
118111  6.020  0.616  72.736 0.0000000000
118107  7.127  1.117  70.509 0.0000000000
70099  7.033  1.021  69.811 0.0000000000
70128  6.749  1.185  67.860 0.0000000000
70142  6.698  1.540  66.964 0.0000000000
130045  8.846  -5.163  79.293 0.0000000000
60229  8.544  -6.576  78.730 0.0000000000
123172  8.067  -6.316  79.258 0.0000000000
59013  7.494  -7.603  80.143 0.0000000000
124537  6.135  -9.336  80.190 0.0000000000
56674  4.974  -10.136  80.924 0.0000000000
57833  5.850  -8.522  79.879 0.0000000000
59017  4.660  -8.031  78.776 0.0000000000
59083  4.635  -6.516  73.731 0.0000000000
139513  4.888  -8.242  72.890 0.0000000000
59092  4.902  -6.793  72.931 0.0000000000
60268  5.666  -6.226  72.004 0.0000000000
60278  5.961  -5.770  71.084 0.0000000000
60364  3.068  -5.949  64.367 0.0000000000
60338  4.675  -6.216  65.929 0.0000000000
59153  4.341  -6.701  65.743 0.0000000000
59172  5.162  -7.200  65.304 0.0000000000
142122  7.550  -6.664  65.385 0.0000000000
60385  8.647  -6.711  64.928 0.0000000000
59196  7.363  -7.299  64.340 0.0000000000
59248  7.677  -8.126  62.664 0.0000000000
59274  7.854  -8.290  61.812 0.0000000000
58178  3.613  -8.524  54.651 0.0000000000
56975  4.884  -9.903  56.531 0.0000000000
58160  5.068  -9.333  54.871 0.0000000000
64650  6.562  -2.451  79.165 0.0000000000
65697  6.463  -2.851  76.938 0.0000000000
120695  6.923  -1.176  78.222 0.0000000000
67850  7.455  -0.698  76.193 0.0000000000
129091  7.880  0.852  74.541 0.0000000000
70006  9.483  1.813  75.178 0.0000000000
70025  9.001  1.409  73.785 0.0000000000
70047  8.089  0.959  73.434 0.0000000000
70082  8.823  0.622  71.310 0.0000000000
134119  19.471  -2.409  72.549 0.0000000000
119544  18.621  -2.823  71.909 0.0000000000
62496  18.175  -2.661  72.535 0.0000000000
64670  16.420  -2.143  76.046 0.0000000000
63566  15.382  -3.171  75.365 0.0000000000
136912  14.475  -4.035  74.580 0.0000000000
120337  10.989  -4.572  77.783 0.0000000000
62469  10.143  -4.379  79.235 0.0000000000
64652  11.660  -2.146  78.572 0.0000000000
63546  10.653  -3.216  79.366 0.0000000000
62463  9.532  -4.487  79.829 0.0000000000
63540  8.735  -3.773  80.272 0.0000000000
64649  7.313  -2.331  80.105 0.0000000000
65746  2.382  -1.469  69.140 0.0000000000
63603  3.348  -2.741  69.107 0.0000000000
128615  1.749  -2.007  67.876 0.0000000000
127957  1.847  -2.788  66.549 0.0000000000
126619  1.956  -3.363  65.403 0.0000000000
65784  3.815  -2.060  63.734 0.0000000000
64731  2.887  -2.840  63.557 0.0000000000
63622  2.372  -4.028  64.284 0.0000000000
142082  2.575  -4.590  63.281 0.0000000000
61505  2.779  -5.686  62.366 0.0000000000
136969  3.367  -5.824  61.160 0.0000000000
70040  15.504  1.244  73.817 0.0000000000
62502  21.104  -2.780  71.105 0.0000000000
140898  25.967  -1.367  70.602 0.0000000000
65730  25.101  -0.626  71.757 0.0000000000
64691  25.108  -1.329  71.028 0.0000000000
123276  23.623  -1.750  71.193 0.0000000000
63575  22.032  -1.906  71.496 0.0000000000
63576  20.726  -1.849  72.295 0.0000000000
65718  19.907  -1.049  74.138 0.0000000000
66721  18.725  -0.955  74.538 0.0000000000
69995  19.720  0.399  73.239 0.0000000000
133255  18.398  0.067  74.053 0.0000000000
68942  17.061  0.598  74.265 0.0000000000
128815  16.628  1.297  74.010 0.0000000000
55497  5.063  -10.553  75.300 0.0000000000
57887  4.778  -8.860  74.929 0.0000000000
57867  5.084  -8.265  76.034 0.0000000000
59048  4.436  -6.988  74.896 0.0000000000
59072  4.483  -7.187  74.784 0.0000000000
61414  4.229  -4.850  73.929 0.0000000000
62501  3.809  -3.821  73.451 0.0000000000
64694  3.139  -2.334  72.213 0.0000000000
65702  5.638  -2.516  76.414 0.0000000000
66718  4.956  -1.770  75.440 0.0000000000
66725  4.356  -1.605  74.712 0.0000000000
70029  5.352  0.504  73.354 0.0000000000
68953  4.537  -0.227  73.611 0.0000000000
127508  3.691  -1.105  73.742 0.0000000000
66740  2.190  -0.884  72.810 0.0000000000
134705  2.144  -1.141  71.591 0.0000000000
65742  3.237  -1.721  70.003 0.0000000000
67909  2.939  -0.306  68.459 0.0000000000
69038  4.026  0.234  66.940 0.0000000000
69051  5.256  0.036  65.787 0.0000000000
70164  6.763  1.566  65.667 0.0000000000
69061  6.219  1.537  64.349 0.0000000000
69073  6.047  1.501  63.691 0.0000000000
57866  9.080  -8.448  76.653 0.0000000000
57837  8.494  -7.957  78.531 0.0000000000
56769  4.736  -9.613  72.223 0.0000000000
54262  4.826  -11.483  71.376 0.0000000000
53181  6.714  -12.556  67.163 0.0000000000
127137  4.105  -3.489  69.352 0.0000000000
62531  5.345  -4.116  69.741 0.0000000000
127024  6.220  -5.964  70.580 0.0000000000
61474  5.774  -4.918  67.874 0.0000000000
60287  6.936  -5.587  69.165 0.0000000000
59116  6.643  -7.182  69.973 0.0000000000
56808  6.855  -9.107  68.415 0.0000000000
137439  6.899  -10.287  67.341 0.0000000000
54307  7.208  -11.807  66.336 0.0000000000
54319  7.727  -12.074  65.632 0.0000000000
57998  9.851  -8.203  64.771 0.0000000000
55637  10.082  -10.012  63.923 0.0000000000
64776  7.337  -2.207  58.644 0.0000000000
64782  8.091  -2.204  57.650 0.0000000000
63669  6.816  -2.821  58.796 0.0000000000
62608  5.368  -4.547  59.393 0.0000000000
61538  4.155  -5.716  59.689 0.0000000000
60435  3.469  -6.347  60.276 0.0000000000
60444  4.603  -6.673  57.870 0.0000000000
60445  3.413  -7.457  58.562 0.0000000000
58091  3.207  -7.915  59.807 0.0000000000
56912  4.100  -8.592  60.062 0.0000000000
56910  5.830  -8.576  59.737 0.0000000000
58067  7.254  -8.543  60.059 0.0000000000
58087  8.116  -8.462  58.728 0.0000000000
70001  13.837  1.377  75.317 0.0000000000
70020  13.657  1.584  74.406 0.0000000000
136728  14.357  1.502  74.227 0.0000000000
70000  14.991  1.362  74.491 0.0000000000
69986  14.849  0.873  75.515 0.0000000000
128814  14.552  1.197  75.029 0.0000000000
51026  6.580  -14.347  65.863 0.0000000000
52151  6.827  -14.202  65.313 0.0000000000
62471  5.809  -4.519  77.751 0.0000000000
62509  20.197  -3.056  70.769 0.0000000000
61424  19.825  -3.341  70.384 0.0000000000
62510  19.491  -3.070  71.028 0.0000000000
63543  6.052  -3.742  79.377 0.0000000000
62467  5.947  -4.401  80.003 0.0000000000
61390  5.572  -4.974  79.274 0.0000000000
63590  3.679  -2.834  71.693 0.0000000000
63597  4.001  -3.205  71.111 0.0000000000
134456  3.074  -7.264  62.315 0.0000000000
132911  3.103  -7.548  63.068 0.0000000000
58016  3.450  -7.879  62.771 0.0000000000
58032  3.788  -8.125  62.372 0.0000000000
58033  3.599  -7.906  61.995 0.0000000000
67835  9.317  -0.385  78.496 0.0000000000
67843  8.890  0.116  77.817 0.0000000000
68913  9.609  0.612  77.550 0.0000000000
66722  17.987  -1.182  74.938 0.0000000000
64668  17.645  -1.534  74.676 0.0000000000
65704  17.517  -1.175  75.122 0.0000000000
64664  13.962  -2.303  77.521 0.0000000000
131118  14.736  -2.541  76.979 0.0000000000
63549  13.076  -2.709  77.607 0.0000000000
67841  10.581  -0.018  78.150 0.0000000000
66702  10.321  -0.689  78.834 0.0000000000
67834  10.151  -0.328  78.580 0.0000000000
66696  9.210  -1.203  79.649 0.0000000000
67958  4.829  -0.952  64.892 0.0000000000
66792  3.784  -1.293  65.381 0.0000000000
66806  5.062  -1.072  64.168 0.0000000000
64746  4.932  -2.089  61.133 0.0000000000
64762  5.056  -2.523  60.621 0.0000000000
63657  5.339  -3.025  59.993 0.0000000000
55467  4.795  -10.379  77.383 0.0000000000
56710  4.921  -9.696  77.135 0.0000000000
63562  4.445  -3.571  75.113 0.0000000000
62481  4.413  -4.428  75.014 0.0000000000
63567  4.243  -3.971  74.514 0.0000000000
63568  4.049  -3.564  74.148 0.0000000000
68944  6.535  0.256  74.458 0.0000000000
68936  6.255  -0.053  74.722 0.0000000000
70009  6.026  0.593  73.855 0.0000000000
70117  5.648  0.754  70.043 0.0000000000
70100  5.412  0.831  70.849 0.0000000000
70118  5.252  0.678  69.921 0.0000000000
70102  4.875  0.642  70.206 0.0000000000
140018  4.959  0.577  69.686 0.0000000000
69005  4.964  0.507  69.093 0.0000000000
70130  5.455  0.640  68.783 0.0000000000
60235  9.057  -6.305  78.429 0.0000000000
129272  6.764  -9.293  80.208 0.0000000000
56678  7.164  -9.844  79.910 0.0000000000
57847  4.941  -9.076  78.297 0.0000000000
131770  4.708  -11.122  77.708 0.0000000000
137545  4.803  -9.248  73.835 0.0000000000
130491  5.690  -9.029  70.798 0.0000000000
57933  5.883  -8.991  70.337 0.0000000000
138552  5.946  -9.404  69.956 0.0000000000
61478  3.297  -3.931  66.511 0.0000000000
61477  3.979  -4.268  66.922 0.0000000000
60333  8.205  -6.106  66.571 0.0000000000
61471  8.068  -5.773  67.268 0.0000000000
59152  8.757  -7.065  66.809 0.0000000000
57967  8.674  -7.976  67.106 0.0000000000
57978  9.084  -7.694  66.344 0.0000000000
59170  9.312  -7.388  65.719 0.0000000000
128286  9.979  -7.575  62.050 0.0000000000
59245  10.290  -7.686  62.774 0.0000000000
63704  7.510  -3.493  56.105 0.0000000000
62631  6.590  -4.856  57.037 0.0000000000
62641  6.354  -4.827  56.308 0.0000000000
59356  3.244  -8.105  55.503 0.0000000000
59341  3.276  -8.265  56.477 0.0000000000
58146  3.624  -9.027  56.553 0.0000000000
132937  3.922  -9.432  57.597 0.0000000000
56976  4.333  -9.724  57.120 0.0000000000
69982  11.584  1.234  76.847 0.0000000000
139893  11.189  1.358  76.335 0.0000000000
69990  11.884  1.722  76.113 0.0000000000
136460  13.048  1.160  73.611 0.0000000000
68929  16.445  0.190  75.116 0.0000000000
67847  16.470  -0.529  76.055 0.0000000000
68916  15.854  -0.154  76.025 0.0000000000
68917  15.039  0.703  77.000 0.0000000000
67848  15.088  0.474  77.401 0.0000000000
67838  14.598  0.400  77.948 0.0000000000
123719  14.619  -0.292  77.972 0.0000000000
66698  13.882  -0.015  78.132 0.0000000000
135623  13.273  -0.379  78.317 0.0000000000
67839  13.855  0.671  78.062 0.0000000000
69976  12.852  1.147  77.333 0.0000000000
68910  12.557  0.998  77.972 0.0000000000
69977  12.085  1.038  77.433 0.0000000000
68911  11.820  0.700  77.986 0.0000000000
67982  5.877  0.284  62.797 0.0000000000
66851  7.367  0.105  60.096 0.0000000000
130766  6.997  -0.514  60.149 0.0000000000
66869  7.445  -0.734  59.554 0.0000000000
59025  4.830  -7.579  77.631 0.0000000000
62474  5.328  -4.405  76.854 0.0000000000
61395  4.821  -5.006  76.948 0.0000000000
132478  5.284  -3.730  76.293 0.0000000000
63556  4.986  -3.776  75.794 0.0000000000
64660  4.982  -3.111  76.128 0.0000000000
70083  8.008  0.832  71.083 0.0000000000
70084  7.348  1.033  71.119 0.0000000000
139428  7.384  1.141  68.894 0.0000000000
70115  6.943  1.041  68.912 0.0000000000
70127  7.086  1.314  68.016 0.0000000000
142185  6.981  1.667  67.078 0.0000000000
127708  8.382  -5.307  79.558 0.0000000000
61384  8.324  -5.920  78.955 0.0000000000
61385  8.088  -5.804  79.345 0.0000000000
60232  6.720  -5.967  80.048 0.0000000000
127004  7.239  -6.756  80.145 0.0000000000
57832  6.856  -8.506  80.245 0.0000000000
59014  6.629  -7.562  80.180 0.0000000000
59015  5.861  -7.417  79.829 0.0000000000
131639  4.691  -7.014  79.035 0.0000000000
59016  5.087  -7.674  79.378 0.0000000000
60257  4.404  -5.623  73.846 0.0000000000
60260  4.583  -5.705  73.264 0.0000000000
61432  5.341  -5.261  72.162 0.0000000000
60279  5.932  -6.651  71.414 0.0000000000
61443  5.697  -5.239  71.500 0.0000000000
60388  2.423  -6.013  64.057 0.0000000000
59155  3.619  -6.382  64.723 0.0000000000
59175  3.537  -6.526  64.496 0.0000000000
58000  4.529  -7.962  64.156 0.0000000000
59198  4.665  -7.444  64.725 0.0000000000
59171  6.093  -7.214  65.173 0.0000000000
141221  6.561  -6.853  65.491 0.0000000000
60387  7.022  -7.005  65.115 0.0000000000
60386  7.869  -6.752  64.914 0.0000000000
59197  6.394  -7.565  64.508 0.0000000000
56879  5.095  -8.397  62.401 0.0000000000
59249  6.807  -8.247  62.941 0.0000000000
58030  6.063  -8.369  62.411 0.0000000000
58029  6.798  -8.529  61.975 0.0000000000
59377  3.556  -7.747  54.000 0.0000000000
134725  3.985  -8.543  53.697 0.0000000000
58177  4.441  -8.949  54.143 0.0000000000
58194  4.600  -8.684  53.304 0.0000000000
65695  6.769  -1.829  78.468 0.0000000000
68915  8.314  0.384  77.263 0.0000000000
67849  7.931  -0.206  76.864 0.0000000000
68924  8.196  0.275  76.477 0.0000000000
68934  7.962  0.214  75.559 0.0000000000
69993  8.160  0.905  75.322 0.0000000000
119435  10.323  1.826  75.465 0.0000000000
129092  9.766  1.284  75.908 0.0000000000
141417  10.159  2.097  74.972 0.0000000000
70046  9.267  1.544  73.137 0.0000000000
119437  8.348  1.121  74.199 0.0000000000
70066  8.916  1.076  72.607 0.0000000000
70067  8.115  0.771  72.516 0.0000000000
117917  8.464  0.592  71.943 0.0000000000
120832  19.233  -2.108  73.287 0.0000000000
62495  18.714  -2.404  72.913 0.0000000000
63564  17.203  -2.123  74.737 0.0000000000
63571  17.589  -2.452  73.968 0.0000000000
63572  17.005  -2.909  73.895 0.0000000000
65706  16.491  -1.216  76.498 0.0000000000
64661  16.780  -1.655  76.155 0.0000000000
64662  16.153  -1.701  76.560 0.0000000000
118550  15.179  -3.757  74.628 0.0000000000
62483  14.395  -3.608  75.272 0.0000000000
120446  13.735  -4.036  74.866 0.0000000000
117872  12.412  -4.098  75.778 0.0000000000
62473  11.143  -4.076  78.196 0.0000000000
61392  10.552  -4.552  78.465 0.0000000000
62468  10.852  -3.808  78.838 0.0000000000
65692  12.391  -0.869  78.533 0.0000000000
120970  11.795  -1.305  78.541 0.0000000000
64654  10.349  -2.728  79.890 0.0000000000
63538  10.103  -3.639  79.977 0.0000000000
122874  9.750  -2.980  80.167 0.0000000000
63539  9.374  -3.789  80.172 0.0000000000
65690  7.806  -1.691  80.007 0.0000000000
64648  8.359  -2.379  80.180 0.0000000000
128950  6.850  -3.054  80.086 0.0000000000
65749  1.814  -1.191  68.444 0.0000000000
130382  1.982  -2.085  68.717 0.0000000000
65752  1.799  -1.034  67.385 0.0000000000
134109  1.983  -2.047  66.065 0.0000000000
141796  2.050  -2.373  65.549 0.0000000000
63614  1.972  -3.389  66.091 0.0000000000
64724  2.054  -2.686  65.142 0.0000000000
66822  4.914  -1.057  62.908 0.0000000000
66823  4.471  -1.687  63.372 0.0000000000
64740  3.785  -2.846  62.683 0.0000000000
65802  3.469  -2.599  63.352 0.0000000000
128924  3.250  -3.118  62.854 0.0000000000
63621  2.489  -3.325  63.880 0.0000000000
62561  2.542  -4.074  63.494 0.0000000000
132009  2.500  -4.869  63.827 0.0000000000
62566  2.815  -4.335  62.808 0.0000000000
62577  3.820  -4.261  61.558 0.0000000000
62578  3.387  -4.530  62.082 0.0000000000
62594  3.563  -5.055  61.442 0.0000000000
125064  2.983  -6.094  61.620 0.0000000000
61523  3.634  -5.527  60.801 0.0000000000
137797  15.881  0.996  73.316 0.0000000000
68960  15.811  0.571  72.750 0.0000000000
68969  16.624  0.376  72.146 0.0000000000
117771  22.670  -3.221  70.467 0.0000000000
62518  22.153  -3.476  70.100 0.0000000000
62507  21.839  -3.091  70.650 0.0000000000
67870  24.586  -0.059  72.289 0.0000000000
67869  25.199  0.049  71.877 0.0000000000
121769  25.009  -0.990  71.572 0.0000000000
133347  24.650  -1.168  71.516 0.0000000000
137163  24.482  -1.512  71.088 0.0000000000
64692  24.077  -1.229  71.592 0.0000000000
64686  22.177  -1.262  72.186 0.0000000000
123277  21.437  -1.700  71.939 0.0000000000
64687  21.314  -1.411  72.459 0.0000000000
66728  20.924  -0.654  73.689 0.0000000000
141436  20.515  -1.272  73.937 0.0000000000
66719  20.180  -0.948  73.976 0.0000000000
66720  19.615  -0.843  74.361 0.0000000000
67853  19.592  -0.859  74.163 0.0000000000
70014  19.436  0.678  73.042 0.0000000000
69996  18.779  0.823  73.522 0.0000000000
68940  19.035  0.223  73.704 0.0000000000
68941  18.050  0.406  73.899 0.0000000000
69997  17.840  0.921  73.497 0.0000000000
70058  16.987  0.926  73.237 0.0000000000
120829  17.036  1.215  73.893 0.0000000000
70039  16.290  1.146  73.700 0.0000000000
140804  15.769  1.310  74.046 0.0000000000
53082  4.987  -12.823  76.098 0.0000000000
120830  5.174  -12.291  75.460 0.0000000000
56727  5.158  -9.897  75.700 0.0000000000
56735  4.913  -9.803  75.134 0.0000000000
137970  4.934  -9.166  75.157 0.0000000000
59035  4.836  -7.197  76.870 0.0000000000
59036  5.130  -7.193  76.113 0.0000000000
128934  4.290  -5.597  75.008 0.0000000000
60248  4.323  -6.025  75.085 0.0000000000
60252  4.274  -5.818  74.791 0.0000000000
59062  4.303  -6.280  74.768 0.0000000000
60255  4.332  -5.718  74.390 0.0000000000
63577  3.687  -3.541  73.511 0.0000000000
133185  3.240  -3.144  73.148 0.0000000000
63584  3.322  -2.964  72.577 0.0000000000
128672  2.450  -2.539  72.744 0.0000000000
65701  6.351  -2.240  76.625 0.0000000000
66712  5.751  -1.866  76.277 0.0000000000
67858  5.379  -0.608  74.724 0.0000000000
66717  5.404  -1.572  75.739 0.0000000000
66723  5.155  -1.250  75.038 0.0000000000
65714  4.620  -1.936  75.138 0.0000000000
66724  4.640  -1.484  74.792 0.0000000000
118108  6.359  0.681  72.004 0.0000000000
70050  5.587  0.551  73.115 0.0000000000
119418  5.604  0.563  72.703 0.0000000000
68976  4.658  0.293  72.418 0.0000000000
68957  4.780  0.131  73.375 0.0000000000
68958  4.251  -0.256  73.107 0.0000000000
67865  4.302  -0.662  73.970 0.0000000000
66739  3.250  -1.000  73.190 0.0000000000
66735  2.929  -1.274  73.105 0.0000000000
67872  3.449  -0.690  72.939 0.0000000000
67886  3.411  -0.408  71.114 0.0000000000
66746  2.731  -0.839  71.393 0.0000000000
66749  3.119  -1.014  70.504 0.0000000000
65738  3.095  -1.410  71.029 0.0000000000
66752  3.110  -1.106  69.602 0.0000000000
125467  3.308  -0.496  69.276 0.0000000000
119750  4.919  0.511  67.229 0.0000000000
69037  5.017  0.304  66.502 0.0000000000
67930  4.206  -0.154  66.348 0.0000000000
70153  6.157  1.183  66.720 0.0000000000
62505  18.014  -2.928  71.924 0.0000000000
61415  18.697  -3.056  71.362 0.0000000000
61416  17.899  -3.166  71.414 0.0000000000
57856  8.913  -8.316  77.354 0.0000000000
60230  8.143  -6.826  79.091 0.0000000000
59011  8.317  -7.430  78.879 0.0000000000
57838  8.071  -8.254  79.124 0.0000000000
54206  4.900  -11.729  77.219 0.0000000000
54255  4.615  -12.021  72.969 0.0000000000
124990  4.580  -12.515  73.378 0.0000000000
53143  4.544  -12.604  72.541 0.0000000000
53142  4.675  -12.486  71.467 0.0000000000
57909  4.827  -8.803  72.595 0.0000000000
57920  5.036  -8.945  71.836 0.0000000000
55548  5.491  -10.504  70.178 0.0000000000
55539  5.328  -10.579  70.980 0.0000000000
54270  5.092  -11.330  70.274 0.0000000000
119614  4.886  -11.994  70.637 0.0000000000
55562  5.849  -10.236  69.015 0.0000000000
54288  5.643  -11.485  68.950 0.0000000000
54299  6.164  -11.496  68.257 0.0000000000
53182  6.329  -12.200  68.031 0.0000000000
62533  3.382  -3.182  68.504 0.0000000000
62532  3.768  -3.328  69.052 0.0000000000
62541  3.524  -3.592  68.413 0.0000000000
62539  4.653  -4.265  68.821 0.0000000000
61442  6.062  -5.031  70.486 0.0000000000
62530  5.859  -4.528  69.746 0.0000000000
60337  4.657  -6.141  66.300 0.0000000000
60313  4.585  -5.525  66.805 0.0000000000
60312  4.902  -5.382  67.205 0.0000000000
60299  7.639  -5.878  68.485 0.0000000000
61462  7.017  -5.216  68.421 0.0000000000
59115  7.162  -6.511  69.339 0.0000000000
59126  7.021  -7.632  69.322 0.0000000000
57954  7.454  -8.126  68.547 0.0000000000
56841  7.513  -9.875  66.991 0.0000000000
127018  7.209  -9.519  67.680 0.0000000000
139897  7.210  -10.383  66.881 0.0000000000
55601  7.027  -10.962  66.819 0.0000000000
53202  7.334  -12.540  65.947 0.0000000000
54306  7.625  -11.241  66.059 0.0000000000
54330  9.172  -11.675  64.376 0.0000000000
60384  9.328  -6.927  64.565 0.0000000000
59195  9.571  -7.442  65.076 0.0000000000
59194  9.784  -7.461  64.284 0.0000000000
56859  10.573  -8.898  63.523 0.0000000000
54339  9.972  -11.525  63.262 0.0000000000
64789  8.369  -2.417  56.909 0.0000000000
132801  7.513  -3.326  57.809 0.0000000000
63682  7.303  -2.940  58.340 0.0000000000
133112  6.333  -3.341  58.933 0.0000000000
63670  5.750  -3.618  59.446 0.0000000000
62607  6.093  -4.135  58.811 0.0000000000
61552  5.255  -5.900  58.305 0.0000000000
61537  4.924  -5.409  59.157 0.0000000000
61539  3.699  -5.899  60.185 0.0000000000
61554  3.766  -6.606  59.410 0.0000000000
61587  4.010  -5.643  55.566 0.0000000000
62652  4.648  -4.975  55.507 0.0000000000
61586  5.045  -5.522  55.815 0.0000000000
61574  5.329  -5.900  56.426 0.0000000000
60471  4.625  -6.452  56.869 0.0000000000
59317  2.782  -8.027  57.951 0.0000000000
120308  3.660  -7.324  57.853 0.0000000000
59316  3.069  -7.775  58.462 0.0000000000
59306  3.256  -7.609  59.206 0.0000000000
119399  2.937  -8.020  58.673 0.0000000000
58069  3.636  -8.478  60.147 0.0000000000
56927  4.901  -9.217  58.469 0.0000000000
125987  4.490  -8.811  59.145 0.0000000000
58068  6.404  -8.529  60.342 0.0000000000
58089  6.571  -8.542  59.446 0.0000000000
134569  5.651  -9.891  56.788 0.0000000000
69989  12.741  1.651  76.109 0.0000000000
70003  12.336  1.924  75.491 0.0000000000
70042  12.992  1.619  74.119 0.0000000000
70062  13.464  0.771  73.184 0.0000000000
69985  15.530  0.727  75.187 0.0000000000
136701  15.424  0.307  76.421 0.0000000000
69978  14.566  0.873  76.389 0.0000000000
68918  14.249  1.017  77.209 0.0000000000
68909  13.781  1.060  77.863 0.0000000000
69979  13.811  1.138  76.557 0.0000000000
69988  13.425  1.400  76.002 0.0000000000
51048  7.015  -14.599  64.782 0.0000000000
52164  7.541  -13.709  65.076 0.0000000000
60237  4.794  -6.212  78.909 0.0000000000
126451  5.120  -5.839  77.687 0.0000000000
63551  5.738  -3.777  76.798 0.0000000000
62466  7.135  -4.563  80.110 0.0000000000
125908  7.835  -5.380  79.866 0.0000000000
127749  5.725  -5.851  79.712 0.0000000000
127892  5.048  -5.738  79.193 0.0000000000
120605  4.033  -4.119  73.152 0.0000000000
61434  4.316  -4.316  72.780 0.0000000000
62511  4.553  -4.018  72.002 0.0000000000
62521  4.749  -3.570  70.760 0.0000000000
59224  2.921  -6.789  63.499 0.0000000000
128446  3.083  -6.626  63.891 0.0000000000
58002  3.286  -7.408  63.386 0.0000000000
58001  3.806  -7.749  63.823 0.0000000000
58014  4.156  -8.077  63.461 0.0000000000
59223  5.751  -8.144  63.996 0.0000000000
58031  4.220  -8.244  62.781 0.0000000000
56896  4.869  -8.465  61.395 0.0000000000
125936  7.973  -0.821  78.893 0.0000000000
140361  7.348  -0.928  78.633 0.0000000000
67836  8.363  -0.377  78.409 0.0000000000
68923  8.583  1.025  76.938 0.0000000000
70045  10.527  1.552  73.319 0.0000000000
70081  10.181  0.681  72.353 0.0000000000
68975  9.686  0.464  71.625 0.0000000000
137724  10.169  0.301  71.100 0.0000000000
63570  18.405  -2.144  73.680 0.0000000000
63563  18.184  -2.066  73.995 0.0000000000
64663  15.372  -1.876  77.047 0.0000000000
64671  15.619  -2.252  76.405 0.0000000000
63553  14.339  -3.100  76.524 0.0000000000
62472  11.679  -3.828  77.590 0.0000000000
66701  11.090  -0.612  78.563 0.0000000000
121877  11.137  -1.268  78.711 0.0000000000
65687  10.068  -1.696  79.685 0.0000000000
65688  9.589  -1.686  79.999 0.0000000000
64647  9.281  -2.336  80.150 0.0000000000
66697  8.367  -1.175  79.604 0.0000000000
66771  2.678  -0.497  66.497 0.0000000000
66772  2.093  -0.562  66.739 0.0000000000
141151  3.040  -1.130  65.994 0.0000000000
65759  3.018  -1.781  65.481 0.0000000000
139542  3.451  -1.834  64.821 0.0000000000
65814  5.216  -1.464  61.372 0.0000000000
65800  4.550  -1.810  62.676 0.0000000000
65815  4.594  -2.081  61.869 0.0000000000
64748  4.193  -2.931  62.060 0.0000000000
64749  3.755  -3.384  62.291 0.0000000000
63642  3.315  -3.742  62.486 0.0000000000
63641  4.055  -3.538  61.581 0.0000000000
63659  4.087  -4.039  61.164 0.0000000000
62506  23.366  -3.015  70.488 0.0000000000
66738  23.918  -0.327  72.468 0.0000000000
65724  20.987  -1.196  73.322 0.0000000000
124273  21.617  -0.005  73.747 0.0000000000
68938  21.963  0.232  73.514 0.0000000000
120836  18.538  1.516  73.310 0.0000000000
133908  5.074  -11.112  76.484 0.0000000000
55478  5.037  -10.321  76.626 0.0000000000
56718  5.171  -9.431  76.352 0.0000000000
61400  4.743  -5.611  75.801 0.0000000000
60247  4.706  -6.257  75.605 0.0000000000
127580  4.339  -4.966  75.009 0.0000000000
61403  4.302  -5.144  74.714 0.0000000000
61406  4.295  -5.010  74.406 0.0000000000
62493  4.261  -4.571  74.386 0.0000000000
63573  3.903  -4.032  73.769 0.0000000000
63574  3.618  -3.236  73.601 0.0000000000
67851  6.582  -0.924  75.786 0.0000000000
66716  6.024  -1.348  76.060 0.0000000000
67857  6.021  -0.451  75.080 0.0000000000
68937  5.570  -0.063  74.462 0.0000000000
68946  5.265  0.258  74.082 0.0000000000
134091  5.825  0.935  71.042 0.0000000000
70071  5.470  0.566  72.261 0.0000000000
70088  5.255  0.651  71.620 0.0000000000
68977  4.075  0.176  71.957 0.0000000000
67875  3.663  -0.116  72.364 0.0000000000
132324  4.415  0.398  71.556 0.0000000000
67885  4.021  0.183  70.814 0.0000000000
131147  3.849  -0.064  69.841 0.0000000000
67895  3.947  -0.081  69.040 0.0000000000
69014  4.385  0.266  68.553 0.0000000000
69023  4.965  0.667  68.090 0.0000000000
70154  5.790  0.791  66.572 0.0000000000
61407  16.740  -3.334  72.553 0.0000000000
61418  16.531  -3.495  71.922 0.0000000000
60241  10.062  -6.132  77.479 0.0000000000
59023  9.394  -6.756  77.823 0.0000000000
59024  8.937  -7.353  78.163 0.0000000000
57830  8.072  -8.549  79.772 0.0000000000
56690  4.867  -9.747  79.575 0.0000000000
127765  3.507  -9.843  80.685 0.0000000000
55449  4.541  -10.123  79.962 0.0000000000
132787  4.811  -11.292  78.509 0.0000000000
55503  4.992  -11.208  74.807 0.0000000000
54241  4.746  -11.642  74.173 0.0000000000
55512  4.758  -10.782  74.301 0.0000000000
55521  4.593  -11.251  73.443 0.0000000000
119683  4.571  -10.378  72.745 0.0000000000
57919  5.489  -8.493  71.425 0.0000000000
121421  5.418  -9.147  71.234 0.0000000000
122435  5.307  -11.093  69.769 0.0000000000
55547  5.643  -10.401  69.634 0.0000000000
56789  5.894  -9.737  69.572 0.0000000000
56809  6.128  -9.447  68.974 0.0000000000
62545  3.393  -3.647  67.506 0.0000000000
61465  3.962  -4.031  67.888 0.0000000000
61464  4.454  -4.339  68.056 0.0000000000
60335  6.729  -5.931  66.587 0.0000000000
61485  6.081  -5.426  67.245 0.0000000000
61483  7.622  -5.681  66.971 0.0000000000
136761  8.041  -5.891  67.742 0.0000000000
59124  8.151  -6.491  68.009 0.0000000000
59137  8.036  -7.388  68.157 0.0000000000
56827  8.096  -8.970  67.253 0.0000000000
56840  8.251  -9.672  66.484 0.0000000000
56850  8.961  -9.436  65.811 0.0000000000
59220  8.820  -7.265  63.357 0.0000000000
59218  10.024  -7.552  63.538 0.0000000000
59246  9.667  -7.397  63.035 0.0000000000
56878  10.953  -9.245  62.713 0.0000000000
63694  7.638  -3.577  57.027 0.0000000000
62620  7.047  -4.046  57.462 0.0000000000
62621  6.367  -4.671  57.951 0.0000000000
61551  5.921  -5.537  57.950 0.0000000000
60485  3.454  -6.413  55.557 0.0000000000
60472  3.763  -6.906  56.415 0.0000000000
59327  2.962  -8.076  57.462 0.0000000000
58109  3.185  -8.645  58.205 0.0000000000
56929  3.703  -8.792  58.704 0.0000000000
122895  3.839  -9.373  57.843 0.0000000000
137410  4.574  -9.466  57.987 0.0000000000
125942  5.181  -9.481  57.928 0.0000000000
68912  10.452  0.466  77.745 0.0000000000
68921  10.169  1.035  77.341 0.0000000000
134125  10.716  1.232  76.909 0.0000000000
135580  11.103  1.708  75.712 0.0000000000
70005  10.932  2.119  75.066 0.0000000000
118117  11.812  2.064  74.789 0.0000000000
118116  11.604  1.921  74.072 0.0000000000
67855  17.171  -0.820  75.580 0.0000000000
66713  17.381  -0.955  75.406 0.0000000000
66714  16.691  -0.838  76.227 0.0000000000
66715  16.026  -0.621  76.828 0.0000000000
120775  15.527  0.270  76.852 0.0000000000
66707  15.573  0.008  77.149 0.0000000000
65708  14.988  -1.363  77.466 0.0000000000
64656  14.169  -1.581  77.942 0.0000000000
65699  13.363  -1.312  78.171 0.0000000000
66699  12.991  -0.842  78.464 0.0000000000
131297  12.587  -0.407  78.495 0.0000000000
67840  13.043  0.747  78.118 0.0000000000
67831  12.470  0.112  78.396 0.0000000000
67832  11.831  -0.077  78.510 0.0000000000
68906  11.631  0.219  78.243 0.0000000000
68907  11.159  0.292  77.996 0.0000000000
67970  5.728  0.646  63.506 0.0000000000
67971  5.414  -0.106  63.834 0.0000000000
66821  5.427  -0.500  62.461 0.0000000000
66838  5.549  -0.712  61.616 0.0000000000
66836  6.803  0.125  60.697 0.0000000000
66837  6.193  -0.303  61.140 0.0000000000
65813  5.805  -1.009  60.861 0.0000000000
65823  6.214  -1.473  60.293 0.0000000000
64771  6.540  -1.892  59.705 0.0000000000
57848  4.933  -9.070  77.486 0.0000000000
60240  4.830  -5.743  76.706 0.0000000000
61397  4.810  -5.048  76.038 0.0000000000
62477  4.729  -4.462  75.558 0.0000000000
63557  4.586  -3.770  75.304 0.0000000000
64666  4.410  -3.024  75.134 0.0000000000
70048  7.201  0.712  73.168 0.0000000000
70049  6.471  0.638  73.057 0.0000000000
70069  6.849  0.618  72.608 0.0000000000
70085  6.710  0.994  71.280 0.0000000000
70098  7.512  1.088  69.581 0.0000000000
118106  6.429  1.036  70.692 0.0000000000
118105  6.514  0.912  69.897 0.0000000000
70116  6.240  0.778  69.289 0.0000000000
70129  6.062  0.824  68.382 0.0000000000
70143  6.374  1.203  67.432 0.0000000000
61383  8.870  -5.739  78.736 0.0000000000
121526  7.655  -6.060  79.708 0.0000000000
60231  7.886  -6.879  79.601 0.0000000000
57826  5.317  -9.698  80.314 0.0000000000
57827  4.865  -10.076  80.995 0.0000000000
57834  5.116  -9.608  80.216 0.0000000000
139118  5.255  -8.611  79.388 0.0000000000
121646  5.070  -9.250  79.300 0.0000000000
59082  4.820  -7.363  74.158 0.0000000000
119342  4.901  -8.452  73.492 0.0000000000
129930  4.895  -7.580  73.252 0.0000000000
135706  5.470  -6.904  72.348 0.0000000000
60269  5.115  -5.924  72.587 0.0000000000
59099  5.736  -7.447  71.742 0.0000000000
129935  6.063  -6.892  70.958 0.0000000000
60340  3.456  -5.536  65.030 0.0000000000
60315  3.638  -4.997  66.057 0.0000000000
60339  4.078  -5.899  65.525 0.0000000000
59174  3.966  -6.713  64.928 0.0000000000
59173  4.380  -7.026  65.241 0.0000000000
60363  4.753  -6.782  65.999 0.0000000000
60362  5.952  -6.645  65.845 0.0000000000
132432  7.098  -6.514  65.799 0.0000000000
60361  7.996  -6.468  65.696 0.0000000000
60359  9.133  -6.910  65.359 0.0000000000
60402  8.287  -6.959  64.173 0.0000000000
59222  6.667  -7.980  63.786 0.0000000000
59221  7.710  -7.592  63.463 0.0000000000
141568  8.218  -7.676  63.029 0.0000000000
59247  8.528  -7.753  62.533 0.0000000000
59273  8.973  -7.840  61.661 0.0000000000
130407  3.208  -7.538  54.952 0.0000000000
56989  4.078  -9.499  56.266 0.0000000000
58161  4.266  -9.156  55.192 0.0000000000
58193  5.269  -8.842  53.901 0.0000000000
51013  6.687  -13.272  66.901 0.0000000000
130227  6.311  -3.208  79.249 0.0000000000
63547  6.338  -3.562  78.266 0.0000000000
64651  6.630  -3.087  78.009 0.0000000000
66706  7.088  -2.028  77.224 0.0000000000
66710  7.322  -1.272  77.252 0.0000000000
66705  7.427  -0.576  78.174 0.0000000000
67845  7.591  -0.612  77.199 0.0000000000
67846  7.202  -1.166  76.455 0.0000000000
68935  7.145  -0.055  75.071 0.0000000000
70008  6.993  0.499  74.117 0.0000000000
69983  9.909  1.257  76.739 0.0000000000
68932  9.143  1.191  76.481 0.0000000000
69992  8.917  1.267  75.679 0.0000000000
70024  9.686  1.875  74.495 0.0000000000
134925  8.994  1.578  74.588 0.0000000000
70007  8.573  1.424  74.960 0.0000000000
118112  7.714  0.811  72.890 0.0000000000
118110  7.693  0.657  71.793 0.0000000000
62494  19.710  -2.687  71.901 0.0000000000
62504  19.239  -2.861  71.624 0.0000000000
136752  18.981  -2.640  72.213 0.0000000000
62487  18.075  -2.477  73.265 0.0000000000
62488  17.535  -2.738  73.228 0.0000000000
62497  17.427  -2.941  72.541 0.0000000000
117404  16.896  -3.137  73.220 0.0000000000
62499  15.590  -4.112  73.231 0.0000000000
64669  16.981  -1.920  75.554 0.0000000000
63558  16.652  -2.428  75.414 0.0000000000
63559  15.997  -2.717  75.866 0.0000000000
63565  16.283  -2.919  75.104 0.0000000000
62482  15.955  -3.408  74.562 0.0000000000
62490  15.839  -3.987  74.029 0.0000000000
122125  15.001  -4.225  74.006 0.0000000000
62478  13.386  -3.796  75.717 0.0000000000
61396  10.696  -5.148  77.131 0.0000000000
61393  10.315  -5.282  78.003 0.0000000000
61388  9.953  -5.179  78.681 0.0000000000
64658  12.402  -2.322  78.036 0.0000000000
63544  11.799  -2.805  78.298 0.0000000000
121194  11.262  -2.997  78.789 0.0000000000
137864  11.185  -1.826  78.847 0.0000000000
64653  10.925  -2.459  79.165 0.0000000000
141047  10.416  -3.759  79.354 0.0000000000
131236  9.403  -5.067  79.052 0.0000000000
62464  8.831  -4.553  80.107 0.0000000000
137228  8.264  -4.045  80.248 0.0000000000
125020  8.956  -3.089  80.252 0.0000000000
125398  8.009  -3.218  80.245 0.0000000000
63541  7.489  -3.884  80.194 0.0000000000
64703  3.436  -2.379  70.062 0.0000000000
141519  2.577  -2.612  68.633 0.0000000000
63608  2.187  -3.209  67.762 0.0000000000
137721  1.943  -1.320  66.571 0.0000000000
131354  1.845  -2.787  67.425 0.0000000000
63611  2.014  -3.334  66.930 0.0000000000
62550  2.307  -3.793  66.122 0.0000000000
62553  2.362  -4.290  65.208 0.0000000000
121582  5.046  -1.062  63.577 0.0000000000
131085  4.334  -1.636  63.939 0.0000000000
66807  3.534  -1.883  64.206 0.0000000000
65801  4.127  -2.337  63.136 0.0000000000
65785  3.107  -2.228  63.949 0.0000000000
64723  2.551  -2.590  64.419 0.0000000000
63618  2.144  -3.289  64.670 0.0000000000
118661  2.204  -3.952  65.029 0.0000000000
131222  2.706  -5.217  64.490 0.0000000000
61491  2.399  -5.552  64.055 0.0000000000
61498  2.388  -5.656  63.750 0.0000000000
61497  2.651  -5.186  63.108 0.0000000000
60403  2.588  -6.037  63.224 0.0000000000
60414  2.790  -6.437  62.309 0.0000000000
60420  2.873  -6.836  61.482 0.0000000000
70018  15.078  1.397  74.208 0.0000000000
70041  14.750  1.290  73.861 0.0000000000
70060  15.211  0.958  73.313 0.0000000000
68970  15.586  -0.093  71.919 0.0000000000
117602  20.507  -2.868  71.100 0.0000000000
65729  25.575  -0.865  71.228 0.0000000000
117440  23.464  -2.472  70.778 0.0000000000
120396  22.789  -2.245  71.160 0.0000000000
64693  23.477  -1.279  71.685 0.0000000000
63581  21.940  -2.578  71.121 0.0000000000
117497  21.069  -2.270  71.579 0.0000000000
63582  20.409  -2.684  71.536 0.0000000000
121012  20.223  -2.408  72.142 0.0000000000
64673  20.235  -1.240  73.708 0.0000000000
64674  19.462  -1.411  73.999 0.0000000000
65719  19.157  -1.131  74.332 0.0000000000
65712  18.812  -1.014  74.560 0.0000000000
67854  18.615  -0.810  74.511 0.0000000000
68949  21.805  0.431  73.225 0.0000000000
69994  20.898  0.181  73.184 0.0000000000
70013  20.318  0.439  72.949 0.0000000000
68939  19.927  -0.111  73.556 0.0000000000
68927  19.261  -0.365  73.926 0.0000000000
68928  17.647  -0.724  74.858 0.0000000000
122254  17.301  -0.094  74.549 0.0000000000
70016  17.730  1.115  73.634 0.0000000000
69998  16.865  1.209  74.058 0.0000000000
69999  16.032  1.094  74.469 0.0000000000
137152  15.714  1.299  74.197 0.0000000000
124741  5.187  -11.453  75.696 0.0000000000
139119  5.135  -11.104  75.299 0.0000000000
122298  4.882  -10.448  74.894 0.0000000000
59047  4.677  -7.078  75.424 0.0000000000
121267  4.762  -7.891  75.253 0.0000000000
59061  4.745  -8.263  74.961 0.0000000000
141985  4.653  -7.896  74.920 0.0000000000
59073  4.505  -6.444  74.281 0.0000000000
124029  4.106  -4.385  73.705 0.0000000000
63583  3.651  -3.568  72.849 0.0000000000
63589  3.837  -3.265  72.190 0.0000000000
125597  6.433  -3.355  77.387 0.0000000000
64655  5.990  -3.224  76.744 0.0000000000
65709  5.210  -2.065  76.039 0.0000000000
65703  5.107  -2.559  76.176 0.0000000000
140846  4.827  -2.656  75.923 0.0000000000
65711  4.604  -2.471  75.415 0.0000000000
65715  4.440  -2.224  74.895 0.0000000000
119219  6.010  0.625  73.279 0.0000000000
68950  5.473  0.511  73.887 0.0000000000
68947  4.933  0.073  74.213 0.0000000000
70051  5.305  0.465  72.981 0.0000000000
68952  4.892  0.152  73.717 0.0000000000
137212  4.654  -0.527  74.203 0.0000000000
66730  4.404  -1.070  74.440 0.0000000000
66731  4.196  -1.227  74.306 0.0000000000
65721  4.035  -2.216  74.181 0.0000000000
65726  3.533  -1.800  73.536 0.0000000000
64682  3.196  -2.422  73.127 0.0000000000
64688  2.392  -2.169  72.478 0.0000000000
67876  3.034  -0.552  72.523 0.0000000000
65731  1.912  -1.457  72.518 0.0000000000
138698  1.993  -2.051  72.312 0.0000000000
65734  2.921  -1.784  71.725 0.0000000000
130786  3.386  -1.995  70.818 0.0000000000
66755  2.246  -0.714  68.940 0.0000000000
66762  1.919  -0.347  68.114 0.0000000000
67908  3.490  0.047  68.075 0.0000000000
67920  3.146  0.204  67.285 0.0000000000
136909  2.432  0.008  66.965 0.0000000000
67943  4.526  -0.615  65.632 0.0000000000
70144  5.807  0.908  67.758 0.0000000000
70165  6.111  1.044  65.757 0.0000000000
69049  6.483  1.555  64.970 0.0000000000
69050  5.936  0.803  64.961 0.0000000000
69074  5.765  0.851  64.080 0.0000000000
67969  6.062  1.318  62.980 0.0000000000
70061  14.338  0.860  73.273 0.0000000000
132351  18.442  -3.281  70.903 0.0000000000
61426  17.688  -3.447  70.689 0.0000000000
137323  17.089  -3.381  71.400 0.0000000000
126261  8.787  -7.100  78.497 0.0000000000
56688  8.419  -8.592  78.268 0.0000000000
56758  4.632  -9.444  73.027 0.0000000000
55530  4.861  -10.511  71.857 0.0000000000
56768  5.240  -9.754  71.467 0.0000000000
53152  4.944  -12.610  70.419 0.0000000000
54277  5.284  -11.636  69.561 0.0000000000
63602  3.864  -3.009  69.599 0.0000000000
62522  4.243  -3.179  70.156 0.0000000000
128543  4.727  -3.731  69.639 0.0000000000
119106  5.392  -4.149  70.713 0.0000000000
130774  5.785  -4.854  70.899 0.0000000000
59106  6.368  -6.828  70.507 0.0000000000
60314  4.385  -5.366  66.501 0.0000000000
61475  4.711  -4.865  67.454 0.0000000000
61463  4.993  -4.638  68.096 0.0000000000
61473  6.686  -5.104  67.820 0.0000000000
131854  6.327  -4.852  68.408 0.0000000000
62529  6.063  -4.623  69.048 0.0000000000
61453  6.382  -5.160  69.756 0.0000000000
60288  6.653  -6.176  69.969 0.0000000000
57943  6.334  -8.120  69.830 0.0000000000
57955  6.576  -8.600  69.139 0.0000000000
55561  6.386  -10.050  68.216 0.0000000000
56807  7.564  -8.772  67.934 0.0000000000
55580  6.436  -10.879  67.705 0.0000000000
54298  6.720  -11.746  67.280 0.0000000000
53193  6.942  -12.911  66.303 0.0000000000
135202  7.751  -12.903  65.502 0.0000000000
56849  9.543  -9.160  65.088 0.0000000000
57997  10.242  -8.098  63.992 0.0000000000
56860  10.056  -9.015  64.354 0.0000000000
55638  9.385  -10.646  64.476 0.0000000000
122698  7.953  -0.494  59.007 0.0000000000
65832  7.150  -1.599  59.306 0.0000000000
64770  6.812  -2.220  59.156 0.0000000000
131307  7.784  -1.970  58.203 0.0000000000
63656  6.208  -2.713  59.425 0.0000000000
62591  4.983  -3.992  60.069 0.0000000000
62592  4.282  -4.372  60.633 0.0000000000
62609  4.561  -4.875  59.914 0.0000000000
62610  3.974  -5.211  60.445 0.0000000000
59294  3.062  -7.360  60.721 0.0000000000
61565  5.584  -6.081  57.348 0.0000000000
60456  4.018  -7.073  57.250 0.0000000000
132858  4.047  -7.042  58.512 0.0000000000
60434  3.515  -7.218  59.333 0.0000000000
118476  3.291  -7.103  60.018 0.0000000000
58070  3.381  -8.153  60.845 0.0000000000
56899  3.481  -8.304  60.821 0.0000000000
56897  4.088  -8.363  61.049 0.0000000000
129355  4.705  -8.523  60.627 0.0000000000
131877  3.827  -8.616  59.160 0.0000000000
56911  5.017  -8.687  59.902 0.0000000000
56895  5.577  -8.549  60.699 0.0000000000
58049  6.314  -8.573  61.152 0.0000000000
58048  7.057  -8.509  61.014 0.0000000000
58047  8.052  -8.335  60.809 0.0000000000
56957  5.180  -9.936  57.316 0.0000000000
56941  5.725  -9.551  57.587 0.0000000000
56925  6.590  -8.681  58.561 0.0000000000
58088  7.378  -8.503  59.069 0.0000000000
54263  4.524  -12.036  72.183 0.0000000000
56880  4.192  -8.454  61.982 0.0000000000
56882  3.442  -8.249  61.319 0.0000000000
56898  3.542  -8.306  60.738 0.0000000000
56913  3.765  -8.545  59.880 0.0000000000
56942  5.017  -9.723  57.590 0.0000000000
56943  3.938  -9.303  58.133 0.0000000000
56944  3.767  -9.254  58.247 0.0000000000
56959  3.559  -9.220  57.773 0.0000000000
56977  3.900  -9.342  57.186 0.0000000000
56988  4.736  -9.565  55.730 0.0000000000
57932  5.973  -8.424  70.295 0.0000000000
58013  4.932  -8.237  63.453 0.0000000000
58051  3.416  -8.225  61.534 0.0000000000
58128  3.011  -8.500  57.731 0.0000000000
59136  8.454  -7.198  67.553 0.0000000000
59154  4.140  -6.658  65.294 0.0000000000
59176  2.935  -6.400  64.111 0.0000000000
59250  3.452  -7.810  62.467 0.0000000000
59293  9.077  -8.175  60.632 0.0000000000
60360  8.630  -6.559  65.858 0.0000000000
60401  8.953  -6.857  64.136 0.0000000000
60404  2.365  -6.174  63.907 0.0000000000
60427  3.141  -6.533  60.848 0.0000000000
61484  7.003  -5.448  67.277 0.0000000000
61512  3.126  -5.366  61.801 0.0000000000
62520  5.710  -4.441  70.350 0.0000000000
62557  2.447  -4.676  64.521 0.0000000000
63605  2.731  -2.992  68.213 0.0000000000
63681  7.704  -2.632  58.025 0.0000000000
63693  8.002  -2.941  57.403 0.0000000000
64667  18.331  -1.124  74.556 0.0000000000
64684  23.621  -1.084  71.902 0.0000000000
64685  23.024  -1.072  71.978 0.0000000000
64689  26.105  -1.183  70.624 0.0000000000
64698  3.478  -2.406  71.187 0.0000000000
64707  2.849  -2.194  69.202 0.0000000000
64710  1.983  -2.781  68.216 0.0000000000
64719  1.925  -2.791  65.787 0.0000000000
65691  7.005  -1.785  79.574 0.0000000000
65693  10.437  -1.262  79.047 0.0000000000
65696  6.739  -2.507  77.676 0.0000000000
65698  14.615  -0.946  77.888 0.0000000000
65710  4.878  -2.209  75.749 0.0000000000
65720  4.320  -1.994  74.588 0.0000000000
65725  4.088  -1.580  74.246 0.0000000000
65728  2.461  -1.493  72.817 0.0000000000
65770  2.993  -2.102  64.659 0.0000000000
66703  9.636  -0.757  79.062 0.0000000000
66729  20.134  -0.882  74.203 0.0000000000
66736  25.166  -0.308  71.860 0.0000000000
66737  24.559  -0.330  72.191 0.0000000000
66742  25.670  -0.528  71.412 0.0000000000
66743  1.963  -0.829  72.043 0.0000000000
67837  15.100  0.084  77.674 0.0000000000
67862  19.841  -0.104  73.597 0.0000000000
67863  5.038  -0.191  74.206 0.0000000000
67864  4.752  -0.160  73.932 0.0000000000
67868  3.950  -0.664  73.420 0.0000000000
67871  24.011  0.144  72.740 0.0000000000
67881  2.948  -0.402  71.866 0.0000000000
67921  2.482  0.041  67.665 0.0000000000
67931  3.148  0.013  66.663 0.0000000000
68922  9.324  1.118  77.152 0.0000000000
68925  7.733  -0.305  75.838 0.0000000000
68930  15.705  0.351  75.598 0.0000000000
68943  7.463  0.409  74.820 0.0000000000
68951  5.170  0.426  73.712 0.0000000000
68956  5.037  0.365  73.437 0.0000000000
68964  4.769  0.210  72.911 0.0000000000
68965  4.208  -0.007  72.678 0.0000000000
68988  9.309  0.484  70.750 0.0000000000
68990  4.846  0.500  71.752 0.0000000000
68991  4.682  0.593  70.949 0.0000000000
69062  5.343  -0.242  65.144 0.0000000000
69980  13.124  1.330  76.647 0.0000000000
70017  16.295  1.292  74.031 0.0000000000
70022  11.134  2.093  74.463 0.0000000000
70023  10.458  2.047  74.453 0.0000000000
70026  7.534  0.717  73.799 0.0000000000
70028  5.520  0.555  73.495 0.0000000000
70070  5.819  0.677  72.153 0.0000000000
70087  5.609  0.753  71.582 0.0000000000
117543  2.962  -7.887  57.862 0.0000000000
118109  7.016  0.680  71.833 0.0000000000
118113  8.528  1.245  73.049 0.0000000000
118635  13.558  1.560  74.918 0.0000000000
119912  5.350  -8.846  59.081 0.0000000000
123545  20.973  0.279  73.407 0.0000000000
124674  4.209  -4.185  74.348 0.0000000000
126687  3.669  -6.926  64.062 0.0000000000
126722  1.781  -2.007  66.949 0.0000000000
128943  4.385  0.337  70.057 0.0000000000
130123  8.582  -6.574  66.506 0.0000000000
131021  5.687  -4.632  68.466 0.0000000000
131169  2.557  -6.470  63.765 0.0000000000
131650  2.950  -5.027  62.416 0.0000000000
134222  7.000  -12.296  66.573 0.0000000000
134886  13.183  1.091  77.821 0.0000000000
135831  9.639  -9.812  64.613 0.0000000000
136099  24.333  -0.962  71.873 0.0000000000
137871  2.080  -3.830  65.620 0.0000000000
138107  10.577  -9.845  63.206 0.0000000000
139420  6.622  -1.275  76.198 0.0000000000
139853  6.553  -5.023  68.945 0.0000000000
139868  5.198  0.509  73.137 0.0000000000
139995  3.094  -7.587  62.913 0.0000000000
140015  1.880  -1.424  72.032 0.0000000000
140629  6.773  -2.497  76.941 0.0000000000
141126  12.209  -0.220  78.552 0.0000000000
141535  6.025  -8.693  59.002 0.0000000000
141885  5.123  -8.101  64.083 0.0000000000
