#!ascii label  , from subject sub_0001 vox2ras=TkReg
1043
134032  22.712  -7.963  62.060 0.0000000000
66795  35.737  -0.139  62.194 0.0000000000
73225  36.802  5.382  37.342 0.0000000000
64879  30.446  -1.710  48.600 0.0000000000
63722  37.317  -3.726  54.814 0.0000000000
81615  46.250  14.700  25.802 0.0000000000
69306  38.532  1.532  39.439 0.0000000000
67119  33.813  -1.299  40.395 0.0000000000
59216  17.434  -7.343  63.412 0.0000000000
62564  27.900  -3.184  63.025 0.0000000000
63666  31.673  -2.064  59.428 0.0000000000
60442  24.409  -6.780  58.488 0.0000000000
78118  42.115  10.156  31.638 0.0000000000
60350  26.628  -6.843  65.625 0.0000000000
60305  21.255  -5.494  67.274 0.0000000000
77181  41.931  9.058  34.795 0.0000000000
60297  16.332  -5.140  68.338 0.0000000000
56776  11.594  -8.905  69.864 0.0000000000
67026  34.641  -0.076  45.596 0.0000000000
64825  34.428  -2.527  51.928 0.0000000000
59404  33.500  -7.339  52.890 0.0000000000
60466  32.486  -6.743  56.916 0.0000000000
129342  39.580  -0.255  39.808 0.0000000000
68221  36.214  -0.204  39.806 0.0000000000
67076  36.502  -1.208  42.046 0.0000000000
71311  41.773  2.706  39.540 0.0000000000
140756  20.408  -8.006  60.308 0.0000000000
58043  17.749  -8.709  61.276 0.0000000000
59242  19.841  -7.230  62.278 0.0000000000
135301  25.992  -7.542  62.050 0.0000000000
61522  26.495  -5.877  60.558 0.0000000000
131528  23.429  -8.028  59.730 0.0000000000
59314  21.558  -8.220  58.359 0.0000000000
74271  36.516  6.357  34.988 0.0000000000
73221  40.542  5.739  37.602 0.0000000000
75243  39.718  7.363  36.261 0.0000000000
76221  38.821  8.458  34.604 0.0000000000
61451  20.350  -4.000  69.208 0.0000000000
122844  18.785  -4.841  67.518 0.0000000000
60271  18.182  -3.998  69.300 0.0000000000
61412  12.405  -4.769  73.496 0.0000000000
60265  13.022  -5.346  70.649 0.0000000000
59091  10.770  -7.150  72.119 0.0000000000
56746  9.380  -9.650  73.723 0.0000000000
57877  9.139  -8.565  75.972 0.0000000000
66923  35.161  -0.426  54.172 0.0000000000
63741  36.402  -2.966  52.803 0.0000000000
61631  34.744  -5.764  51.790 0.0000000000
60505  35.651  -6.535  53.792 0.0000000000
63690  28.259  -2.215  57.345 0.0000000000
120842  31.633  -5.044  58.320 0.0000000000
62636  29.016  -4.422  55.737 0.0000000000
60494  29.401  -6.564  54.313 0.0000000000
120149  31.786  0.022  46.918 0.0000000000
67045  31.277  -0.270  44.357 0.0000000000
65952  29.405  -1.492  46.072 0.0000000000
83319  48.940  16.550  23.394 0.0000000000
81622  46.364  14.712  23.915 0.0000000000
71334  37.861  3.853  38.831 0.0000000000
139600  34.992  1.655  38.768 0.0000000000
72262  40.684  4.431  38.577 0.0000000000
65790  33.050  -0.210  62.570 0.0000000000
64742  33.904  -1.475  60.824 0.0000000000
64745  29.187  -1.429  61.143 0.0000000000
62605  27.721  -2.526  59.116 0.0000000000
136380  24.949  -4.549  57.860 0.0000000000
78996  44.180  10.639  32.714 0.0000000000
79026  44.633  11.108  31.068 0.0000000000
79926  44.104  12.934  29.272 0.0000000000
120777  43.987  12.915  26.217 0.0000000000
59188  24.319  -7.514  64.034 0.0000000000
137281  21.972  -7.113  64.141 0.0000000000
60326  23.645  -6.552  66.490 0.0000000000
60375  28.268  -6.238  64.165 0.0000000000
78098  41.634  9.308  33.443 0.0000000000
60356  19.107  -6.004  65.355 0.0000000000
59149  16.979  -6.020  65.919 0.0000000000
57976  14.662  -7.301  66.558 0.0000000000
60263  15.266  -4.561  70.349 0.0000000000
59112  13.809  -6.292  68.798 0.0000000000
55457  7.199  -10.383  78.837 0.0000000000
120730  36.636  -0.195  44.340 0.0000000000
66964  33.013  0.369  49.555 0.0000000000
66940  33.748  0.029  52.044 0.0000000000
64837  32.080  -2.483  50.698 0.0000000000
62703  33.155  -5.214  51.237 0.0000000000
60532  33.325  -6.681  51.282 0.0000000000
58199  30.283  -8.744  51.501 0.0000000000
62585  34.607  -4.199  60.226 0.0000000000
61546  34.873  -5.775  58.804 0.0000000000
60463  35.834  -6.421  56.144 0.0000000000
140385  32.932  -7.480  54.826 0.0000000000
59385  30.510  -8.044  53.413 0.0000000000
118035  33.728  -0.354  42.908 0.0000000000
65983  31.192  -1.325  41.949 0.0000000000
119117  39.092  -1.014  41.405 0.0000000000
67093  37.639  -0.860  41.144 0.0000000000
67074  38.260  -1.131  41.982 0.0000000000
68210  40.580  -0.367  40.300 0.0000000000
59266  20.963  -7.796  61.386 0.0000000000
59268  19.532  -7.582  61.258 0.0000000000
59241  20.812  -7.516  62.167 0.0000000000
59238  23.590  -7.936  61.960 0.0000000000
59284  24.634  -7.676  60.712 0.0000000000
59263  23.174  -8.127  61.301 0.0000000000
59286  21.783  -8.101  60.189 0.0000000000
73233  36.493  5.642  36.398 0.0000000000
73223  39.100  5.655  37.628 0.0000000000
74257  40.234  6.804  36.811 0.0000000000
74251  38.041  6.475  36.975 0.0000000000
74269  37.923  7.250  35.988 0.0000000000
119556  11.099  -5.661  73.980 0.0000000000
61413  11.687  -5.451  73.060 0.0000000000
60254  10.410  -6.884  73.743 0.0000000000
57907  10.034  -8.220  72.863 0.0000000000
57896  9.853  -8.289  73.703 0.0000000000
56734  9.150  -9.431  74.519 0.0000000000
64812  36.610  -2.244  53.977 0.0000000000
63723  36.973  -3.916  54.002 0.0000000000
62667  36.173  -4.991  52.944 0.0000000000
61593  36.585  -5.462  54.587 0.0000000000
65773  36.146  -0.576  61.688 0.0000000000
63700  27.119  -2.559  56.521 0.0000000000
62628  28.644  -3.054  56.775 0.0000000000
63709  27.821  -3.121  55.842 0.0000000000
119890  28.083  -4.208  54.410 0.0000000000
65946  30.747  -0.871  48.170 0.0000000000
65951  30.081  -0.844  46.457 0.0000000000
80734  46.290  13.742  27.258 0.0000000000
82442  48.169  15.180  27.318 0.0000000000
137818  47.123  15.805  25.836 0.0000000000
82454  47.245  15.885  25.003 0.0000000000
81618  46.212  14.836  24.868 0.0000000000
71325  38.294  3.241  39.256 0.0000000000
71327  36.578  2.903  38.920 0.0000000000
70375  37.076  2.354  39.244 0.0000000000
68222  35.299  -0.728  39.869 0.0000000000
126947  34.750  -0.021  39.122 0.0000000000
67135  34.210  -0.957  39.607 0.0000000000
70372  40.346  2.186  39.214 0.0000000000
126950  40.005  3.011  39.036 0.0000000000
71332  39.156  3.997  38.603 0.0000000000
59244  17.671  -7.612  62.581 0.0000000000
120138  16.238  -7.842  64.027 0.0000000000
65778  30.071  -0.995  63.196 0.0000000000
65792  31.522  -0.256  61.901 0.0000000000
64739  28.963  -1.619  62.055 0.0000000000
60431  25.408  -6.497  59.412 0.0000000000
62606  26.979  -3.709  59.896 0.0000000000
61534  26.271  -4.549  59.441 0.0000000000
62619  26.063  -3.813  58.574 0.0000000000
61550  24.678  -5.698  58.116 0.0000000000
60443  23.763  -7.236  58.119 0.0000000000
141856  31.620  -6.111  49.921 0.0000000000
79005  43.223  10.071  31.836 0.0000000000
79015  44.686  10.749  31.473 0.0000000000
79017  42.909  10.411  31.327 0.0000000000
79924  42.815  12.342  29.379 0.0000000000
79928  42.397  12.426  28.147 0.0000000000
79929  43.927  13.139  28.214 0.0000000000
59187  25.711  -7.365  64.320 0.0000000000
59166  24.541  -7.297  64.948 0.0000000000
60324  25.441  -6.544  66.435 0.0000000000
60376  27.510  -6.713  64.426 0.0000000000
59209  25.979  -7.442  63.611 0.0000000000
126623  43.134  10.608  34.071 0.0000000000
77188  41.723  9.352  34.164 0.0000000000
76232  38.983  8.982  33.384 0.0000000000
117906  21.559  -6.424  65.725 0.0000000000
60381  20.308  -6.366  64.461 0.0000000000
118379  20.660  -6.201  66.119 0.0000000000
60296  17.276  -4.778  68.007 0.0000000000
60331  17.391  -5.579  66.485 0.0000000000
59134  15.906  -5.764  66.980 0.0000000000
59151  15.215  -6.925  66.095 0.0000000000
130566  15.252  -6.012  67.358 0.0000000000
61419  15.731  -3.982  71.649 0.0000000000
60277  12.423  -6.378  70.102 0.0000000000
60276  13.297  -5.878  69.851 0.0000000000
59114  12.588  -7.493  69.256 0.0000000000
57953  13.127  -7.954  68.343 0.0000000000
68132  34.374  0.774  48.667 0.0000000000
65887  34.966  -1.533  52.951 0.0000000000
68080  34.434  0.550  52.441 0.0000000000
65889  33.686  -1.141  52.209 0.0000000000
65915  32.617  -0.991  51.127 0.0000000000
64827  33.177  -2.764  51.463 0.0000000000
63750  32.760  -3.288  51.138 0.0000000000
132352  33.592  -3.665  51.541 0.0000000000
60518  34.231  -6.990  52.374 0.0000000000
60531  34.055  -6.525  51.660 0.0000000000
59423  33.428  -7.090  52.069 0.0000000000
59406  31.798  -8.159  52.143 0.0000000000
59405  32.582  -7.550  52.611 0.0000000000
63652  33.204  -2.632  60.128 0.0000000000
63636  34.623  -2.572  60.291 0.0000000000
62587  33.021  -3.293  59.734 0.0000000000
61561  31.997  -5.902  58.111 0.0000000000
117666  33.151  -5.669  58.792 0.0000000000
60440  33.406  -6.250  58.086 0.0000000000
60449  35.711  -6.288  57.138 0.0000000000
119061  34.324  -6.945  56.625 0.0000000000
60464  34.691  -7.073  55.789 0.0000000000
59333  32.941  -7.237  56.109 0.0000000000
60509  28.407  -6.261  52.730 0.0000000000
59367  29.868  -7.430  53.953 0.0000000000
67043  35.749  -0.177  44.593 0.0000000000
118123  35.149  -0.284  43.981 0.0000000000
140353  34.463  -0.155  44.192 0.0000000000
65972  30.097  -1.423  43.944 0.0000000000
67063  31.233  -0.606  43.400 0.0000000000
82466  49.069  15.398  22.322 0.0000000000
69291  38.975  0.512  39.132 0.0000000000
68233  37.270  0.744  39.576 0.0000000000
120320  37.673  0.127  40.049 0.0000000000
133257  36.745  -0.665  40.192 0.0000000000
136831  35.287  -1.427  40.763 0.0000000000
69288  41.828  1.185  39.859 0.0000000000
69289  40.820  1.103  39.149 0.0000000000
59289  19.075  -7.927  60.646 0.0000000000
59243  18.913  -7.339  61.928 0.0000000000
59215  18.238  -7.106  63.164 0.0000000000
61504  27.803  -5.856  62.532 0.0000000000
61510  27.167  -4.702  61.663 0.0000000000
60417  26.852  -6.316  61.278 0.0000000000
60426  25.114  -7.290  59.910 0.0000000000
60432  24.734  -7.095  59.201 0.0000000000
139844  23.373  -7.755  58.441 0.0000000000
129510  22.556  -8.122  59.631 0.0000000000
59315  20.783  -8.248  59.042 0.0000000000
78131  40.106  9.893  30.824 0.0000000000
61482  26.864  -6.072  67.047 0.0000000000
75234  41.265  6.941  36.987 0.0000000000
75241  41.778  7.751  36.540 0.0000000000
76205  41.165  8.342  35.969 0.0000000000
77182  41.262  9.047  34.579 0.0000000000
75252  39.119  7.892  35.490 0.0000000000
75254  37.571  7.515  35.235 0.0000000000
60292  20.871  -4.755  67.744 0.0000000000
60306  20.410  -5.275  67.462 0.0000000000
60281  19.846  -4.313  68.691 0.0000000000
60282  18.644  -4.220  68.684 0.0000000000
60284  16.788  -4.665  68.789 0.0000000000
122626  14.160  -4.760  71.580 0.0000000000
61421  12.700  -4.999  72.580 0.0000000000
60267  11.324  -6.576  71.437 0.0000000000
134323  11.017  -7.916  70.666 0.0000000000
56756  10.294  -8.966  71.759 0.0000000000
65881  35.501  -1.422  53.533 0.0000000000
123781  35.782  -3.041  52.117 0.0000000000
63743  35.258  -4.013  51.867 0.0000000000
63742  36.058  -4.038  52.470 0.0000000000
61616  35.755  -5.660  52.757 0.0000000000
60506  35.050  -6.984  53.456 0.0000000000
62616  30.153  -2.872  58.273 0.0000000000
62603  31.824  -3.148  58.843 0.0000000000
136172  30.672  -3.758  58.230 0.0000000000
124781  30.529  -4.790  57.250 0.0000000000
61569  30.692  -5.610  56.677 0.0000000000
60468  30.734  -6.261  56.161 0.0000000000
61583  29.448  -5.264  55.359 0.0000000000
61596  28.416  -5.087  54.030 0.0000000000
67008  33.464  0.390  46.645 0.0000000000
118124  32.676  0.118  45.210 0.0000000000
67010  31.451  -0.022  46.105 0.0000000000
65958  29.884  -0.905  45.478 0.0000000000
83313  48.590  16.819  24.286 0.0000000000
82461  47.828  15.492  23.331 0.0000000000
72264  37.374  4.406  38.385 0.0000000000
72274  36.156  4.744  37.562 0.0000000000
72266  35.891  3.731  38.296 0.0000000000
69317  35.682  1.374  39.020 0.0000000000
68245  34.874  0.958  38.775 0.0000000000
71321  42.499  3.717  39.412 0.0000000000
72252  42.394  4.481  39.120 0.0000000000
73212  41.908  5.466  38.255 0.0000000000
73214  40.173  5.010  38.138 0.0000000000
72263  39.277  4.898  38.206 0.0000000000
65774  34.765  -0.425  62.716 0.0000000000
64726  34.819  -0.656  61.805 0.0000000000
64737  33.279  -0.709  61.588 0.0000000000
65806  32.020  -1.143  61.079 0.0000000000
64767  31.114  -1.368  59.948 0.0000000000
63640  27.996  -2.739  61.257 0.0000000000
63655  28.518  -2.147  60.299 0.0000000000
64769  29.658  -1.876  59.295 0.0000000000
63678  28.339  -2.034  58.216 0.0000000000
63692  26.399  -2.613  57.317 0.0000000000
135329  25.429  -3.332  56.734 0.0000000000
79914  46.043  11.516  30.698 0.0000000000
79028  42.937  11.139  30.861 0.0000000000
79916  44.329  11.674  30.519 0.0000000000
80728  45.664  12.824  29.748 0.0000000000
80732  45.743  13.436  28.747 0.0000000000
80735  45.677  13.595  27.563 0.0000000000
80738  45.200  13.678  26.174 0.0000000000
128974  45.300  13.785  25.349 0.0000000000
118064  23.212  -7.644  62.845 0.0000000000
59212  21.901  -7.321  63.356 0.0000000000
135865  22.788  -7.274  64.236 0.0000000000
120378  23.003  -6.818  65.730 0.0000000000
123001  22.889  -6.414  66.579 0.0000000000
60301  25.051  -6.083  67.231 0.0000000000
60290  22.776  -5.165  67.543 0.0000000000
61449  21.854  -3.920  68.817 0.0000000000
67946  35.454  0.492  63.220 0.0000000000
138998  33.279  -0.208  63.722 0.0000000000
65764  30.979  -0.511  64.184 0.0000000000
63619  29.092  -2.586  64.370 0.0000000000
63617  29.238  -3.680  64.587 0.0000000000
62560  28.582  -4.988  63.492 0.0000000000
60413  27.096  -7.157  62.857 0.0000000000
59236  25.536  -7.629  62.971 0.0000000000
78984  44.413  11.590  33.757 0.0000000000
136809  42.941  9.910  33.077 0.0000000000
78106  41.717  9.634  32.358 0.0000000000
134835  40.343  9.146  33.771 0.0000000000
77207  40.368  9.485  32.582 0.0000000000
78121  40.427  9.796  31.845 0.0000000000
60399  20.526  -6.716  63.690 0.0000000000
60400  19.809  -6.465  63.893 0.0000000000
59191  18.049  -6.891  63.996 0.0000000000
60330  18.721  -5.733  66.120 0.0000000000
60357  18.196  -6.074  65.320 0.0000000000
134722  17.164  -6.793  64.794 0.0000000000
57985  15.621  -7.180  65.470 0.0000000000
57986  14.935  -7.834  65.851 0.0000000000
130333  17.107  -3.752  70.098 0.0000000000
60273  15.582  -5.092  69.304 0.0000000000
60274  14.854  -5.101  69.758 0.0000000000
59111  14.624  -5.869  68.696 0.0000000000
57952  13.713  -7.389  67.819 0.0000000000
55476  8.306  -10.041  77.283 0.0000000000
67058  37.753  -0.570  43.321 0.0000000000
66987  34.888  0.023  47.088 0.0000000000
66989  33.194  0.504  47.306 0.0000000000
66976  32.169  -0.234  48.600 0.0000000000
65937  31.650  -0.668  49.127 0.0000000000
66951  33.017  0.029  50.627 0.0000000000
66952  32.371  -0.431  50.263 0.0000000000
139490  31.167  -2.153  49.837 0.0000000000
63769  31.307  -3.799  50.031 0.0000000000
62708  31.593  -4.798  50.187 0.0000000000
61649  32.854  -5.815  50.748 0.0000000000
62693  33.929  -5.299  51.412 0.0000000000
61648  33.746  -5.889  50.956 0.0000000000
59440  32.424  -7.084  50.573 0.0000000000
59425  31.730  -8.006  51.052 0.0000000000
123797  30.610  -9.329  51.049 0.0000000000
119066  37.538  -4.422  56.130 0.0000000000
63624  35.573  -1.932  60.846 0.0000000000
63634  35.987  -2.449  60.297 0.0000000000
62583  35.971  -3.760  59.697 0.0000000000
62601  33.521  -4.535  59.721 0.0000000000
61519  34.990  -4.981  60.153 0.0000000000
61528  36.381  -4.789  59.419 0.0000000000
61543  37.108  -5.114  58.326 0.0000000000
61558  37.068  -5.573  56.931 0.0000000000
62646  37.047  -5.197  55.201 0.0000000000
60490  35.676  -6.601  54.696 0.0000000000
60491  35.052  -7.039  54.330 0.0000000000
136466  32.845  -7.526  54.198 0.0000000000
59350  30.868  -7.136  55.095 0.0000000000
59365  31.426  -7.457  54.596 0.0000000000
120718  31.647  -7.982  53.215 0.0000000000
59407  29.959  -8.377  52.326 0.0000000000
118121  37.060  -1.059  42.768 0.0000000000
67077  35.622  -1.106  42.231 0.0000000000
133178  33.596  -0.845  41.992 0.0000000000
119650  32.941  -0.079  43.458 0.0000000000
67079  32.884  -0.419  42.577 0.0000000000
67098  32.362  -1.019  41.087 0.0000000000
80744  45.379  13.377  24.338 0.0000000000
67073  39.218  -1.065  42.478 0.0000000000
119538  40.636  -0.765  41.122 0.0000000000
59240  21.740  -7.912  61.975 0.0000000000
59264  22.398  -8.155  61.404 0.0000000000
59265  21.746  -8.107  61.038 0.0000000000
73232  37.300  6.114  36.935 0.0000000000
72282  36.036  5.030  36.716 0.0000000000
73224  38.101  5.871  37.501 0.0000000000
74250  38.864  6.240  37.045 0.0000000000
122820  10.649  -6.303  74.103 0.0000000000
60256  10.981  -6.269  73.389 0.0000000000
59081  10.181  -7.568  73.325 0.0000000000
59071  9.987  -7.547  74.176 0.0000000000
57886  9.555  -8.237  74.511 0.0000000000
64804  37.453  -2.949  55.158 0.0000000000
64805  37.133  -2.868  54.390 0.0000000000
62659  37.026  -4.657  54.576 0.0000000000
67959  36.245  0.420  62.177 0.0000000000
133443  35.705  -0.451  61.927 0.0000000000
63710  26.848  -3.002  55.626 0.0000000000
62648  27.516  -3.324  54.820 0.0000000000
141063  30.228  -1.485  47.892 0.0000000000
81611  46.446  14.247  26.684 0.0000000000
81610  47.272  14.811  27.040 0.0000000000
82451  46.861  15.154  26.271 0.0000000000
82455  46.713  15.314  25.387 0.0000000000
70373  38.885  2.429  39.317 0.0000000000
70374  37.960  2.500  39.464 0.0000000000
69307  37.615  1.543  39.492 0.0000000000
67118  34.617  -1.349  40.369 0.0000000000
130960  33.429  -1.231  39.778 0.0000000000
67120  32.893  -1.148  40.363 0.0000000000
69305  39.550  1.500  39.114 0.0000000000
138668  39.602  2.474  39.186 0.0000000000
71324  39.187  3.228  39.023 0.0000000000
58009  16.887  -8.105  62.880 0.0000000000
58010  16.231  -8.332  63.409 0.0000000000
59217  16.764  -7.635  63.722 0.0000000000
63628  28.472  -2.261  62.918 0.0000000000
64738  29.316  -1.343  62.785 0.0000000000
60441  24.892  -6.341  58.829 0.0000000000
61535  25.857  -5.637  59.366 0.0000000000
61536  25.240  -5.807  58.898 0.0000000000
61549  25.456  -4.862  58.718 0.0000000000
60454  24.132  -6.543  57.778 0.0000000000
60560  31.659  -6.885  49.490 0.0000000000
79931  42.716  12.201  26.980 0.0000000000
59164  26.202  -7.208  64.971 0.0000000000
59165  25.380  -7.272  65.017 0.0000000000
60351  25.838  -7.063  65.763 0.0000000000
60349  27.369  -6.593  65.353 0.0000000000
60377  26.920  -7.038  64.965 0.0000000000
77175  42.129  9.013  35.481 0.0000000000
77187  42.229  9.684  34.997 0.0000000000
78086  42.547  10.057  34.357 0.0000000000
137170  42.121  9.540  34.409 0.0000000000
60328  21.441  -6.187  66.608 0.0000000000
119915  20.680  -6.027  67.018 0.0000000000
60310  16.566  -5.342  67.510 0.0000000000
59120  15.746  -5.539  67.821 0.0000000000
61409  15.333  -4.266  72.434 0.0000000000
57930  11.499  -8.017  70.068 0.0000000000
59105  12.135  -7.327  69.795 0.0000000000
57942  12.088  -8.211  69.482 0.0000000000
57941  12.648  -8.263  68.924 0.0000000000
65888  34.365  -1.738  52.419 0.0000000000
65899  33.849  -2.042  52.082 0.0000000000
65900  33.222  -1.784  51.688 0.0000000000
64826  33.758  -2.771  51.769 0.0000000000
63653  32.574  -2.340  59.850 0.0000000000
62588  32.421  -2.894  59.327 0.0000000000
60453  31.886  -6.284  57.471 0.0000000000
60452  32.593  -6.308  57.717 0.0000000000
132585  33.173  -6.572  57.345 0.0000000000
60451  33.901  -6.640  57.380 0.0000000000
60465  33.454  -7.004  56.764 0.0000000000
119911  34.916  -0.145  44.783 0.0000000000
118637  33.988  -0.046  44.862 0.0000000000
68219  38.466  -0.262  39.879 0.0000000000
67116  37.310  -0.583  40.342 0.0000000000
67094  36.820  -1.094  41.033 0.0000000000
67117  36.099  -1.068  40.430 0.0000000000
67095  35.952  -1.308  41.306 0.0000000000
70343  42.952  1.882  40.837 0.0000000000
68218  40.421  0.185  39.710 0.0000000000
69290  39.877  0.528  39.150 0.0000000000
137126  18.368  -7.325  62.423 0.0000000000
123564  19.018  -7.015  62.791 0.0000000000
60412  27.242  -6.650  62.138 0.0000000000
61511  27.310  -5.637  61.824 0.0000000000
60418  26.641  -7.138  61.535 0.0000000000
59285  23.706  -7.979  60.544 0.0000000000
60425  25.541  -7.349  60.624 0.0000000000
59299  24.297  -7.650  59.816 0.0000000000
59300  23.133  -8.045  58.984 0.0000000000
127012  20.955  -8.107  59.869 0.0000000000
126370  41.139  6.316  37.354 0.0000000000
74258  39.346  6.726  36.667 0.0000000000
75242  40.701  7.569  36.477 0.0000000000
75251  40.143  8.089  35.743 0.0000000000
74270  37.168  6.920  35.545 0.0000000000
74277  36.953  7.034  34.613 0.0000000000
60280  20.544  -4.353  68.521 0.0000000000
60293  20.047  -4.737  68.055 0.0000000000
132776  19.288  -4.161  68.794 0.0000000000
60283  17.735  -4.360  68.679 0.0000000000
61411  13.302  -4.580  73.195 0.0000000000
120864  11.204  -6.280  72.426 0.0000000000
117389  10.873  -7.521  71.311 0.0000000000
57918  10.620  -8.399  71.196 0.0000000000
57906  10.398  -8.087  72.026 0.0000000000
56745  9.772  -9.065  73.177 0.0000000000
56757  9.987  -9.476  72.360 0.0000000000
56726  9.056  -9.169  75.388 0.0000000000
56717  8.902  -9.250  76.264 0.0000000000
140521  36.518  -2.587  53.383 0.0000000000
65880  35.870  -1.455  54.217 0.0000000000
64813  36.244  -2.071  53.320 0.0000000000
64819  35.748  -2.119  52.707 0.0000000000
61605  36.082  -5.829  53.320 0.0000000000
61606  35.544  -6.348  52.981 0.0000000000
62617  29.492  -2.724  57.935 0.0000000000
123142  29.252  -4.070  56.553 0.0000000000
127348  29.819  -4.231  57.143 0.0000000000
61570  30.004  -4.922  56.596 0.0000000000
61582  30.112  -5.671  55.908 0.0000000000
139215  29.569  -4.921  56.050 0.0000000000
67009  32.613  0.367  46.848 0.0000000000
136967  32.154  0.112  46.298 0.0000000000
82458  46.797  15.359  24.465 0.0000000000
82457  47.417  15.883  24.108 0.0000000000
82462  47.067  15.295  23.799 0.0000000000
81621  47.214  14.739  23.334 0.0000000000
80748  46.586  13.919  23.295 0.0000000000
72265  36.481  4.222  38.239 0.0000000000
130172  37.142  3.843  38.646 0.0000000000
70376  36.133  2.259  38.978 0.0000000000
70381  35.732  3.056  38.575 0.0000000000
70382  35.096  2.293  38.659 0.0000000000
69318  34.544  1.732  38.380 0.0000000000
68234  36.438  0.609  39.395 0.0000000000
135214  34.320  0.428  38.568 0.0000000000
68247  33.657  0.310  38.042 0.0000000000
71310  42.386  2.998  39.852 0.0000000000
71309  43.338  3.396  39.902 0.0000000000
72254  41.179  3.882  39.057 0.0000000000
72253  41.851  4.045  39.202 0.0000000000
72261  41.621  4.651  38.745 0.0000000000
72260  42.330  5.094  38.749 0.0000000000
73213  41.031  5.243  38.195 0.0000000000
71333  38.585  3.754  38.809 0.0000000000
123105  38.338  4.490  38.450 0.0000000000
64728  33.639  -0.324  62.852 0.0000000000
64727  34.351  -0.501  62.209 0.0000000000
64744  29.936  -0.917  61.518 0.0000000000
65807  30.969  -0.686  61.508 0.0000000000
64758  31.046  -1.101  60.742 0.0000000000
125955  30.190  -1.198  60.435 0.0000000000
120515  26.895  -5.297  61.098 0.0000000000
62576  27.367  -3.681  61.448 0.0000000000
62590  27.004  -4.215  60.866 0.0000000000
62589  27.712  -3.021  60.407 0.0000000000
132107  28.345  -2.300  59.615 0.0000000000
64760  28.966  -1.888  59.441 0.0000000000
63668  28.540  -2.090  58.946 0.0000000000
118692  25.566  -4.116  58.180 0.0000000000
63680  26.534  -2.736  58.054 0.0000000000
62629  25.365  -3.740  57.566 0.0000000000
140407  25.779  -3.051  57.298 0.0000000000
121136  24.800  -4.130  56.929 0.0000000000
123083  22.384  -8.107  58.935 0.0000000000
59313  22.644  -8.041  58.215 0.0000000000
78995  44.860  11.246  33.117 0.0000000000
79014  45.391  11.224  31.592 0.0000000000
79025  45.361  11.208  31.018 0.0000000000
79915  45.255  11.506  30.732 0.0000000000
78129  41.011  11.131  30.156 0.0000000000
79029  41.899  11.398  30.643 0.0000000000
79923  43.782  12.383  29.768 0.0000000000
79922  44.835  12.407  30.083 0.0000000000
80733  44.794  13.265  29.114 0.0000000000
79933  44.095  12.968  27.138 0.0000000000
80736  44.828  13.442  27.972 0.0000000000
80739  44.867  13.365  26.806 0.0000000000
120728  23.927  -7.633  63.280 0.0000000000
59189  23.378  -7.437  63.788 0.0000000000
60353  24.029  -7.008  65.710 0.0000000000
60378  23.495  -7.270  64.788 0.0000000000
60300  25.947  -6.066  67.182 0.0000000000
61458  24.097  -4.379  67.777 0.0000000000
61459  23.187  -4.368  67.795 0.0000000000
61460  22.278  -4.326  67.976 0.0000000000
66784  34.884  0.041  63.453 0.0000000000
64729  30.281  -1.133  63.957 0.0000000000
61490  28.696  -5.763  64.631 0.0000000000
62556  29.041  -5.155  64.254 0.0000000000
62559  28.869  -4.319  64.085 0.0000000000
61496  28.273  -5.938  63.337 0.0000000000
124871  27.619  -6.515  63.005 0.0000000000
122224  25.195  -7.547  63.766 0.0000000000
59210  24.687  -7.719  63.162 0.0000000000
59237  24.126  -7.806  62.538 0.0000000000
71344  35.032  3.779  37.256 0.0000000000
126104  42.776  10.000  33.667 0.0000000000
78096  43.490  10.506  33.329 0.0000000000
78097  42.266  9.506  33.114 0.0000000000
78099  41.499  9.357  32.831 0.0000000000
76214  39.780  8.532  34.943 0.0000000000
76219  40.428  8.964  34.414 0.0000000000
76220  39.530  8.898  34.046 0.0000000000
76233  38.239  8.694  32.942 0.0000000000
122638  39.783  9.261  33.185 0.0000000000
77209  38.780  9.176  32.621 0.0000000000
77208  39.547  9.453  32.206 0.0000000000
137450  21.254  -7.088  63.562 0.0000000000
60355  20.022  -6.164  65.320 0.0000000000
60382  19.435  -6.219  64.524 0.0000000000
59190  18.961  -6.631  63.713 0.0000000000
60383  18.549  -6.348  64.576 0.0000000000
60307  19.619  -5.042  67.559 0.0000000000
122166  19.202  -5.417  66.911 0.0000000000
60358  17.812  -5.815  65.980 0.0000000000
59168  17.400  -6.319  65.283 0.0000000000
59169  16.571  -6.763  65.233 0.0000000000
57977  14.319  -8.335  66.325 0.0000000000
61428  15.867  -4.138  70.702 0.0000000000
60261  16.380  -4.116  69.980 0.0000000000
126074  16.241  -4.624  69.357 0.0000000000
60262  15.664  -4.578  69.883 0.0000000000
141967  13.639  -4.957  71.126 0.0000000000
61431  14.073  -4.851  70.798 0.0000000000
59103  13.519  -6.117  69.317 0.0000000000
60275  14.017  -5.597  69.642 0.0000000000
60286  14.333  -5.745  69.244 0.0000000000
60285  15.013  -5.493  69.152 0.0000000000
59122  14.099  -6.471  68.154 0.0000000000
59123  13.416  -7.067  68.478 0.0000000000
56709  8.679  -9.256  77.127 0.0000000000
56696  8.578  -8.886  77.814 0.0000000000
132243  7.721  -10.150  78.396 0.0000000000
55465  8.126  -10.118  77.778 0.0000000000
67024  36.394  -0.130  45.248 0.0000000000
66988  33.992  0.479  47.233 0.0000000000
68147  34.620  0.552  47.802 0.0000000000
68133  33.480  0.612  48.824 0.0000000000
66975  32.775  0.297  48.645 0.0000000000
66965  32.273  -0.228  49.317 0.0000000000
68090  33.668  0.447  51.041 0.0000000000
65901  32.608  -2.123  51.197 0.0000000000
65916  32.121  -1.420  50.643 0.0000000000
65917  31.567  -1.802  50.232 0.0000000000
64850  31.456  -2.765  50.231 0.0000000000
63762  32.716  -4.254  51.001 0.0000000000
139509  31.998  -4.284  50.505 0.0000000000
62704  32.377  -5.021  50.701 0.0000000000
61663  31.935  -5.614  50.365 0.0000000000
62680  35.024  -5.121  51.788 0.0000000000
132458  34.322  -4.504  51.687 0.0000000000
62692  34.452  -5.356  51.656 0.0000000000
141244  33.866  -6.225  51.124 0.0000000000
60543  33.153  -6.271  50.833 0.0000000000
58209  31.053  -8.591  51.430 0.0000000000
64735  34.563  -1.074  61.319 0.0000000000
64734  35.148  -1.250  61.300 0.0000000000
63625  34.907  -1.871  60.811 0.0000000000
62574  34.312  -3.379  60.242 0.0000000000
63635  35.261  -2.526  60.257 0.0000000000
62573  34.930  -3.361  60.105 0.0000000000
62572  35.629  -3.176  59.898 0.0000000000
62584  35.329  -4.057  60.020 0.0000000000
61533  32.166  -4.392  58.950 0.0000000000
62602  32.956  -4.133  59.442 0.0000000000
61532  32.899  -4.954  59.264 0.0000000000
61547  33.982  -5.962  58.891 0.0000000000
61530  34.474  -5.321  59.427 0.0000000000
61529  35.273  -5.298  59.344 0.0000000000
61518  35.837  -4.858  60.040 0.0000000000
140832  35.945  -5.216  59.287 0.0000000000
61527  36.896  -4.886  58.993 0.0000000000
61544  36.372  -5.298  58.630 0.0000000000
61559  36.474  -6.001  57.322 0.0000000000
60462  36.417  -6.056  56.538 0.0000000000
61568  36.901  -5.603  55.951 0.0000000000
60478  36.327  -6.075  55.821 0.0000000000
61580  36.486  -5.788  55.252 0.0000000000
60479  36.032  -6.374  55.350 0.0000000000
59347  33.394  -7.422  55.297 0.0000000000
59362  34.322  -7.343  55.003 0.0000000000
59363  33.606  -7.460  54.480 0.0000000000
60482  30.444  -6.517  55.488 0.0000000000
60481  31.180  -6.778  55.825 0.0000000000
60493  30.089  -7.005  54.793 0.0000000000
59366  30.642  -7.537  54.340 0.0000000000
118485  31.218  -7.857  53.974 0.0000000000
67042  37.342  -0.125  44.003 0.0000000000
67059  36.838  -0.541  43.478 0.0000000000
67061  34.510  -0.335  43.404 0.0000000000
118119  35.343  -0.629  43.104 0.0000000000
67078  34.617  -0.891  42.339 0.0000000000
67044  32.079  -0.002  44.785 0.0000000000
118036  32.986  0.115  44.472 0.0000000000
67062  32.081  -0.135  43.894 0.0000000000
67081  31.548  -0.810  42.518 0.0000000000
67080  32.130  -0.372  43.013 0.0000000000
141681  32.216  -0.632  42.345 0.0000000000
118584  32.684  -0.764  41.818 0.0000000000
67099  31.913  -0.951  41.808 0.0000000000
137847  49.561  15.856  22.225 0.0000000000
82465  49.468  15.294  21.810 0.0000000000
142295  49.798  15.731  21.555 0.0000000000
79940  44.833  12.592  24.442 0.0000000000
68211  39.017  -0.844  40.387 0.0000000000
67092  38.343  -0.762  40.872 0.0000000000
67075  37.340  -1.190  41.974 0.0000000000
67091  39.812  -0.838  40.715 0.0000000000
59287  21.016  -8.001  60.631 0.0000000000
126281  20.300  -7.745  60.916 0.0000000000
59267  20.274  -7.545  61.587 0.0000000000
59262  24.431  -7.830  61.671 0.0000000000
59261  25.284  -7.604  61.408 0.0000000000
142314  23.919  -7.936  61.229 0.0000000000
137666  22.696  -8.181  60.552 0.0000000000
74261  36.865  6.249  35.935 0.0000000000
74249  39.796  6.128  37.220 0.0000000000
74259  38.455  6.810  36.559 0.0000000000
75244  38.813  7.289  36.137 0.0000000000
74260  37.617  6.675  36.347 0.0000000000
61437  20.827  -3.694  69.690 0.0000000000
61438  20.136  -3.661  69.792 0.0000000000
59080  10.639  -6.938  72.933 0.0000000000
138761  10.367  -7.575  72.630 0.0000000000
56733  9.545  -8.923  74.066 0.0000000000
56725  9.292  -8.796  74.720 0.0000000000
57876  9.304  -8.309  75.325 0.0000000000
131994  37.015  -2.057  54.611 0.0000000000
129292  36.724  -3.094  53.596 0.0000000000
63732  36.513  -4.010  53.245 0.0000000000
61604  36.530  -5.007  53.799 0.0000000000
61594  36.183  -5.991  54.121 0.0000000000
63699  28.011  -2.656  56.629 0.0000000000
62627  29.231  -3.120  57.296 0.0000000000
62637  28.589  -3.432  56.097 0.0000000000
62647  28.382  -3.812  55.281 0.0000000000
62660  27.390  -3.892  53.988 0.0000000000
66991  31.307  -0.386  47.583 0.0000000000
130347  30.880  -0.286  46.738 0.0000000000
65947  30.432  -0.849  47.373 0.0000000000
64880  29.603  -1.598  47.166 0.0000000000
81608  46.895  14.044  27.474 0.0000000000
81605  47.218  13.778  28.214 0.0000000000
83306  48.386  16.820  25.260 0.0000000000
71326  37.382  3.242  39.138 0.0000000000
68235  35.589  0.321  39.247 0.0000000000
67136  33.463  -0.935  39.071 0.0000000000
70358  41.359  2.058  39.445 0.0000000000
71323  40.357  3.687  38.886 0.0000000000
71331  39.862  4.254  38.522 0.0000000000
127281  39.692  3.598  38.783 0.0000000000
58025  17.338  -8.330  62.036 0.0000000000
57996  15.563  -8.523  63.987 0.0000000000
65777  30.956  -0.222  63.107 0.0000000000
65791  32.265  -0.087  62.315 0.0000000000
65793  30.417  -0.602  62.310 0.0000000000
60430  26.044  -6.238  59.972 0.0000000000
61521  26.694  -4.929  60.289 0.0000000000
124640  26.292  -5.477  59.935 0.0000000000
62618  26.782  -3.161  58.876 0.0000000000
60469  24.013  -6.012  57.112 0.0000000000
61664  31.282  -5.414  49.769 0.0000000000
79003  44.778  10.832  32.184 0.0000000000
79004  44.113  10.223  31.974 0.0000000000
79016  43.808  10.633  31.357 0.0000000000
79037  41.472  11.607  29.642 0.0000000000
79042  41.884  12.108  29.004 0.0000000000
79927  43.316  12.809  28.790 0.0000000000
133473  43.119  12.790  27.828 0.0000000000
79930  43.447  12.758  27.271 0.0000000000
79934  43.375  12.456  26.461 0.0000000000
132274  25.017  -7.420  64.417 0.0000000000
60352  24.993  -7.109  65.771 0.0000000000
60325  24.569  -6.582  66.477 0.0000000000
59185  27.315  -7.004  63.620 0.0000000000
59186  26.615  -7.218  64.207 0.0000000000
139634  42.895  10.622  34.545 0.0000000000
78087  42.222  9.592  33.852 0.0000000000
119886  38.546  8.626  33.734 0.0000000000
117534  21.744  -6.741  64.924 0.0000000000
60380  21.149  -6.684  64.288 0.0000000000
120978  20.897  -6.402  65.144 0.0000000000
131183  17.976  -4.824  67.503 0.0000000000
60308  18.183  -5.295  66.787 0.0000000000
60309  17.343  -5.233  67.161 0.0000000000
59133  16.704  -5.659  66.661 0.0000000000
59150  16.001  -6.293  66.100 0.0000000000
59135  15.238  -6.449  66.734 0.0000000000
57964  14.509  -6.720  67.359 0.0000000000
61429  15.222  -4.413  70.990 0.0000000000
59104  12.797  -6.658  69.512 0.0000000000
59113  13.127  -6.849  69.024 0.0000000000
141134  12.949  -7.547  68.823 0.0000000000
68115  33.799  0.744  49.317 0.0000000000
131904  34.967  -0.809  53.424 0.0000000000
66931  34.704  0.149  53.380 0.0000000000
66932  34.348  -0.677  52.799 0.0000000000
66941  33.224  -0.526  51.532 0.0000000000
63763  32.044  -3.489  50.600 0.0000000000
140232  33.138  -3.954  51.311 0.0000000000
63761  33.465  -4.506  51.474 0.0000000000
61618  34.649  -6.338  51.960 0.0000000000
59424  32.560  -7.371  51.649 0.0000000000
63638  33.606  -2.151  60.401 0.0000000000
63637  34.139  -2.454  60.363 0.0000000000
63651  33.685  -3.208  60.145 0.0000000000
62586  33.918  -4.104  60.190 0.0000000000
136885  32.388  -5.330  58.642 0.0000000000
139469  32.680  -5.981  58.317 0.0000000000
60439  34.400  -6.309  58.127 0.0000000000
60438  35.302  -6.236  58.084 0.0000000000
60450  34.764  -6.515  57.282 0.0000000000
128719  35.102  -6.645  56.424 0.0000000000
59332  33.883  -7.269  55.933 0.0000000000
59348  32.507  -7.318  55.423 0.0000000000
60495  28.641  -6.047  53.767 0.0000000000
60508  29.146  -6.867  53.343 0.0000000000
59386  29.588  -7.818  52.991 0.0000000000
59408  29.194  -7.931  51.891 0.0000000000
67060  35.984  -0.379  43.730 0.0000000000
118122  33.774  -0.067  43.888 0.0000000000
67046  30.579  -0.725  44.019 0.0000000000
67064  30.498  -1.146  43.421 0.0000000000
82460  48.603  15.897  22.948 0.0000000000
83325  49.293  16.182  22.663 0.0000000000
69292  38.125  0.720  39.661 0.0000000000
68220  36.958  0.062  39.891 0.0000000000
67115  37.853  -0.508  40.395 0.0000000000
67096  34.361  -1.327  41.217 0.0000000000
70357  42.269  2.164  40.047 0.0000000000
69276  41.374  0.185  39.864 0.0000000000
58042  18.444  -8.220  60.954 0.0000000000
138171  18.790  -7.700  61.255 0.0000000000
59269  18.110  -7.820  61.720 0.0000000000
62565  27.603  -4.258  62.990 0.0000000000
125452  27.218  -4.196  62.208 0.0000000000
60424  26.294  -6.884  60.668 0.0000000000
137284  25.732  -6.919  60.047 0.0000000000
60433  23.946  -7.612  58.950 0.0000000000
59301  21.684  -8.125  59.347 0.0000000000
78120  41.076  10.143  31.249 0.0000000000
78119  41.497  10.768  31.000 0.0000000000
78130  40.611  10.463  30.449 0.0000000000
60323  26.285  -6.477  66.339 0.0000000000
75233  41.902  7.300  36.926 0.0000000000
76204  41.987  8.311  35.880 0.0000000000
77176  41.965  8.649  35.397 0.0000000000
76212  41.676  8.727  35.224 0.0000000000
76213  40.710  8.663  35.118 0.0000000000
75253  38.282  7.656  35.628 0.0000000000
129714  38.140  7.997  34.957 0.0000000000
75259  37.494  7.595  34.330 0.0000000000
60294  19.232  -4.509  68.192 0.0000000000
60295  18.298  -4.504  68.099 0.0000000000
126134  13.701  -4.773  72.405 0.0000000000
60258  13.217  -5.023  71.647 0.0000000000
60259  12.078  -5.560  71.716 0.0000000000
60266  11.957  -6.092  70.767 0.0000000000
57917  11.554  -7.127  70.549 0.0000000000
56766  10.624  -9.245  71.040 0.0000000000
133136  10.061  -8.766  72.418 0.0000000000
64820  35.059  -2.216  52.268 0.0000000000
63749  34.491  -3.446  51.683 0.0000000000
131777  35.151  -2.973  51.719 0.0000000000
62679  35.571  -4.975  52.358 0.0000000000
61617  35.225  -5.887  52.276 0.0000000000
60517  34.897  -6.695  52.671 0.0000000000
60507  34.346  -7.256  53.144 0.0000000000
63667  31.069  -2.413  59.014 0.0000000000
62604  30.975  -3.062  58.522 0.0000000000
62615  31.378  -4.023  58.457 0.0000000000
61562  29.954  -3.932  57.912 0.0000000000
61548  30.866  -4.609  57.993 0.0000000000
135666  31.287  -5.545  57.513 0.0000000000
60467  31.414  -6.411  56.718 0.0000000000
60483  29.703  -6.185  55.128 0.0000000000
61584  28.825  -4.717  54.871 0.0000000000
61595  29.022  -5.713  54.626 0.0000000000
121828  33.784  0.123  45.825 0.0000000000
67027  33.279  0.100  45.265 0.0000000000
118638  32.883  0.183  45.946 0.0000000000
67028  32.097  0.050  45.585 0.0000000000
67029  31.309  -0.100  45.235 0.0000000000
67011  30.624  -0.358  45.809 0.0000000000
67030  30.440  -0.476  44.813 0.0000000000
140191  30.213  -0.896  44.311 0.0000000000
83314  47.845  16.425  24.646 0.0000000000
83320  48.163  16.249  23.740 0.0000000000
80747  47.647  14.034  22.899 0.0000000000
72273  37.600  5.194  37.982 0.0000000000
120589  36.839  4.848  37.987 0.0000000000
72275  35.655  4.135  37.770 0.0000000000
71335  36.548  3.496  38.618 0.0000000000
69308  36.716  1.461  39.285 0.0000000000
68246  34.079  1.016  38.148 0.0000000000
71322  41.764  3.377  39.365 0.0000000000
74241  42.108  6.220  37.787 0.0000000000
73220  41.446  5.913  37.689 0.0000000000
73222  39.797  5.457  37.705 0.0000000000
72272  38.487  5.261  38.027 0.0000000000
65760  35.308  -0.274  62.666 0.0000000000
64725  35.370  -0.653  61.817 0.0000000000
64736  33.970  -0.755  61.616 0.0000000000
65805  32.525  -0.686  61.547 0.0000000000
64743  33.139  -1.281  60.926 0.0000000000
64756  32.837  -1.797  60.413 0.0000000000
64757  31.939  -1.511  60.157 0.0000000000
62575  27.519  -3.309  62.210 0.0000000000
63639  28.217  -2.253  61.965 0.0000000000
63654  28.705  -2.010  60.971 0.0000000000
64759  29.375  -1.553  60.115 0.0000000000
64768  30.502  -1.682  59.529 0.0000000000
63676  30.260  -2.320  58.880 0.0000000000
63677  29.262  -2.129  58.542 0.0000000000
63689  28.883  -2.295  57.828 0.0000000000
63679  27.381  -2.206  58.136 0.0000000000
63691  27.196  -2.139  57.279 0.0000000000
63701  26.256  -2.862  56.590 0.0000000000
63702  25.838  -3.151  55.835 0.0000000000
59324  23.120  -7.649  57.711 0.0000000000
64867  30.210  -2.631  49.124 0.0000000000
79920  46.614  11.961  30.302 0.0000000000
79018  42.287  10.803  31.174 0.0000000000
79027  43.860  11.202  30.850 0.0000000000
79036  42.339  11.903  30.091 0.0000000000
79035  43.352  11.811  30.309 0.0000000000
79921  45.869  12.042  30.441 0.0000000000
129044  46.378  12.432  30.015 0.0000000000
119986  46.341  12.943  29.479 0.0000000000
118907  46.409  13.679  28.048 0.0000000000
128913  45.747  13.707  26.762 0.0000000000
81612  45.704  14.154  26.048 0.0000000000
59239  22.259  -7.583  62.758 0.0000000000
59211  22.579  -7.383  63.524 0.0000000000
60379  22.538  -7.065  64.896 0.0000000000
60354  22.226  -6.696  65.466 0.0000000000
60327  22.248  -6.417  66.189 0.0000000000
60304  22.250  -6.015  67.148 0.0000000000
61470  24.594  -5.175  67.526 0.0000000000
60302  24.157  -6.105  67.255 0.0000000000
60303  23.256  -6.062  67.255 0.0000000000
60291  21.821  -4.914  67.529 0.0000000000
61461  21.374  -4.312  68.230 0.0000000000
61450  21.059  -4.015  69.071 0.0000000000
61436  21.566  -3.703  69.590 0.0000000000
66782  35.817  0.198  62.498 0.0000000000
66783  35.459  0.058  63.040 0.0000000000
139651  34.921  -0.276  63.233 0.0000000000
118832  33.997  -0.335  63.247 0.0000000000
65775  32.741  -0.134  63.664 0.0000000000
65776  31.930  0.049  63.471 0.0000000000
64730  29.501  -1.679  63.778 0.0000000000
63620  28.406  -3.152  63.902 0.0000000000
124442  28.222  -4.062  63.617 0.0000000000
126642  28.071  -5.201  62.888 0.0000000000
134409  26.756  -7.249  62.246 0.0000000000
59208  26.686  -7.292  63.431 0.0000000000
119357  26.364  -7.424  62.864 0.0000000000
121606  25.028  -7.785  62.291 0.0000000000
127923  35.495  4.425  36.946 0.0000000000
79890  44.864  11.898  33.627 0.0000000000
78985  43.750  11.195  33.930 0.0000000000
142252  44.190  11.058  33.351 0.0000000000
78104  43.464  10.086  32.558 0.0000000000
78105  42.607  9.793  32.462 0.0000000000
124081  41.224  9.963  31.989 0.0000000000
77189  41.029  9.250  33.926 0.0000000000
77201  40.833  9.309  33.162 0.0000000000
78107  41.012  9.635  32.429 0.0000000000
77219  39.349  9.611  31.269 0.0000000000
117563  21.431  -7.436  62.794 0.0000000000
59213  20.606  -7.172  62.983 0.0000000000
59214  19.811  -6.803  63.210 0.0000000000
141969  20.265  -6.063  66.690 0.0000000000
60329  19.721  -5.983  66.279 0.0000000000
59167  17.769  -6.612  64.690 0.0000000000
59192  17.308  -7.068  64.185 0.0000000000
59193  16.671  -7.246  64.424 0.0000000000
57995  15.962  -7.565  64.663 0.0000000000
119940  15.214  -8.155  64.993 0.0000000000
61441  17.772  -3.725  69.877 0.0000000000
60272  17.149  -4.148  69.374 0.0000000000
141015  16.110  -5.046  68.940 0.0000000000
61420  14.992  -4.495  71.695 0.0000000000
61430  14.672  -4.617  71.093 0.0000000000
118496  14.003  -5.153  70.118 0.0000000000
60298  15.495  -5.462  68.663 0.0000000000
59121  14.896  -5.889  67.989 0.0000000000
57965  14.014  -7.828  67.081 0.0000000000
57866  9.080  -8.448  76.653 0.0000000000
55488  8.556  -10.078  76.489 0.0000000000
55464  8.398  -9.543  77.648 0.0000000000
67057  38.513  -0.977  42.965 0.0000000000
67025  35.502  -0.140  45.430 0.0000000000
67006  35.213  -0.127  46.253 0.0000000000
67007  34.302  0.115  46.469 0.0000000000
66974  33.537  0.545  48.029 0.0000000000
66990  32.391  0.069  47.780 0.0000000000
66977  31.571  -0.508  48.360 0.0000000000
65938  30.958  -1.024  48.927 0.0000000000
68100  33.707  0.681  50.072 0.0000000000
65929  31.736  -0.879  49.966 0.0000000000
65930  31.257  -1.356  49.610 0.0000000000
64866  30.797  -1.953  49.306 0.0000000000
64851  30.845  -2.846  49.697 0.0000000000
60559  32.240  -6.437  50.252 0.0000000000
61632  34.303  -5.959  51.395 0.0000000000
60544  31.835  -7.287  49.566 0.0000000000
59441  31.526  -8.040  49.951 0.0000000000
58219  31.149  -9.046  50.481 0.0000000000
63708  37.666  -3.550  55.749 0.0000000000
64733  35.817  -1.379  61.313 0.0000000000
63623  36.225  -1.898  60.831 0.0000000000
62582  36.672  -3.519  59.737 0.0000000000
124680  32.511  -3.615  59.225 0.0000000000
122229  33.383  -3.930  59.967 0.0000000000
61531  33.678  -5.227  59.382 0.0000000000
61520  34.189  -4.869  60.050 0.0000000000
62600  36.299  -4.189  59.649 0.0000000000
62599  36.941  -4.189  59.466 0.0000000000
62614  37.391  -4.464  58.762 0.0000000000
61560  36.131  -5.936  58.042 0.0000000000
139827  37.254  -5.176  57.611 0.0000000000
120653  37.624  -4.722  57.010 0.0000000000
62635  37.318  -5.116  56.360 0.0000000000
125823  37.274  -4.984  55.769 0.0000000000
62645  37.310  -4.417  55.361 0.0000000000
61581  36.212  -6.093  54.768 0.0000000000
139104  34.996  -6.918  55.070 0.0000000000
60492  34.357  -7.303  54.000 0.0000000000
59383  33.577  -7.413  53.686 0.0000000000
59334  31.997  -7.075  56.113 0.0000000000
59349  31.678  -7.190  55.315 0.0000000000
59364  32.226  -7.419  54.738 0.0000000000
125377  31.995  -7.627  54.032 0.0000000000
59384  32.677  -7.543  53.452 0.0000000000
58185  30.869  -8.393  52.390 0.0000000000
58200  29.412  -8.693  51.426 0.0000000000
118120  36.216  -0.932  42.927 0.0000000000
134712  35.180  -1.351  41.565 0.0000000000
67097  33.261  -1.011  41.137 0.0000000000
81616  45.806  14.371  25.323 0.0000000000
81619  45.770  14.220  24.527 0.0000000000
81623  45.867  13.994  23.826 0.0000000000
80749  45.928  13.230  23.572 0.0000000000
60398  27.807  -6.479  63.708 0.0000000000
60419  26.012  -7.380  61.214 0.0000000000
60480  35.387  -6.722  55.576 0.0000000000
61503  27.643  -5.045  62.310 0.0000000000
61545  35.640  -5.581  58.685 0.0000000000
63626  34.366  -1.695  60.733 0.0000000000
63627  28.817  -2.167  63.606 0.0000000000
65789  35.887  -1.031  61.590 0.0000000000
65964  29.868  -1.145  44.631 0.0000000000
74248  40.583  6.404  37.205 0.0000000000
118827  19.979  -5.707  67.093 0.0000000000
119545  25.845  -3.266  57.927 0.0000000000
126900  28.706  -5.709  63.935 0.0000000000
131758  36.737  -5.577  57.825 0.0000000000
133965  37.774  -1.068  42.645 0.0000000000
139066  36.330  -1.439  61.216 0.0000000000
140653  26.850  -3.126  54.849 0.0000000000
142094  37.429  5.678  37.466 0.0000000000
