#!ascii label  , from subject sub_0001 vox2ras=TkReg
1153
54475  30.206  -11.251  51.830 0.0000000000
74332  40.123  6.311  30.133 0.0000000000
62850  33.981  -4.397  39.479 0.0000000000
55619  13.753  -10.945  65.757 0.0000000000
63712  25.480  -3.494  55.194 0.0000000000
140979  32.854  0.590  37.063 0.0000000000
56923  19.089  -9.508  59.403 0.0000000000
54325  17.235  -11.591  64.233 0.0000000000
55758  22.832  -10.799  56.444 0.0000000000
74339  44.307  6.627  29.885 0.0000000000
60544  31.835  -7.287  49.566 0.0000000000
60602  32.175  -6.669  45.920 0.0000000000
57019  34.304  -9.594  51.423 0.0000000000
78154  41.781  10.709  26.991 0.0000000000
77266  45.443  9.147  25.311 0.0000000000
74289  36.774  6.347  33.129 0.0000000000
69370  41.265  2.250  34.002 0.0000000000
140941  36.889  1.427  34.600 0.0000000000
63938  38.314  -3.469  38.354 0.0000000000
56968  29.299  -9.512  56.179 0.0000000000
52091  11.860  -13.819  69.744 0.0000000000
53119  8.620  -12.371  72.818 0.0000000000
54204  8.071  -10.661  76.945 0.0000000000
60533  27.797  -6.993  51.304 0.0000000000
59338  25.728  -7.438  55.368 0.0000000000
64912  29.874  -2.257  43.791 0.0000000000
118125  35.657  -4.344  45.634 0.0000000000
80758  48.283  13.344  22.518 0.0000000000
74342  41.499  6.731  29.579 0.0000000000
72327  42.184  4.819  31.773 0.0000000000
58219  31.149  -9.046  50.481 0.0000000000
57038  32.237  -9.906  48.972 0.0000000000
54462  32.403  -11.145  52.171 0.0000000000
77236  38.772  9.356  30.143 0.0000000000
79037  41.472  11.607  29.642 0.0000000000
139311  40.511  8.932  28.044 0.0000000000
137067  42.372  8.272  27.487 0.0000000000
49952  7.266  -16.110  77.655 0.0000000000
71384  36.564  3.638  33.595 0.0000000000
71363  35.304  3.626  35.351 0.0000000000
140906  33.528  -2.880  37.526 0.0000000000
64999  35.528  -2.376  36.617 0.0000000000
62859  36.438  -4.003  38.775 0.0000000000
118367  37.001  -4.562  41.739 0.0000000000
54327  15.139  -11.642  64.432 0.0000000000
54295  16.718  -11.892  66.808 0.0000000000
124099  14.743  -12.958  66.839 0.0000000000
52088  13.722  -13.526  68.864 0.0000000000
54297  12.519  -12.424  67.377 0.0000000000
55529  10.210  -10.600  71.409 0.0000000000
54240  8.023  -11.562  74.982 0.0000000000
62668  26.796  -4.294  53.319 0.0000000000
59388  26.152  -6.833  52.952 0.0000000000
60497  25.131  -6.040  53.992 0.0000000000
54375  22.891  -11.470  60.696 0.0000000000
54389  25.002  -11.317  59.791 0.0000000000
60576  35.380  -6.342  48.600 0.0000000000
62740  33.638  -5.252  45.298 0.0000000000
71345  34.702  3.112  37.663 0.0000000000
68236  33.975  -0.223  38.774 0.0000000000
64959  31.901  -2.582  39.557 0.0000000000
54363  20.370  -10.940  61.245 0.0000000000
55633  19.625  -10.583  64.186 0.0000000000
141323  18.430  -10.658  61.646 0.0000000000
141112  16.358  -10.241  62.611 0.0000000000
56857  14.925  -9.202  64.524 0.0000000000
59355  23.441  -6.973  55.398 0.0000000000
59325  22.530  -8.048  57.332 0.0000000000
55744  20.616  -10.503  57.683 0.0000000000
62709  30.864  -4.564  49.593 0.0000000000
62727  28.846  -4.930  47.277 0.0000000000
59459  31.295  -8.003  47.494 0.0000000000
58231  33.969  -8.689  48.443 0.0000000000
79064  44.384  11.977  24.709 0.0000000000
78163  42.976  10.146  25.872 0.0000000000
75327  44.795  7.891  27.819 0.0000000000
74315  38.157  6.368  31.288 0.0000000000
71402  40.053  3.844  31.752 0.0000000000
71394  38.361  3.503  32.440 0.0000000000
68285  39.142  1.471  34.381 0.0000000000
66059  40.030  -1.007  35.868 0.0000000000
69351  34.758  1.210  35.546 0.0000000000
66049  37.747  -1.718  36.287 0.0000000000
54444  29.665  -11.406  54.448 0.0000000000
124715  31.810  -11.370  54.754 0.0000000000
77209  38.780  9.176  32.621 0.0000000000
56805  12.869  -8.999  68.318 0.0000000000
55546  11.556  -10.852  69.404 0.0000000000
52079  10.365  -13.402  70.966 0.0000000000
49979  9.990  -15.379  72.838 0.0000000000
50954  8.321  -14.649  73.632 0.0000000000
52012  7.712  -13.276  75.966 0.0000000000
52002  7.650  -13.246  77.736 0.0000000000
117554  5.972  -12.400  79.672 0.0000000000
57024  28.553  -9.777  51.524 0.0000000000
56996  27.527  -8.848  53.462 0.0000000000
58135  27.686  -7.441  55.880 0.0000000000
56984  24.386  -9.017  55.615 0.0000000000
140714  31.543  -3.636  41.591 0.0000000000
61713  29.801  -4.980  44.518 0.0000000000
63845  32.063  -4.091  43.823 0.0000000000
62802  34.836  -4.564  42.428 0.0000000000
56993  34.817  -9.675  54.965 0.0000000000
79952  49.308  12.068  22.082 0.0000000000
78194  46.013  11.028  23.432 0.0000000000
78191  48.958  10.352  23.055 0.0000000000
74343  40.566  6.727  29.523 0.0000000000
73298  42.166  6.079  31.011 0.0000000000
73300  40.541  5.722  30.604 0.0000000000
57021  31.123  -10.198  50.891 0.0000000000
55820  31.812  -10.543  50.546 0.0000000000
54473  31.741  -11.231  51.722 0.0000000000
75309  38.755  8.177  30.042 0.0000000000
77244  39.566  9.277  29.008 0.0000000000
75307  40.139  7.365  29.072 0.0000000000
75321  40.573  7.805  28.523 0.0000000000
49945  7.158  -15.493  78.282 0.0000000000
73243  35.758  4.921  35.256 0.0000000000
72283  35.584  4.636  36.101 0.0000000000
63927  33.273  -3.616  38.502 0.0000000000
63955  34.556  -3.455  37.602 0.0000000000
62861  34.598  -4.282  38.957 0.0000000000
138995  36.408  -4.476  40.310 0.0000000000
119156  34.966  -4.784  40.616 0.0000000000
54328  14.584  -11.401  64.846 0.0000000000
53200  14.830  -12.436  65.384 0.0000000000
53201  14.208  -12.528  65.893 0.0000000000
53179  13.367  -13.286  67.219 0.0000000000
54296  12.921  -11.889  66.740 0.0000000000
63724  26.705  -3.501  54.163 0.0000000000
61610  25.650  -4.859  53.382 0.0000000000
61598  24.549  -4.839  54.606 0.0000000000
142143  22.345  -11.041  62.470 0.0000000000
64880  29.603  -1.598  47.166 0.0000000000
61671  35.822  -5.587  48.667 0.0000000000
66030  33.027  -1.214  38.725 0.0000000000
66022  32.783  -1.341  39.574 0.0000000000
54394  19.780  -10.935  59.736 0.0000000000
54364  19.406  -10.742  61.750 0.0000000000
55695  18.893  -10.414  60.666 0.0000000000
58044  17.215  -8.992  61.773 0.0000000000
121334  16.357  -8.798  62.812 0.0000000000
56869  15.264  -9.843  63.604 0.0000000000
60469  24.013  -6.012  57.112 0.0000000000
58102  19.805  -8.923  58.410 0.0000000000
58121  20.486  -9.058  57.724 0.0000000000
55728  19.736  -10.353  58.568 0.0000000000
54393  20.456  -11.282  59.410 0.0000000000
130378  30.196  -6.314  49.021 0.0000000000
131126  31.020  -7.719  49.008 0.0000000000
57029  33.302  -9.983  49.987 0.0000000000
57046  32.718  -9.393  48.570 0.0000000000
58218  34.622  -8.833  50.067 0.0000000000
58224  35.063  -8.039  49.688 0.0000000000
58207  35.215  -8.481  51.477 0.0000000000
79043  41.296  11.470  28.574 0.0000000000
79052  43.021  11.586  25.946 0.0000000000
78164  42.453  10.404  26.440 0.0000000000
75318  42.998  7.308  28.404 0.0000000000
76295  43.229  8.145  27.367 0.0000000000
75317  44.362  7.408  28.460 0.0000000000
75279  37.508  7.065  32.221 0.0000000000
72332  37.936  5.138  31.841 0.0000000000
120144  37.254  4.839  32.425 0.0000000000
70420  36.758  2.151  34.321 0.0000000000
70419  37.624  2.199  33.862 0.0000000000
68286  38.298  1.195  34.570 0.0000000000
68274  39.172  0.335  35.108 0.0000000000
68275  38.217  0.414  35.056 0.0000000000
69340  33.972  1.790  36.687 0.0000000000
70398  34.437  2.441  36.354 0.0000000000
68265  33.849  0.101  36.012 0.0000000000
64981  36.886  -2.929  37.156 0.0000000000
64998  36.394  -2.385  36.614 0.0000000000
64980  37.764  -2.773  37.197 0.0000000000
64995  39.121  -2.185  36.857 0.0000000000
55777  29.015  -10.628  54.635 0.0000000000
54428  30.617  -11.546  55.899 0.0000000000
130558  37.498  7.679  33.582 0.0000000000
76243  37.698  8.221  32.473 0.0000000000
76256  37.772  8.251  31.788 0.0000000000
54334  18.343  -10.997  63.317 0.0000000000
54313  18.334  -10.884  65.151 0.0000000000
52089  13.107  -13.730  69.169 0.0000000000
53150  13.668  -13.037  70.626 0.0000000000
52077  12.441  -13.899  70.355 0.0000000000
50986  11.646  -14.029  70.489 0.0000000000
56787  12.220  -9.175  69.160 0.0000000000
55545  12.066  -10.807  68.657 0.0000000000
56788  11.602  -9.796  69.688 0.0000000000
54253  9.782  -11.179  71.944 0.0000000000
54260  10.166  -11.573  71.208 0.0000000000
53141  9.712  -13.201  71.407 0.0000000000
52067  10.169  -14.086  71.480 0.0000000000
52054  8.939  -14.516  72.431 0.0000000000
49981  8.715  -15.353  73.300 0.0000000000
52041  8.325  -14.047  73.083 0.0000000000
54228  7.977  -11.558  75.870 0.0000000000
53094  7.794  -12.446  75.408 0.0000000000
53081  7.735  -12.310  76.335 0.0000000000
52008  7.626  -13.028  76.979 0.0000000000
53070  7.679  -12.393  77.632 0.0000000000
60519  28.850  -7.068  52.304 0.0000000000
59408  29.194  -7.931  51.891 0.0000000000
58212  27.985  -8.383  51.301 0.0000000000
55789  27.844  -9.781  52.391 0.0000000000
58201  26.965  -8.493  52.018 0.0000000000
59352  25.992  -7.159  54.542 0.0000000000
59368  26.698  -7.346  54.418 0.0000000000
59351  26.837  -7.222  55.495 0.0000000000
137987  23.180  -9.108  55.575 0.0000000000
139099  23.723  -8.913  55.310 0.0000000000
55757  23.760  -10.523  56.371 0.0000000000
55709  25.482  -10.769  59.301 0.0000000000
70442  40.333  2.798  32.817 0.0000000000
70440  42.005  3.276  32.482 0.0000000000
70418  42.085  2.303  34.037 0.0000000000
65998  30.611  -1.855  42.215 0.0000000000
64935  31.101  -2.638  40.958 0.0000000000
63879  30.567  -2.922  42.393 0.0000000000
60605  29.670  -6.563  46.408 0.0000000000
126490  29.350  -5.777  45.829 0.0000000000
61702  30.941  -5.905  45.012 0.0000000000
63820  34.758  -4.656  45.231 0.0000000000
62773  32.498  -4.698  44.347 0.0000000000
63844  33.773  -3.837  44.317 0.0000000000
62791  32.952  -4.072  43.016 0.0000000000
62772  34.988  -4.245  44.178 0.0000000000
62788  35.834  -4.637  44.005 0.0000000000
55765  33.507  -10.782  55.064 0.0000000000
79953  48.698  12.421  22.413 0.0000000000
78181  44.882  10.404  24.468 0.0000000000
79071  45.658  11.719  23.530 0.0000000000
139860  45.479  10.338  24.154 0.0000000000
77291  47.660  9.760  23.711 0.0000000000
77279  48.867  9.061  24.029 0.0000000000
58081  19.580  -8.562  59.204 0.0000000000
56906  18.681  -9.269  60.229 0.0000000000
74341  42.464  6.835  29.767 0.0000000000
74328  44.058  6.732  30.847 0.0000000000
74329  42.723  6.630  30.606 0.0000000000
59441  31.526  -8.040  49.951 0.0000000000
128046  31.060  -8.311  48.967 0.0000000000
57031  31.524  -9.863  49.999 0.0000000000
55819  32.605  -10.442  50.457 0.0000000000
55805  33.780  -10.079  52.007 0.0000000000
78119  41.497  10.768  31.000 0.0000000000
78138  39.718  10.197  29.887 0.0000000000
78147  40.426  10.371  28.594 0.0000000000
78156  40.785  10.051  27.838 0.0000000000
77250  41.496  9.717  27.227 0.0000000000
76278  40.973  8.396  27.989 0.0000000000
75319  42.307  7.405  28.399 0.0000000000
49958  7.770  -16.003  76.270 0.0000000000
74278  36.572  6.332  34.019 0.0000000000
72308  36.474  4.963  33.084 0.0000000000
134350  36.063  5.526  34.448 0.0000000000
71371  35.694  3.666  34.715 0.0000000000
69364  35.842  2.335  34.877 0.0000000000
66053  33.272  -1.229  37.141 0.0000000000
117929  33.777  -1.154  36.648 0.0000000000
64984  34.068  -2.771  37.195 0.0000000000
63954  35.469  -3.444  37.600 0.0000000000
62858  37.098  -3.775  38.643 0.0000000000
62833  38.115  -4.192  40.461 0.0000000000
62815  38.323  -4.322  41.271 0.0000000000
141784  29.409  -9.127  56.853 0.0000000000
54326  16.449  -11.844  64.202 0.0000000000
54315  16.791  -11.833  65.042 0.0000000000
53198  16.241  -12.210  65.526 0.0000000000
53189  15.442  -12.678  66.512 0.0000000000
53166  15.282  -12.817  68.233 0.0000000000
52104  13.327  -13.586  68.403 0.0000000000
141210  12.049  -13.223  68.632 0.0000000000
133094  11.090  -9.505  70.355 0.0000000000
56757  9.987  -9.476  72.360 0.0000000000
55520  9.442  -10.804  72.717 0.0000000000
53107  8.433  -12.123  73.615 0.0000000000
122442  8.913  -10.907  74.039 0.0000000000
130180  8.899  -9.994  75.095 0.0000000000
55488  8.556  -10.078  76.489 0.0000000000
61620  27.079  -5.653  52.111 0.0000000000
130029  26.539  -6.775  51.634 0.0000000000
61609  26.054  -5.422  52.653 0.0000000000
60496  25.666  -6.311  53.448 0.0000000000
59353  25.062  -7.192  54.537 0.0000000000
54406  23.036  -11.771  58.120 0.0000000000
54405  23.911  -11.551  58.452 0.0000000000
133983  23.523  -11.535  60.034 0.0000000000
68283  41.278  1.042  34.739 0.0000000000
127354  29.234  -2.377  44.829 0.0000000000
128560  33.681  -7.104  46.710 0.0000000000
61692  32.951  -5.800  45.610 0.0000000000
140551  34.610  -5.547  46.666 0.0000000000
139666  35.350  -5.059  46.675 0.0000000000
81621  47.214  14.739  23.334 0.0000000000
49940  6.678  -15.236  78.749 0.0000000000
71337  34.921  2.971  38.283 0.0000000000
69318  34.544  1.732  38.380 0.0000000000
68257  32.893  0.217  37.335 0.0000000000
66039  33.090  -1.367  37.912 0.0000000000
63943  32.671  -3.034  38.541 0.0000000000
63928  32.564  -3.583  39.179 0.0000000000
122045  21.218  -10.714  62.871 0.0000000000
55648  20.816  -10.569  63.487 0.0000000000
54347  20.128  -10.761  62.062 0.0000000000
54348  18.790  -10.833  62.560 0.0000000000
54349  17.915  -11.050  62.653 0.0000000000
55697  17.882  -10.032  61.252 0.0000000000
55667  17.325  -10.860  62.450 0.0000000000
54350  17.125  -11.297  63.083 0.0000000000
55651  15.751  -10.896  63.320 0.0000000000
128182  14.801  -10.107  64.257 0.0000000000
137280  14.159  -9.808  65.599 0.0000000000
62650  24.445  -4.502  55.314 0.0000000000
61571  23.851  -5.518  56.206 0.0000000000
121368  23.225  -7.127  56.168 0.0000000000
58139  22.551  -9.302  56.040 0.0000000000
59326  21.873  -8.451  57.312 0.0000000000
56952  21.465  -10.011  56.733 0.0000000000
54421  21.775  -11.303  57.323 0.0000000000
54392  21.484  -11.520  59.099 0.0000000000
54376  21.795  -11.397  60.448 0.0000000000
63770  30.406  -3.603  49.448 0.0000000000
132440  29.317  -3.944  48.415 0.0000000000
61674  29.638  -5.504  48.742 0.0000000000
60593  30.076  -7.186  47.213 0.0000000000
59483  31.068  -7.534  46.564 0.0000000000
58234  31.892  -8.554  47.836 0.0000000000
58243  32.534  -8.300  47.430 0.0000000000
59469  33.213  -7.925  47.106 0.0000000000
118888  34.475  -7.511  47.965 0.0000000000
59450  35.526  -7.163  49.295 0.0000000000
79937  44.121  12.645  25.609 0.0000000000
79059  43.807  11.498  25.203 0.0000000000
137184  44.122  9.309  25.617 0.0000000000
77257  42.788  9.562  26.438 0.0000000000
77256  43.474  9.351  25.994 0.0000000000
74334  38.573  6.868  30.682 0.0000000000
73285  40.064  5.077  30.952 0.0000000000
131754  39.133  5.231  31.067 0.0000000000
71403  39.042  3.773  31.817 0.0000000000
70443  39.502  2.737  32.901 0.0000000000
71383  37.253  3.426  33.153 0.0000000000
70435  38.611  2.865  33.026 0.0000000000
69372  39.667  1.909  33.940 0.0000000000
68284  40.454  0.961  34.697 0.0000000000
67164  40.455  -0.298  35.518 0.0000000000
71353  35.072  3.900  36.237 0.0000000000
70408  34.994  2.158  35.537 0.0000000000
68277  36.447  0.826  34.955 0.0000000000
66063  35.229  -1.130  35.946 0.0000000000
133392  36.293  -1.044  35.676 0.0000000000
134401  36.969  -0.520  35.449 0.0000000000
66061  38.220  -1.088  35.821 0.0000000000
54465  29.867  -11.379  52.660 0.0000000000
54452  31.366  -11.413  53.369 0.0000000000
54443  30.486  -11.550  54.612 0.0000000000
54426  32.091  -11.807  56.238 0.0000000000
77229  38.598  9.309  30.820 0.0000000000
75298  38.426  7.780  30.617 0.0000000000
125627  14.120  -9.194  66.118 0.0000000000
57966  13.414  -8.402  67.665 0.0000000000
56839  13.230  -9.939  67.020 0.0000000000
55560  12.456  -10.749  67.953 0.0000000000
127326  12.113  -11.821  68.085 0.0000000000
138691  11.425  -12.770  69.363 0.0000000000
55537  11.098  -10.416  70.187 0.0000000000
54275  11.070  -12.414  69.922 0.0000000000
138482  11.403  -13.772  70.327 0.0000000000
50975  10.835  -14.244  71.371 0.0000000000
50965  10.443  -14.874  72.404 0.0000000000
49961  8.090  -15.534  74.900 0.0000000000
53108  8.080  -12.539  74.354 0.0000000000
52021  7.855  -13.482  74.964 0.0000000000
129216  7.910  -15.412  75.759 0.0000000000
50922  7.534  -14.824  76.467 0.0000000000
50909  7.492  -14.066  77.787 0.0000000000
50910  7.279  -14.419  78.219 0.0000000000
53057  7.251  -11.940  78.387 0.0000000000
140408  7.251  -12.534  78.426 0.0000000000
51989  6.578  -13.113  78.739 0.0000000000
57022  30.270  -10.095  51.248 0.0000000000
58210  29.828  -9.323  51.311 0.0000000000
55811  29.071  -10.538  51.754 0.0000000000
55797  28.392  -10.236  52.140 0.0000000000
55778  28.442  -10.130  53.869 0.0000000000
56994  28.648  -9.621  54.709 0.0000000000
58186  27.057  -8.232  52.934 0.0000000000
58168  27.729  -8.485  54.246 0.0000000000
58149  28.335  -8.032  55.648 0.0000000000
59371  23.904  -6.723  54.800 0.0000000000
59354  24.123  -7.521  54.756 0.0000000000
58137  24.963  -8.124  55.580 0.0000000000
55740  25.000  -10.300  57.673 0.0000000000
56937  25.582  -9.616  58.014 0.0000000000
58117  26.305  -7.883  57.629 0.0000000000
72328  41.381  4.667  31.580 0.0000000000
66011  31.432  -1.977  40.657 0.0000000000
63913  31.442  -3.356  40.546 0.0000000000
62838  32.337  -4.285  40.503 0.0000000000
62742  28.705  -4.100  46.772 0.0000000000
63833  29.160  -3.863  45.149 0.0000000000
63847  29.912  -3.747  43.871 0.0000000000
62756  31.694  -5.284  44.579 0.0000000000
62774  31.312  -4.627  44.066 0.0000000000
63864  30.257  -3.476  43.385 0.0000000000
63877  32.052  -3.697  42.701 0.0000000000
62804  32.649  -4.214  42.086 0.0000000000
119470  33.981  -4.798  40.889 0.0000000000
119476  35.465  -4.778  41.838 0.0000000000
54451  32.194  -11.306  53.108 0.0000000000
55785  33.367  -10.645  53.313 0.0000000000
57012  34.446  -9.676  53.085 0.0000000000
56992  35.789  -9.105  54.745 0.0000000000
58184  35.571  -8.585  53.111 0.0000000000
79963  49.483  12.079  21.662 0.0000000000
79943  46.140  12.409  23.310 0.0000000000
79955  46.923  12.414  22.925 0.0000000000
77292  46.809  9.538  24.142 0.0000000000
79069  47.469  11.045  22.935 0.0000000000
79087  48.179  11.753  22.675 0.0000000000
78206  49.378  10.852  22.577 0.0000000000
78205  49.859  10.612  22.382 0.0000000000
74331  41.006  6.272  30.131 0.0000000000
55809  30.591  -10.946  51.237 0.0000000000
55808  31.422  -10.948  51.207 0.0000000000
54474  31.034  -11.219  51.785 0.0000000000
75297  39.026  7.400  30.169 0.0000000000
75308  39.344  7.901  29.427 0.0000000000
74344  39.713  6.977  29.706 0.0000000000
62862  33.803  -4.107  38.883 0.0000000000
142310  34.529  -4.478  39.556 0.0000000000
62849  35.159  -4.541  39.726 0.0000000000
62836  34.360  -4.627  40.074 0.0000000000
54316  14.211  -11.802  65.326 0.0000000000
54317  13.557  -11.883  65.989 0.0000000000
55599  13.266  -10.891  66.450 0.0000000000
63711  26.181  -3.195  54.866 0.0000000000
63726  25.610  -3.683  54.462 0.0000000000
62649  25.053  -4.137  54.914 0.0000000000
55664  21.967  -10.794  63.013 0.0000000000
55663  22.692  -10.846  63.057 0.0000000000
64868  29.749  -2.370  48.162 0.0000000000
55711  19.366  -10.333  59.264 0.0000000000
132984  19.319  -10.490  60.061 0.0000000000
55712  18.902  -9.999  59.997 0.0000000000
133007  19.349  -9.056  58.990 0.0000000000
56922  19.474  -9.634  58.689 0.0000000000
60560  31.659  -6.885  49.490 0.0000000000
57028  34.123  -9.543  50.485 0.0000000000
58208  34.759  -8.962  51.001 0.0000000000
57018  34.835  -9.024  51.851 0.0000000000
79048  41.436  11.204  27.721 0.0000000000
136960  41.711  11.854  28.094 0.0000000000
79047  41.970  11.675  27.329 0.0000000000
79053  42.401  11.225  26.586 0.0000000000
74348  43.561  7.116  28.739 0.0000000000
75328  43.520  7.522  28.080 0.0000000000
75306  44.118  6.922  29.112 0.0000000000
75305  44.864  7.025  29.113 0.0000000000
48932  8.595  -16.760  75.559 0.0000000000
74297  37.232  6.370  32.500 0.0000000000
73270  37.476  5.736  32.189 0.0000000000
73271  36.823  5.688  32.735 0.0000000000
69362  37.566  1.602  34.353 0.0000000000
68287  37.441  0.940  34.768 0.0000000000
69330  33.294  1.133  36.907 0.0000000000
137705  33.202  0.470  36.609 0.0000000000
63952  37.437  -3.118  37.561 0.0000000000
63951  38.081  -3.135  37.743 0.0000000000
127285  29.168  -10.091  55.438 0.0000000000
55756  29.676  -10.466  56.054 0.0000000000
74288  37.081  7.036  33.571 0.0000000000
75269  37.757  8.177  33.248 0.0000000000
75270  37.444  7.532  32.842 0.0000000000
54324  18.116  -11.054  64.260 0.0000000000
54314  17.635  -11.337  65.028 0.0000000000
52090  12.446  -13.840  69.656 0.0000000000
52076  13.053  -13.661  70.020 0.0000000000
50985  12.047  -14.026  70.171 0.0000000000
50973  11.960  -14.117  70.772 0.0000000000
54254  9.203  -11.742  72.385 0.0000000000
54261  9.652  -12.162  71.628 0.0000000000
53130  9.097  -12.808  72.028 0.0000000000
52053  9.340  -13.919  71.891 0.0000000000
53131  8.616  -13.459  72.510 0.0000000000
54216  8.267  -10.824  76.202 0.0000000000
54217  7.878  -11.448  76.642 0.0000000000
136392  7.695  -12.108  77.052 0.0000000000
54205  7.826  -11.397  77.429 0.0000000000
60520  28.176  -6.528  51.819 0.0000000000
59409  28.463  -7.341  51.563 0.0000000000
59428  27.486  -7.636  51.346 0.0000000000
58213  27.413  -8.430  51.541 0.0000000000
60534  27.085  -6.890  51.313 0.0000000000
59337  26.540  -7.281  56.272 0.0000000000
56972  22.991  -9.974  55.917 0.0000000000
56971  23.729  -9.618  55.723 0.0000000000
70432  40.840  2.497  33.417 0.0000000000
70441  41.159  2.933  32.693 0.0000000000
67064  30.498  -1.146  43.421 0.0000000000
120409  30.089  -1.862  43.048 0.0000000000
64923  30.375  -2.370  42.515 0.0000000000
64911  29.949  -2.779  43.054 0.0000000000
60603  31.167  -7.107  46.033 0.0000000000
60613  30.392  -6.528  45.696 0.0000000000
60612  31.316  -6.524  45.483 0.0000000000
63819  35.305  -4.516  45.610 0.0000000000
63831  34.146  -4.214  44.874 0.0000000000
63830  34.933  -4.406  45.128 0.0000000000
139975  34.219  -3.791  44.168 0.0000000000
63842  35.203  -4.296  44.829 0.0000000000
62771  35.592  -4.397  44.661 0.0000000000
130803  48.311  14.162  22.559 0.0000000000
80757  48.731  13.949  22.097 0.0000000000
77281  45.636  9.725  24.492 0.0000000000
59302  20.109  -8.220  59.664 0.0000000000
59303  19.392  -8.302  59.976 0.0000000000
59288  19.767  -7.945  60.455 0.0000000000
141079  43.011  6.769  30.068 0.0000000000
73283  41.783  5.375  31.326 0.0000000000
58226  31.257  -9.143  49.373 0.0000000000
55807  32.143  -10.905  51.250 0.0000000000
55806  32.934  -10.586  51.535 0.0000000000
57020  33.530  -10.068  50.973 0.0000000000
77228  39.082  9.821  30.326 0.0000000000
77235  39.200  9.679  29.655 0.0000000000
76279  40.125  8.632  28.456 0.0000000000
77234  39.823  10.024  29.108 0.0000000000
77243  40.258  9.530  28.355 0.0000000000
77251  40.864  9.251  27.731 0.0000000000
74351  41.019  7.092  28.882 0.0000000000
75320  41.457  7.600  28.393 0.0000000000
74350  41.942  7.091  28.979 0.0000000000
74349  42.787  7.034  28.952 0.0000000000
48919  7.642  -16.721  76.841 0.0000000000
74271  36.516  6.357  34.988 0.0000000000
72290  35.450  4.269  35.567 0.0000000000
72297  35.584  4.264  34.901 0.0000000000
70422  35.648  3.118  34.887 0.0000000000
64985  33.365  -2.235  37.478 0.0000000000
65001  33.870  -1.908  36.849 0.0000000000
63942  35.042  -3.970  38.159 0.0000000000
63941  35.927  -3.875  38.135 0.0000000000
63940  36.707  -3.627  38.167 0.0000000000
62848  37.091  -4.021  39.288 0.0000000000
62835  36.515  -4.604  40.947 0.0000000000
121058  37.470  -4.397  41.059 0.0000000000
62816  37.729  -4.406  41.737 0.0000000000
118369  37.517  -4.649  42.463 0.0000000000
74277  36.953  7.034  34.613 0.0000000000
131332  15.787  -12.005  64.442 0.0000000000
53208  16.048  -12.194  64.925 0.0000000000
53209  15.388  -12.245  64.913 0.0000000000
129258  14.847  -12.752  66.077 0.0000000000
53178  15.349  -12.792  67.372 0.0000000000
52122  14.551  -13.247  67.653 0.0000000000
53192  12.963  -12.809  66.955 0.0000000000
52124  12.983  -13.473  67.874 0.0000000000
53168  12.320  -13.034  68.046 0.0000000000
55510  9.694  -9.982  72.983 0.0000000000
55511  9.210  -10.469  73.498 0.0000000000
56746  9.380  -9.650  73.723 0.0000000000
55496  8.587  -10.419  75.688 0.0000000000
62660  27.390  -3.892  53.988 0.0000000000
130625  27.675  -4.589  53.532 0.0000000000
61607  28.007  -5.422  53.114 0.0000000000
61608  27.296  -5.057  52.726 0.0000000000
61621  26.538  -5.689  52.140 0.0000000000
62681  26.639  -5.070  52.624 0.0000000000
61597  25.110  -5.268  54.017 0.0000000000
60510  25.557  -5.662  53.301 0.0000000000
123308  25.414  -6.648  54.091 0.0000000000
118800  22.591  -11.565  59.693 0.0000000000
54391  23.309  -11.641  59.076 0.0000000000
65959  29.360  -1.598  45.123 0.0000000000
140684  34.307  -6.814  47.198 0.0000000000
60592  34.136  -6.051  46.565 0.0000000000
126101  34.620  -5.879  47.181 0.0000000000
62714  35.992  -4.891  47.957 0.0000000000
62715  35.534  -4.901  47.216 0.0000000000
49935  6.047  -14.468  78.667 0.0000000000
70383  34.494  2.455  38.035 0.0000000000
68247  33.657  0.310  38.042 0.0000000000
67144  33.293  -0.481  38.162 0.0000000000
128038  32.655  -1.642  39.111 0.0000000000
66031  32.845  -1.747  38.573 0.0000000000
64958  32.502  -2.317  38.974 0.0000000000
136560  32.250  -3.005  39.169 0.0000000000
54346  20.840  -10.899  62.088 0.0000000000
55682  18.878  -10.644  61.348 0.0000000000
54365  18.539  -10.780  61.966 0.0000000000
58063  18.286  -8.816  60.700 0.0000000000
56907  18.033  -9.371  60.903 0.0000000000
58043  17.749  -8.709  61.276 0.0000000000
56876  16.399  -9.596  62.559 0.0000000000
56893  16.987  -9.607  62.013 0.0000000000
55685  16.793  -10.307  62.334 0.0000000000
55668  16.513  -10.854  62.831 0.0000000000
54336  16.441  -11.452  63.464 0.0000000000
55669  15.925  -10.132  62.913 0.0000000000
57996  15.563  -8.523  63.987 0.0000000000
56858  14.501  -9.886  64.912 0.0000000000
121136  24.800  -4.130  56.929 0.0000000000
61563  24.312  -5.018  57.104 0.0000000000
60455  23.464  -6.910  57.135 0.0000000000
130725  22.791  -7.737  56.568 0.0000000000
59340  22.368  -8.580  56.558 0.0000000000
56953  20.814  -9.828  57.372 0.0000000000
58120  21.168  -9.147  57.111 0.0000000000
55743  21.195  -10.715  57.160 0.0000000000
54407  22.092  -11.628  58.020 0.0000000000
54408  21.052  -11.282  57.942 0.0000000000
54378  20.327  -11.151  60.263 0.0000000000
119486  20.994  -11.332  59.964 0.0000000000
54377  20.958  -11.212  60.654 0.0000000000
54362  21.322  -11.179  61.389 0.0000000000
62716  29.876  -4.430  49.055 0.0000000000
61673  30.511  -5.379  49.332 0.0000000000
59460  30.643  -7.603  47.821 0.0000000000
60579  29.936  -7.071  48.253 0.0000000000
59471  30.793  -7.607  47.026 0.0000000000
57039  31.635  -9.701  49.050 0.0000000000
123397  31.497  -8.947  48.574 0.0000000000
57047  31.980  -9.294  48.471 0.0000000000
57045  33.591  -9.222  48.785 0.0000000000
58233  32.558  -8.787  48.062 0.0000000000
58242  33.077  -8.442  47.711 0.0000000000
58241  33.758  -8.205  47.869 0.0000000000
60591  33.910  -7.558  47.322 0.0000000000
128430  34.366  -8.244  48.387 0.0000000000
58217  35.357  -8.186  50.678 0.0000000000
121408  35.633  -7.509  50.133 0.0000000000
80742  44.587  13.244  25.744 0.0000000000
120777  43.987  12.915  26.217 0.0000000000
78171  43.314  10.766  25.519 0.0000000000
78170  44.032  10.588  24.939 0.0000000000
77268  43.687  9.963  25.434 0.0000000000
76296  42.401  8.922  26.934 0.0000000000
77249  42.161  9.846  26.734 0.0000000000
76294  44.177  8.275  27.184 0.0000000000
76312  43.378  8.775  26.675 0.0000000000
76311  44.297  8.711  26.260 0.0000000000
73302  38.771  5.969  30.760 0.0000000000
73286  38.408  5.501  31.332 0.0000000000
71404  38.098  4.279  32.043 0.0000000000
72331  38.658  4.697  31.526 0.0000000000
138387  39.038  3.171  32.439 0.0000000000
141605  36.312  4.367  33.499 0.0000000000
72307  36.812  4.153  32.964 0.0000000000
69361  38.357  1.751  34.119 0.0000000000
71382  37.801  2.827  33.365 0.0000000000
141416  38.979  1.893  33.890 0.0000000000
70434  39.217  2.308  33.461 0.0000000000
69360  40.018  1.552  34.369 0.0000000000
138409  39.609  0.960  34.748 0.0000000000
67165  39.586  -0.336  35.481 0.0000000000
127923  35.495  4.425  36.946 0.0000000000
71354  34.667  3.159  36.766 0.0000000000
69350  35.629  1.418  35.136 0.0000000000
68278  35.420  0.428  35.338 0.0000000000
66052  34.505  -1.525  36.429 0.0000000000
66064  34.214  -0.722  36.212 0.0000000000
126374  35.193  -1.858  36.335 0.0000000000
66050  36.811  -1.749  36.214 0.0000000000
66062  37.291  -1.109  35.813 0.0000000000
54454  29.549  -11.325  53.445 0.0000000000
54453  30.379  -11.519  53.658 0.0000000000
54427  30.899  -11.953  56.484 0.0000000000
124850  31.354  -11.691  55.844 0.0000000000
77219  39.349  9.611  31.269 0.0000000000
77220  38.553  9.298  31.703 0.0000000000
75293  37.798  7.566  31.680 0.0000000000
75299  37.996  8.095  31.144 0.0000000000
74335  38.088  7.279  31.159 0.0000000000
55649  20.024  -10.604  63.416 0.0000000000
55632  20.473  -10.517  64.139 0.0000000000
54305  16.737  -11.859  65.955 0.0000000000
53149  14.460  -12.700  70.373 0.0000000000
57977  14.319  -8.335  66.325 0.0000000000
56826  13.214  -9.241  67.558 0.0000000000
55559  12.945  -9.956  67.854 0.0000000000
55578  12.844  -10.784  67.230 0.0000000000
54273  11.763  -11.603  68.829 0.0000000000
54287  11.772  -12.609  68.723 0.0000000000
54274  11.362  -11.971  69.326 0.0000000000
55528  10.719  -10.068  70.917 0.0000000000
55538  10.600  -10.980  70.691 0.0000000000
53140  10.173  -12.564  71.001 0.0000000000
54269  10.566  -11.989  70.497 0.0000000000
53151  10.693  -12.903  70.440 0.0000000000
52078  10.925  -13.582  70.578 0.0000000000
50987  11.147  -14.010  70.820 0.0000000000
52066  10.688  -13.910  71.041 0.0000000000
49993  9.831  -14.813  72.150 0.0000000000
50976  10.480  -14.525  71.848 0.0000000000
138547  8.890  -15.818  73.691 0.0000000000
117469  8.400  -15.328  74.028 0.0000000000
49969  8.680  -16.073  74.258 0.0000000000
54239  8.492  -11.514  74.166 0.0000000000
50930  7.813  -14.433  75.573 0.0000000000
130187  7.599  -13.888  76.452 0.0000000000
132526  7.458  -13.904  77.194 0.0000000000
52003  7.422  -13.333  78.202 0.0000000000
54195  7.911  -10.877  77.912 0.0000000000
54190  7.402  -11.088  78.347 0.0000000000
53058  6.856  -12.098  78.802 0.0000000000
141086  6.656  -12.168  79.031 0.0000000000
51997  6.920  -12.723  78.716 0.0000000000
141343  6.465  -12.300  79.161 0.0000000000
51990  5.811  -12.804  79.155 0.0000000000
123797  30.610  -9.329  51.049 0.0000000000
58211  28.762  -9.084  51.299 0.0000000000
58200  29.412  -8.693  51.426 0.0000000000
57023  29.397  -9.938  51.432 0.0000000000
57006  27.416  -9.123  52.579 0.0000000000
57005  27.851  -9.698  53.197 0.0000000000
56995  28.104  -9.246  54.011 0.0000000000
59410  26.275  -6.887  52.111 0.0000000000
58202  26.574  -7.616  52.407 0.0000000000
59387  26.609  -7.430  53.431 0.0000000000
58150  27.559  -7.754  54.981 0.0000000000
127490  27.210  -7.929  53.946 0.0000000000
56983  28.272  -8.626  54.819 0.0000000000
58133  28.981  -8.436  56.409 0.0000000000
58134  28.288  -7.563  56.413 0.0000000000
61572  23.711  -6.154  55.419 0.0000000000
139050  23.934  -6.010  54.937 0.0000000000
58152  24.119  -8.350  54.986 0.0000000000
56969  25.171  -8.917  56.352 0.0000000000
55726  24.484  -11.047  57.822 0.0000000000
54404  24.744  -11.198  58.862 0.0000000000
56921  25.807  -9.827  58.967 0.0000000000
58118  25.702  -8.744  57.290 0.0000000000
72329  40.524  4.527  31.427 0.0000000000
67098  32.362  -1.019  41.087 0.0000000000
65997  31.611  -1.365  41.184 0.0000000000
63897  31.205  -3.264  41.426 0.0000000000
62839  31.864  -3.875  40.269 0.0000000000
62821  31.754  -3.913  41.026 0.0000000000
130357  28.849  -4.054  47.718 0.0000000000
63804  28.751  -3.413  47.237 0.0000000000
62758  29.294  -4.891  45.186 0.0000000000
62776  29.604  -4.232  44.491 0.0000000000
63848  29.446  -3.237  44.518 0.0000000000
61691  33.920  -5.621  45.861 0.0000000000
62755  32.787  -5.308  44.887 0.0000000000
63832  33.214  -4.120  44.355 0.0000000000
63846  30.778  -4.086  43.624 0.0000000000
63863  31.258  -3.709  43.169 0.0000000000
63862  32.238  -3.811  43.446 0.0000000000
62790  33.862  -4.310  42.787 0.0000000000
62803  33.345  -4.365  42.237 0.0000000000
62819  33.235  -4.547  41.491 0.0000000000
122155  34.024  -4.582  41.858 0.0000000000
62818  34.829  -4.782  41.442 0.0000000000
120411  36.216  -4.836  43.204 0.0000000000
54441  32.019  -11.340  54.016 0.0000000000
55774  34.080  -10.135  54.592 0.0000000000
55775  33.418  -10.655  54.203 0.0000000000
55784  33.984  -10.159  53.683 0.0000000000
55794  33.860  -10.208  52.846 0.0000000000
57004  34.604  -9.644  54.041 0.0000000000
58167  35.863  -8.805  54.001 0.0000000000
127568  49.259  12.832  21.636 0.0000000000
79103  49.703  11.350  21.874 0.0000000000
80745  44.842  13.179  24.992 0.0000000000
130870  46.546  13.036  23.163 0.0000000000
79070  46.564  11.573  23.079 0.0000000000
77290  48.476  9.725  23.601 0.0000000000
78192  48.076  10.373  23.271 0.0000000000
78207  48.574  11.023  22.814 0.0000000000
74330  41.885  6.483  30.337 0.0000000000
73299  41.406  5.835  30.742 0.0000000000
76268  38.957  8.884  29.638 0.0000000000
76280  39.518  8.544  29.025 0.0000000000
75322  39.860  8.000  28.787 0.0000000000
73242  36.187  5.691  35.473 0.0000000000
73234  35.946  5.210  35.970 0.0000000000
63956  33.709  -3.319  37.736 0.0000000000
122114  34.132  -3.878  38.230 0.0000000000
62860  35.569  -4.226  38.871 0.0000000000
138089  36.228  -4.339  39.650 0.0000000000
127863  35.818  -4.641  40.405 0.0000000000
62817  35.637  -4.783  41.157 0.0000000000
53210  14.810  -12.015  64.908 0.0000000000
53190  14.290  -12.940  66.439 0.0000000000
52137  14.039  -13.333  66.980 0.0000000000
53191  13.585  -12.804  66.497 0.0000000000
56733  9.545  -8.923  74.066 0.0000000000
63733  26.151  -3.895  53.604 0.0000000000
62669  26.142  -4.549  53.132 0.0000000000
62670  25.802  -4.208  53.533 0.0000000000
62661  25.345  -4.394  54.068 0.0000000000
54361  22.346  -11.282  61.600 0.0000000000
54344  23.041  -11.115  62.326 0.0000000000
60558  35.940  -6.278  49.359 0.0000000000
67136  33.463  -0.935  39.071 0.0000000000
66023  32.220  -1.827  39.581 0.0000000000
54379  19.574  -10.801  60.709 0.0000000000
55683  18.339  -10.423  61.313 0.0000000000
58025  17.338  -8.330  62.036 0.0000000000
58026  16.788  -8.892  62.294 0.0000000000
59324  23.120  -7.649  57.711 0.0000000000
58101  20.523  -8.517  58.240 0.0000000000
58100  21.039  -8.614  57.643 0.0000000000
56938  20.091  -9.813  58.033 0.0000000000
55727  20.249  -10.780  58.243 0.0000000000
54409  20.567  -11.279  58.691 0.0000000000
55710  19.925  -10.973  58.931 0.0000000000
60561  30.993  -6.230  49.536 0.0000000000
60578  30.684  -7.273  48.971 0.0000000000
139280  30.888  -7.941  48.250 0.0000000000
123288  32.590  -10.152  49.565 0.0000000000
57037  33.031  -9.859  49.109 0.0000000000
57036  33.891  -9.442  49.537 0.0000000000
58225  34.447  -8.708  49.028 0.0000000000
58206  35.781  -7.793  51.642 0.0000000000
79928  42.397  12.426  28.147 0.0000000000
79934  43.375  12.456  26.461 0.0000000000
78172  42.735  10.827  25.986 0.0000000000
75329  42.731  7.714  27.911 0.0000000000
123159  44.050  7.798  27.773 0.0000000000
75316  45.290  7.555  28.499 0.0000000000
74296  37.704  6.387  31.958 0.0000000000
73287  37.925  5.813  31.732 0.0000000000
70436  36.981  2.826  33.666 0.0000000000
142065  38.903  0.911  34.774 0.0000000000
67166  38.686  -0.372  35.443 0.0000000000
70391  34.287  2.487  37.234 0.0000000000
120583  33.867  1.023  36.091 0.0000000000
68279  34.480  0.492  35.630 0.0000000000
64982  35.941  -2.854  37.156 0.0000000000
64997  37.300  -2.356  36.681 0.0000000000
64996  38.214  -2.258  36.790 0.0000000000
64979  38.700  -2.749  37.389 0.0000000000
54436  30.204  -11.503  55.286 0.0000000000
55768  29.562  -11.048  55.354 0.0000000000
55767  30.067  -11.159  55.861 0.0000000000
75258  37.972  8.145  34.089 0.0000000000
76233  38.239  8.694  32.942 0.0000000000
76242  37.966  8.854  32.111 0.0000000000
137972  37.615  7.741  32.178 0.0000000000
132591  18.829  -10.755  63.957 0.0000000000
55634  19.037  -10.624  64.817 0.0000000000
53157  13.854  -13.280  69.663 0.0000000000
52063  12.892  -13.483  70.935 0.0000000000
52064  12.293  -13.804  71.316 0.0000000000
52065  11.673  -14.098  71.544 0.0000000000
57941  12.648  -8.263  68.924 0.0000000000
56806  12.483  -9.944  68.535 0.0000000000
120466  12.029  -10.103  69.120 0.0000000000
49994  9.289  -15.210  72.760 0.0000000000
59426  28.606  -8.229  51.358 0.0000000000
57025  27.978  -9.131  51.396 0.0000000000
135711  27.978  -9.672  51.753 0.0000000000
57013  27.511  -9.191  51.843 0.0000000000
59369  26.095  -6.865  53.829 0.0000000000
59336  27.378  -7.227  56.572 0.0000000000
59339  23.126  -7.711  55.529 0.0000000000
137473  23.568  -7.482  55.031 0.0000000000
58153  23.516  -8.259  55.223 0.0000000000
56970  24.525  -9.795  56.294 0.0000000000
54374  25.274  -11.338  60.615 0.0000000000
55694  25.718  -10.989  60.087 0.0000000000
71392  40.620  3.320  32.201 0.0000000000
71401  40.957  3.993  31.837 0.0000000000
127357  41.736  2.585  33.266 0.0000000000
65984  30.798  -1.239  42.721 0.0000000000
65983  31.192  -1.325  41.949 0.0000000000
121387  31.025  -1.917  41.428 0.0000000000
63898  30.780  -2.571  41.827 0.0000000000
138979  30.916  -3.056  41.968 0.0000000000
61693  29.065  -5.849  46.799 0.0000000000
62741  28.969  -4.973  46.237 0.0000000000
140470  29.773  -6.182  45.724 0.0000000000
61703  29.921  -5.678  45.143 0.0000000000
62739  34.547  -5.057  45.549 0.0000000000
137503  33.689  -4.676  44.919 0.0000000000
121383  32.969  -3.787  43.925 0.0000000000
63861  33.664  -3.745  43.774 0.0000000000
62789  34.478  -4.109  43.453 0.0000000000
121892  35.348  -4.532  43.280 0.0000000000
55753  32.873  -11.324  55.572 0.0000000000
55766  32.648  -11.116  54.703 0.0000000000
55764  34.260  -10.430  55.407 0.0000000000
132044  48.983  13.080  22.091 0.0000000000
123684  44.484  11.225  24.500 0.0000000000
79063  44.893  11.837  24.043 0.0000000000
78180  45.312  10.965  23.935 0.0000000000
78179  46.109  10.320  23.757 0.0000000000
77289  49.324  9.729  23.370 0.0000000000
58082  19.107  -8.852  59.645 0.0000000000
58062  18.785  -8.520  60.317 0.0000000000
59315  20.783  -8.248  59.042 0.0000000000
58080  20.098  -8.431  58.860 0.0000000000
74340  43.395  6.818  29.548 0.0000000000
120390  43.477  6.717  30.337 0.0000000000
74314  43.320  6.656  31.156 0.0000000000
73297  42.756  6.325  31.309 0.0000000000
57030  31.999  -10.245  49.662 0.0000000000
78130  40.611  10.463  30.449 0.0000000000
78137  40.355  10.589  29.497 0.0000000000
78136  40.828  11.055  29.066 0.0000000000
78146  40.930  10.796  28.145 0.0000000000
78155  41.251  10.523  27.553 0.0000000000
127688  41.656  8.738  27.498 0.0000000000
76297  41.916  8.018  27.932 0.0000000000
48926  8.342  -16.934  76.167 0.0000000000
73262  36.372  5.648  33.495 0.0000000000
73263  35.929  4.949  33.755 0.0000000000
73250  35.745  4.794  34.465 0.0000000000
72309  35.949  4.124  34.168 0.0000000000
70421  36.243  3.126  34.343 0.0000000000
69363  36.311  1.632  34.776 0.0000000000
68266  32.762  0.184  37.037 0.0000000000
67159  33.249  -0.362  36.715 0.0000000000
65000  34.683  -2.272  36.683 0.0000000000
64983  35.027  -2.909  37.075 0.0000000000
63953  36.322  -3.356  37.640 0.0000000000
133487  36.965  -3.286  37.714 0.0000000000
63939  37.483  -3.446  38.147 0.0000000000
62847  37.925  -4.045  39.606 0.0000000000
62834  37.106  -4.259  40.201 0.0000000000
56967  29.601  -10.047  56.809 0.0000000000
56949  29.761  -9.376  57.465 0.0000000000
118691  16.962  -11.589  63.667 0.0000000000
53199  15.560  -12.476  65.626 0.0000000000
53188  16.140  -12.343  66.237 0.0000000000
52103  14.054  -13.526  68.287 0.0000000000
52123  13.715  -13.521  67.692 0.0000000000
52105  12.448  -13.601  68.780 0.0000000000
56767  10.271  -9.753  71.592 0.0000000000
55519  9.916  -10.294  72.193 0.0000000000
54247  8.917  -11.402  73.334 0.0000000000
55502  9.018  -10.205  74.273 0.0000000000
135556  8.527  -10.743  74.795 0.0000000000
135314  8.248  -10.956  75.536 0.0000000000
61619  27.728  -5.804  52.256 0.0000000000
60521  27.460  -6.298  51.638 0.0000000000
61633  26.783  -6.207  51.679 0.0000000000
60522  26.231  -6.197  52.025 0.0000000000
120993  25.918  -6.202  52.661 0.0000000000
54420  22.668  -11.495  57.176 0.0000000000
54419  23.614  -11.467  57.539 0.0000000000
54390  24.170  -11.503  59.438 0.0000000000
126583  23.682  -11.475  60.814 0.0000000000
134992  24.407  -11.462  60.454 0.0000000000
69359  40.857  1.665  34.358 0.0000000000
69358  41.677  1.782  34.465 0.0000000000
65965  29.634  -1.843  44.387 0.0000000000
64901  29.623  -2.502  44.253 0.0000000000
60601  33.296  -6.427  46.157 0.0000000000
61683  34.595  -5.336  46.230 0.0000000000
61672  35.049  -5.445  47.888 0.0000000000
61682  35.037  -5.250  46.809 0.0000000000
62726  35.060  -5.041  46.191 0.0000000000
62738  35.224  -4.778  46.006 0.0000000000
63803  35.745  -4.448  46.192 0.0000000000
80747  47.647  14.034  22.899 0.0000000000
77265  46.295  9.084  24.977 0.0000000000
71336  35.229  3.538  38.047 0.0000000000
69329  33.995  1.628  37.537 0.0000000000
68256  33.286  0.822  37.379 0.0000000000
67151  32.969  -0.418  37.333 0.0000000000
64970  32.894  -2.329  38.165 0.0000000000
64969  33.117  -2.986  37.862 0.0000000000
62851  33.117  -4.214  39.373 0.0000000000
55665  20.430  -10.671  62.736 0.0000000000
55666  19.635  -10.706  62.614 0.0000000000
55650  19.178  -10.726  63.313 0.0000000000
54335  17.569  -11.315  63.500 0.0000000000
55696  18.443  -9.905  60.713 0.0000000000
141183  17.906  -10.434  61.571 0.0000000000
56892  17.494  -9.512  61.455 0.0000000000
55684  17.455  -10.294  61.828 0.0000000000
54366  17.983  -10.740  61.910 0.0000000000
54337  15.771  -11.573  63.889 0.0000000000
55635  15.135  -10.872  63.924 0.0000000000
55636  14.672  -10.775  64.563 0.0000000000
55618  14.208  -10.697  65.200 0.0000000000
141529  13.980  -10.342  65.718 0.0000000000
62638  24.943  -3.812  55.879 0.0000000000
62639  24.182  -4.597  56.094 0.0000000000
60470  23.592  -6.427  56.252 0.0000000000
58138  22.798  -8.484  55.732 0.0000000000
56951  22.245  -10.096  56.309 0.0000000000
58119  21.906  -9.280  56.590 0.0000000000
139208  22.513  -11.669  58.781 0.0000000000
54345  21.671  -11.016  62.255 0.0000000000
64867  30.210  -2.631  49.124 0.0000000000
63784  29.666  -3.340  48.834 0.0000000000
62717  29.074  -4.774  48.330 0.0000000000
60580  29.564  -6.270  48.329 0.0000000000
60594  29.471  -6.502  47.473 0.0000000000
60604  30.448  -7.179  46.465 0.0000000000
59482  31.819  -7.589  46.495 0.0000000000
59452  31.306  -8.270  48.194 0.0000000000
58244  31.886  -8.115  47.082 0.0000000000
59481  32.465  -7.927  46.858 0.0000000000
59480  32.808  -7.353  46.487 0.0000000000
59458  34.968  -7.051  48.559 0.0000000000
59451  34.849  -7.826  48.813 0.0000000000
79941  44.440  12.646  25.117 0.0000000000
79938  43.636  12.225  25.716 0.0000000000
126407  44.073  12.170  25.251 0.0000000000
77282  44.636  9.711  25.099 0.0000000000
77267  44.755  9.078  25.646 0.0000000000
74333  39.297  6.530  30.323 0.0000000000
73301  39.630  5.781  30.604 0.0000000000
72330  39.567  4.514  31.404 0.0000000000
71393  39.763  3.199  32.255 0.0000000000
70433  40.023  2.362  33.434 0.0000000000
71395  37.574  3.892  32.604 0.0000000000
141881  37.935  3.318  32.942 0.0000000000
69371  40.456  2.068  33.970 0.0000000000
68272  40.862  0.362  35.139 0.0000000000
68273  40.005  0.364  35.167 0.0000000000
71364  34.791  3.086  35.866 0.0000000000
70407  35.300  2.862  35.296 0.0000000000
67170  34.761  -0.238  35.666 0.0000000000
66051  35.911  -1.826  36.139 0.0000000000
67169  35.591  -0.461  35.493 0.0000000000
67168  36.312  -0.148  35.246 0.0000000000
68276  37.193  0.184  35.156 0.0000000000
67167  37.764  -0.417  35.462 0.0000000000
66060  39.135  -1.058  35.818 0.0000000000
66048  38.665  -1.679  36.311 0.0000000000
66047  39.561  -1.620  36.363 0.0000000000
66046  40.449  -1.545  36.462 0.0000000000
55810  29.546  -11.096  51.962 0.0000000000
54464  30.733  -11.382  52.613 0.0000000000
54442  31.203  -11.470  54.291 0.0000000000
121040  31.103  -11.531  55.196 0.0000000000
54435  32.000  -11.457  55.395 0.0000000000
76255  38.046  8.826  31.311 0.0000000000
76262  38.480  8.671  30.528 0.0000000000
139953  19.660  -10.503  64.845 0.0000000000
56848  14.562  -8.890  65.470 0.0000000000
55598  13.722  -9.988  66.215 0.0000000000
56825  13.721  -8.978  66.867 0.0000000000
55579  12.490  -11.511  67.421 0.0000000000
53158  11.773  -13.323  69.131 0.0000000000
54268  11.051  -11.428  70.018 0.0000000000
52092  11.340  -13.255  69.938 0.0000000000
50974  11.371  -14.158  71.122 0.0000000000
50964  11.011  -14.461  71.877 0.0000000000
49980  9.490  -15.716  73.308 0.0000000000
48937  8.521  -16.459  74.956 0.0000000000
122446  8.172  -16.211  75.578 0.0000000000
53120  8.218  -13.020  73.354 0.0000000000
52030  8.149  -13.703  73.998 0.0000000000
50939  8.103  -14.523  74.508 0.0000000000
49951  7.270  -15.583  77.023 0.0000000000
50916  7.311  -14.632  77.281 0.0000000000
50917  7.313  -15.015  77.771 0.0000000000
49939  6.990  -14.878  78.603 0.0000000000
55477  8.057  -10.603  77.498 0.0000000000
53064  7.641  -11.758  77.961 0.0000000000
51996  7.571  -12.579  78.064 0.0000000000
54182  6.848  -11.362  78.859 0.0000000000
50902  7.058  -13.774  78.557 0.0000000000
50903  6.723  -14.204  78.659 0.0000000000
63769  31.307  -3.799  50.031 0.0000000000
130248  29.770  -10.827  51.377 0.0000000000
55796  29.029  -10.952  52.639 0.0000000000
55787  28.935  -10.920  53.691 0.0000000000
55788  28.311  -10.382  52.988 0.0000000000
58214  26.770  -7.589  51.615 0.0000000000
56982  28.846  -8.997  55.501 0.0000000000
60498  24.401  -5.833  54.548 0.0000000000
59370  24.670  -6.645  54.491 0.0000000000
58151  24.675  -7.716  54.913 0.0000000000
58136  25.882  -7.745  56.538 0.0000000000
138483  24.010  -11.060  57.057 0.0000000000
55741  24.542  -10.484  57.006 0.0000000000
55725  25.215  -10.505  58.437 0.0000000000
56950  25.137  -9.704  57.072 0.0000000000
73284  41.001  5.083  30.983 0.0000000000
72316  41.768  4.034  31.952 0.0000000000
67120  32.893  -1.148  40.363 0.0000000000
66010  32.069  -1.398  40.319 0.0000000000
141076  31.763  -2.053  40.032 0.0000000000
64947  31.460  -2.693  40.185 0.0000000000
63929  31.830  -3.383  39.726 0.0000000000
62852  32.332  -4.064  39.790 0.0000000000
140866  32.822  -4.427  40.065 0.0000000000
124184  28.998  -2.607  47.289 0.0000000000
63821  28.685  -3.140  46.287 0.0000000000
139316  28.862  -3.541  45.659 0.0000000000
64887  28.964  -2.260  45.672 0.0000000000
63865  29.879  -2.971  43.861 0.0000000000
61701  32.007  -6.019  45.110 0.0000000000
62757  30.579  -5.165  44.488 0.0000000000
62775  30.247  -4.475  44.076 0.0000000000
124743  30.525  -3.302  42.837 0.0000000000
63878  31.212  -3.421  42.228 0.0000000000
62805  31.924  -3.921  41.795 0.0000000000
62820  32.451  -4.350  41.255 0.0000000000
123136  33.031  -4.605  40.709 0.0000000000
62837  33.529  -4.566  40.096 0.0000000000
118366  36.181  -4.775  41.761 0.0000000000
62801  35.781  -4.780  42.486 0.0000000000
62800  36.621  -4.783  42.460 0.0000000000
54463  31.602  -11.360  52.443 0.0000000000
55786  32.818  -11.024  52.940 0.0000000000
55776  32.755  -11.019  53.735 0.0000000000
55795  33.199  -10.623  52.460 0.0000000000
139512  34.158  -9.900  52.552 0.0000000000
120201  34.443  -9.585  52.264 0.0000000000
142261  35.354  -9.346  54.889 0.0000000000
126059  35.249  -9.258  54.364 0.0000000000
57003  35.043  -9.099  53.561 0.0000000000
57011  34.890  -9.008  52.702 0.0000000000
58198  35.332  -8.428  52.246 0.0000000000
58197  35.982  -7.944  52.615 0.0000000000
79944  45.403  12.531  23.802 0.0000000000
80749  45.928  13.230  23.572 0.0000000000
80759  47.275  13.215  22.848 0.0000000000
79954  47.800  12.497  22.672 0.0000000000
78193  46.617  10.794  23.246 0.0000000000
131524  47.095  10.256  23.435 0.0000000000
79088  47.365  11.841  22.803 0.0000000000
79086  49.079  11.586  22.465 0.0000000000
79085  49.578  11.158  22.222 0.0000000000
78190  49.662  10.275  22.769 0.0000000000
53051  5.820  -12.142  80.153 0.0000000000
53180  12.795  -13.113  67.439 0.0000000000
54429  23.411  -11.191  56.860 0.0000000000
55742  21.958  -10.877  56.685 0.0000000000
58232  33.282  -8.803  48.254 0.0000000000
59427  28.032  -7.695  51.311 0.0000000000
59470  31.344  -7.816  46.889 0.0000000000
60484  23.955  -5.271  55.222 0.0000000000
60577  34.754  -6.455  47.921 0.0000000000
61684  29.148  -5.685  47.853 0.0000000000
62759  28.868  -4.102  45.850 0.0000000000
63725  26.057  -3.533  54.105 0.0000000000
63734  25.787  -3.848  53.855 0.0000000000
63785  29.120  -3.260  48.013 0.0000000000
63843  34.513  -4.030  44.673 0.0000000000
64895  28.946  -3.055  45.332 0.0000000000
69357  42.474  1.841  34.585 0.0000000000
69373  38.433  2.287  33.609 0.0000000000
71391  41.315  3.497  32.206 0.0000000000
74316  37.856  6.936  31.667 0.0000000000
75271  37.170  6.864  32.828 0.0000000000
130454  28.999  -2.163  46.523 0.0000000000
132102  34.387  1.738  36.003 0.0000000000
133353  8.826  -9.827  75.802 0.0000000000
134300  8.625  -14.827  72.961 0.0000000000
142230  12.399  -13.903  70.822 0.0000000000
