#!ascii label  , from subject sub_0001 vox2ras=TkReg
1965
60676  54.522  -6.297  38.860 0.0000000000
49087  38.957  -15.847  59.209 0.0000000000
50025  26.728  -13.984  67.355 0.0000000000
50003  19.738  -15.083  71.316 0.0000000000
48988  32.811  -16.145  65.858 0.0000000000
124130  29.924  -16.418  59.503 0.0000000000
118130  44.735  -5.515  38.747 0.0000000000
71349  51.007  3.182  36.066 0.0000000000
126813  46.409  -6.535  49.341 0.0000000000
124454  36.533  -11.384  49.867 0.0000000000
132337  30.869  -16.183  48.320 0.0000000000
52046  27.676  -13.101  72.330 0.0000000000
53154  22.705  -12.694  69.953 0.0000000000
54235  24.822  -11.236  74.632 0.0000000000
47976  30.381  -17.027  69.022 0.0000000000
61653  50.399  -4.857  49.283 0.0000000000
53194  40.138  -11.893  64.449 0.0000000000
54381  42.570  -11.291  59.279 0.0000000000
56990  42.566  -9.256  54.946 0.0000000000
52209  37.864  -13.393  54.921 0.0000000000
50224  34.386  -16.369  48.458 0.0000000000
49182  35.276  -16.332  53.552 0.0000000000
49083  25.356  -15.964  59.511 0.0000000000
49152  25.289  -16.259  55.792 0.0000000000
64952  50.028  -2.466  39.706 0.0000000000
65008  49.427  -2.204  34.947 0.0000000000
51053  24.171  -14.274  62.277 0.0000000000
121957  20.940  -13.398  65.052 0.0000000000
49025  36.336  -15.834  63.554 0.0000000000
118506  34.916  -16.930  59.045 0.0000000000
46002  32.910  -19.049  63.994 0.0000000000
49015  28.599  -15.518  64.037 0.0000000000
60691  49.873  -6.407  38.745 0.0000000000
54197  20.784  -10.830  76.612 0.0000000000
50948  17.163  -14.596  73.683 0.0000000000
66003  54.021  -0.952  40.983 0.0000000000
61719  53.873  -5.747  43.171 0.0000000000
130607  50.266  -5.424  44.215 0.0000000000
60621  45.313  -6.992  44.415 0.0000000000
59499  41.518  -8.182  44.277 0.0000000000
62656  45.606  -4.234  54.355 0.0000000000
59437  41.392  -7.805  50.272 0.0000000000
57088  35.341  -9.436  44.584 0.0000000000
53366  31.381  -12.422  44.470 0.0000000000
135661  30.262  -14.653  54.687 0.0000000000
54230  28.965  -11.430  74.126 0.0000000000
120889  26.560  -12.310  73.502 0.0000000000
121521  26.490  -10.052  75.007 0.0000000000
50941  29.958  -13.308  72.555 0.0000000000
51062  40.232  -14.022  61.612 0.0000000000
52186  41.241  -13.731  59.400 0.0000000000
53237  40.742  -12.830  57.735 0.0000000000
51092  38.841  -15.047  56.333 0.0000000000
49179  37.102  -16.377  53.494 0.0000000000
49147  37.084  -16.769  55.744 0.0000000000
49070  22.771  -17.116  59.900 0.0000000000
48115  23.034  -17.117  58.572 0.0000000000
62856  53.342  -4.737  38.798 0.0000000000
120039  53.142  -3.814  37.332 0.0000000000
136420  55.017  -4.593  37.131 0.0000000000
51035  25.652  -14.088  65.057 0.0000000000
52169  22.688  -13.590  63.571 0.0000000000
52131  23.428  -13.327  66.607 0.0000000000
127005  21.366  -13.305  71.197 0.0000000000
51001  20.007  -13.838  68.119 0.0000000000
50017  19.127  -15.810  69.449 0.0000000000
47968  18.022  -16.998  70.054 0.0000000000
51016  36.940  -13.742  65.801 0.0000000000
118860  35.283  -16.413  64.553 0.0000000000
46000  34.971  -18.957  63.391 0.0000000000
47004  33.085  -18.267  66.397 0.0000000000
50021  28.377  -14.864  68.195 0.0000000000
48018  29.568  -16.347  66.366 0.0000000000
49008  27.809  -14.828  65.594 0.0000000000
49030  26.477  -14.697  63.257 0.0000000000
61782  47.434  -5.617  38.643 0.0000000000
139643  47.885  -5.804  36.225 0.0000000000
61819  45.346  -5.944  35.566 0.0000000000
50935  15.166  -14.052  74.818 0.0000000000
61721  52.855  -6.209  43.601 0.0000000000
62745  52.246  -5.225  46.061 0.0000000000
61656  48.534  -6.066  49.261 0.0000000000
60598  48.463  -6.639  46.768 0.0000000000
59463  46.078  -7.564  47.369 0.0000000000
59497  43.644  -7.838  44.462 0.0000000000
119897  44.100  -7.760  46.846 0.0000000000
55791  40.048  -10.450  52.790 0.0000000000
58195  42.282  -8.221  53.014 0.0000000000
136633  39.631  -9.765  50.376 0.0000000000
57053  38.708  -9.193  47.753 0.0000000000
137123  35.943  -10.414  47.608 0.0000000000
54584  33.398  -10.703  45.137 0.0000000000
53343  34.031  -12.022  47.348 0.0000000000
49282  31.297  -17.483  46.397 0.0000000000
49078  32.249  -16.029  59.911 0.0000000000
50096  32.654  -15.005  57.464 0.0000000000
140688  30.390  -15.335  57.357 0.0000000000
129812  25.860  -15.091  53.183 0.0000000000
123250  50.920  5.896  33.026 0.0000000000
71367  49.311  3.433  34.522 0.0000000000
127305  27.157  -13.584  69.696 0.0000000000
118915  24.286  -13.063  68.825 0.0000000000
52060  25.106  -12.600  70.762 0.0000000000
53135  23.737  -12.169  71.861 0.0000000000
52037  21.825  -12.578  73.135 0.0000000000
52114  31.788  -14.203  67.989 0.0000000000
136378  32.711  -17.638  68.764 0.0000000000
49997  31.031  -15.211  70.281 0.0000000000
50001  29.493  -14.880  70.353 0.0000000000
63773  51.835  -3.918  48.004 0.0000000000
62686  48.663  -3.987  51.870 0.0000000000
55731  43.075  -10.103  57.950 0.0000000000
55763  39.933  -10.682  55.272 0.0000000000
53267  36.891  -12.291  52.735 0.0000000000
52266  35.186  -13.352  49.763 0.0000000000
136603  36.702  -15.430  51.652 0.0000000000
136939  35.537  -16.905  50.974 0.0000000000
50192  33.017  -15.577  51.132 0.0000000000
136716  27.986  -15.897  59.340 0.0000000000
49113  27.603  -16.854  57.633 0.0000000000
49115  25.249  -16.705  57.637 0.0000000000
123888  49.839  0.502  38.455 0.0000000000
68260  48.026  0.651  36.674 0.0000000000
63949  49.840  -3.134  37.598 0.0000000000
125191  21.653  -13.222  67.227 0.0000000000
51040  38.774  -13.327  63.951 0.0000000000
50068  37.587  -15.688  60.849 0.0000000000
48111  37.219  -17.423  58.793 0.0000000000
47066  35.633  -18.111  61.181 0.0000000000
47068  33.883  -18.177  61.841 0.0000000000
48073  31.357  -17.146  61.932 0.0000000000
45962  31.533  -18.231  66.909 0.0000000000
47053  30.662  -17.172  64.035 0.0000000000
49039  29.830  -15.979  61.961 0.0000000000
129956  27.092  -14.983  61.828 0.0000000000
50069  25.147  -14.813  61.300 0.0000000000
118134  52.400  -6.878  39.149 0.0000000000
60708  52.083  -6.032  36.983 0.0000000000
124152  50.015  -6.181  37.266 0.0000000000
54207  22.940  -10.769  75.873 0.0000000000
50931  20.380  -13.408  74.338 0.0000000000
133336  18.843  -12.303  75.725 0.0000000000
49988  18.598  -15.732  72.344 0.0000000000
124777  52.071  0.486  39.464 0.0000000000
64941  51.606  -2.380  40.861 0.0000000000
62830  53.102  -4.355  40.917 0.0000000000
136196  54.539  -6.548  40.444 0.0000000000
60654  52.380  -6.974  41.204 0.0000000000
117533  49.894  -5.462  40.863 0.0000000000
61750  47.822  -5.286  41.123 0.0000000000
61689  50.552  -5.654  46.435 0.0000000000
60619  47.581  -5.859  44.436 0.0000000000
60655  44.856  -6.017  41.619 0.0000000000
60656  43.286  -6.761  41.624 0.0000000000
59536  40.619  -7.891  41.306 0.0000000000
62689  45.636  -4.597  52.133 0.0000000000
59357  44.138  -7.326  55.254 0.0000000000
60513  43.210  -6.041  52.897 0.0000000000
60555  43.962  -5.795  49.459 0.0000000000
58248  41.205  -8.129  47.123 0.0000000000
58271  38.587  -8.053  44.439 0.0000000000
52299  32.692  -13.962  46.562 0.0000000000
134191  35.260  -16.485  56.646 0.0000000000
51140  33.278  -14.713  53.959 0.0000000000
51159  30.592  -14.506  52.122 0.0000000000
51110  28.067  -15.161  54.871 0.0000000000
118370  28.349  -14.520  52.352 0.0000000000
55500  27.653  -10.667  74.456 0.0000000000
56720  26.884  -9.660  74.217 0.0000000000
51075  40.059  -14.720  60.514 0.0000000000
51069  40.805  -14.217  60.691 0.0000000000
51080  40.088  -15.098  59.168 0.0000000000
51083  40.287  -14.518  58.134 0.0000000000
50092  39.361  -15.523  57.942 0.0000000000
50107  38.601  -15.800  56.602 0.0000000000
49107  38.373  -16.582  57.935 0.0000000000
121333  54.445  -5.413  39.107 0.0000000000
62865  54.911  -4.635  37.747 0.0000000000
61780  54.710  -5.616  38.286 0.0000000000
51022  25.773  -13.895  66.019 0.0000000000
52146  24.199  -13.656  65.407 0.0000000000
51023  24.999  -13.709  66.549 0.0000000000
122503  20.215  -14.548  70.944 0.0000000000
50984  20.062  -14.532  70.050 0.0000000000
141949  19.775  -15.093  70.731 0.0000000000
48972  18.541  -16.559  69.833 0.0000000000
48951  18.842  -16.108  71.177 0.0000000000
51033  32.452  -14.380  64.923 0.0000000000
51031  34.072  -15.040  64.796 0.0000000000
50029  35.653  -15.150  65.435 0.0000000000
48996  34.057  -16.701  64.840 0.0000000000
48015  34.393  -17.199  64.846 0.0000000000
48017  33.361  -17.478  65.966 0.0000000000
123284  27.562  -14.351  67.781 0.0000000000
48999  27.967  -14.891  66.581 0.0000000000
123429  27.408  -14.456  66.941 0.0000000000
50043  26.508  -14.226  65.463 0.0000000000
137064  45.909  -5.561  39.136 0.0000000000
138846  45.743  -5.505  36.687 0.0000000000
61795  45.014  -5.468  36.935 0.0000000000
64891  53.296  -2.946  45.578 0.0000000000
129144  53.157  -4.591  45.259 0.0000000000
63806  52.947  -3.651  46.069 0.0000000000
61657  47.731  -6.077  49.582 0.0000000000
60570  47.420  -7.177  48.519 0.0000000000
60571  46.388  -7.143  48.711 0.0000000000
59464  45.407  -7.738  47.361 0.0000000000
60572  45.445  -7.130  48.519 0.0000000000
139438  38.198  -10.950  51.548 0.0000000000
57017  39.797  -10.036  51.185 0.0000000000
120474  37.888  -10.509  49.988 0.0000000000
55834  37.941  -10.205  48.986 0.0000000000
55836  36.381  -10.829  48.741 0.0000000000
55850  35.347  -10.889  47.710 0.0000000000
54527  35.270  -11.384  48.287 0.0000000000
49080  30.533  -16.557  59.851 0.0000000000
50088  30.687  -15.865  58.505 0.0000000000
49095  29.727  -16.219  58.652 0.0000000000
73246  50.946  4.910  34.606 0.0000000000
71358  50.479  3.471  35.387 0.0000000000
50981  27.522  -13.521  70.411 0.0000000000
50982  26.785  -13.300  70.216 0.0000000000
52058  26.633  -12.909  71.250 0.0000000000
53101  25.149  -11.763  74.041 0.0000000000
141508  24.996  -12.159  72.806 0.0000000000
53126  23.831  -12.058  72.680 0.0000000000
53127  22.841  -12.126  72.610 0.0000000000
53102  23.241  -11.615  74.082 0.0000000000
52097  31.061  -13.432  69.173 0.0000000000
50990  31.787  -14.854  69.452 0.0000000000
52070  30.897  -13.819  70.152 0.0000000000
50943  28.860  -13.372  72.494 0.0000000000
125851  29.552  -14.365  71.044 0.0000000000
128697  28.751  -13.719  71.355 0.0000000000
50980  28.500  -14.083  70.257 0.0000000000
133143  42.431  -11.408  60.566 0.0000000000
55672  42.774  -9.494  60.687 0.0000000000
132477  43.594  -9.045  59.732 0.0000000000
56931  43.860  -9.117  58.578 0.0000000000
55715  42.986  -10.301  58.669 0.0000000000
53241  39.543  -12.675  56.677 0.0000000000
54424  40.587  -11.379  56.771 0.0000000000
54434  38.618  -11.653  55.190 0.0000000000
126768  38.178  -11.277  53.699 0.0000000000
53256  37.150  -12.615  53.468 0.0000000000
52240  36.518  -13.764  52.449 0.0000000000
51156  36.900  -14.438  52.817 0.0000000000
123701  36.356  -16.816  53.751 0.0000000000
49190  36.343  -16.520  51.785 0.0000000000
49192  34.966  -16.630  52.153 0.0000000000
49204  34.512  -16.625  51.322 0.0000000000
50179  34.130  -15.769  52.638 0.0000000000
49082  26.399  -16.060  58.904 0.0000000000
49098  26.536  -16.606  58.433 0.0000000000
118354  25.757  -16.329  58.559 0.0000000000
67131  49.647  -1.103  39.419 0.0000000000
66026  49.036  -1.772  38.687 0.0000000000
63934  49.835  -3.179  38.548 0.0000000000
63961  52.248  -3.270  36.618 0.0000000000
50064  23.739  -14.711  61.472 0.0000000000
118792  23.115  -14.217  61.932 0.0000000000
117477  23.158  -12.873  69.070 0.0000000000
136237  22.837  -13.134  67.855 0.0000000000
52100  22.570  -13.056  68.514 0.0000000000
52121  19.430  -14.290  67.575 0.0000000000
121948  19.853  -13.618  67.004 0.0000000000
50038  36.801  -14.706  64.892 0.0000000000
51029  37.643  -13.490  65.209 0.0000000000
50046  37.294  -14.556  64.218 0.0000000000
51064  38.644  -14.234  62.183 0.0000000000
50054  36.768  -15.309  62.777 0.0000000000
48069  36.734  -17.027  60.486 0.0000000000
48060  36.046  -16.757  62.003 0.0000000000
44843  33.963  -19.743  63.807 0.0000000000
44852  34.582  -18.976  62.916 0.0000000000
47058  33.533  -18.423  62.492 0.0000000000
47069  32.998  -17.892  61.982 0.0000000000
132433  31.757  -17.671  62.639 0.0000000000
46986  31.160  -18.030  68.937 0.0000000000
45935  31.670  -18.399  68.069 0.0000000000
120483  30.645  -17.779  67.829 0.0000000000
48046  28.900  -15.711  64.940 0.0000000000
48033  30.181  -16.742  65.113 0.0000000000
48056  29.568  -16.098  63.817 0.0000000000
48062  30.479  -16.622  62.524 0.0000000000
49040  29.137  -15.525  62.410 0.0000000000
49053  27.809  -15.175  61.132 0.0000000000
49028  27.780  -15.072  63.285 0.0000000000
50056  25.133  -14.517  62.693 0.0000000000
50062  25.568  -14.613  62.227 0.0000000000
50063  24.717  -14.670  61.746 0.0000000000
60690  50.553  -6.765  38.630 0.0000000000
60700  50.784  -6.629  37.932 0.0000000000
134324  49.431  -6.118  37.752 0.0000000000
60729  47.328  -6.710  34.627 0.0000000000
55484  21.571  -10.521  76.568 0.0000000000
53085  21.809  -11.957  75.575 0.0000000000
53073  20.493  -12.138  75.994 0.0000000000
52017  17.124  -13.206  75.038 0.0000000000
50926  17.676  -13.813  74.581 0.0000000000
140182  18.856  -14.341  73.916 0.0000000000
49965  17.978  -15.043  73.244 0.0000000000
48943  18.083  -16.267  71.999 0.0000000000
48944  17.002  -16.143  72.023 0.0000000000
69321  52.681  2.178  38.162 0.0000000000
67109  53.120  -0.619  40.226 0.0000000000
66004  53.322  -1.246  40.690 0.0000000000
63890  52.353  -2.941  41.186 0.0000000000
138364  52.995  -2.488  41.414 0.0000000000
126764  54.162  -4.574  42.340 0.0000000000
62811  53.963  -4.689  41.655 0.0000000000
60637  54.253  -6.983  41.852 0.0000000000
60652  54.005  -7.315  41.380 0.0000000000
60638  53.710  -7.053  42.205 0.0000000000
61723  51.091  -5.673  43.416 0.0000000000
61746  51.241  -5.939  41.722 0.0000000000
61736  49.757  -4.963  42.327 0.0000000000
61749  48.873  -5.185  41.119 0.0000000000
124576  48.951  -4.852  43.147 0.0000000000
62711  51.427  -4.347  48.434 0.0000000000
61679  51.300  -5.164  47.212 0.0000000000
136039  50.304  -5.534  47.828 0.0000000000
60610  46.844  -6.684  45.732 0.0000000000
60608  48.409  -6.218  45.934 0.0000000000
128137  46.845  -6.270  44.364 0.0000000000
61739  46.824  -5.678  42.887 0.0000000000
118139  45.034  -6.571  43.107 0.0000000000
128136  44.022  -6.357  41.621 0.0000000000
60632  44.280  -7.178  43.252 0.0000000000
117912  42.186  -8.087  43.804 0.0000000000
59520  42.086  -7.885  42.861 0.0000000000
59510  41.118  -7.938  42.971 0.0000000000
59511  40.132  -7.852  43.234 0.0000000000
62666  46.045  -4.310  53.552 0.0000000000
58147  43.638  -8.812  56.024 0.0000000000
59342  44.311  -7.590  56.072 0.0000000000
58163  43.253  -8.618  55.130 0.0000000000
59420  41.678  -7.645  51.097 0.0000000000
59401  42.500  -7.403  52.700 0.0000000000
60528  42.581  -6.396  51.412 0.0000000000
61628  43.644  -5.364  51.334 0.0000000000
60556  42.436  -6.357  49.400 0.0000000000
60575  42.670  -6.703  48.473 0.0000000000
59457  41.507  -7.720  48.489 0.0000000000
57074  37.125  -9.116  45.958 0.0000000000
58251  38.821  -8.563  46.319 0.0000000000
58273  36.638  -8.796  44.328 0.0000000000
58298  37.084  -8.253  42.966 0.0000000000
57112  34.982  -9.102  42.891 0.0000000000
57101  34.358  -9.433  43.421 0.0000000000
138285  32.415  -11.712  44.953 0.0000000000
54598  31.768  -10.982  43.328 0.0000000000
51211  34.934  -15.123  49.197 0.0000000000
52285  33.670  -13.952  47.731 0.0000000000
51242  33.185  -15.477  47.293 0.0000000000
50264  30.289  -15.972  45.387 0.0000000000
48113  35.814  -17.369  58.798 0.0000000000
48127  35.909  -17.104  57.300 0.0000000000
50084  34.797  -16.469  57.887 0.0000000000
51095  31.604  -14.728  56.357 0.0000000000
51093  33.382  -14.739  55.830 0.0000000000
51121  32.198  -14.457  54.531 0.0000000000
130337  31.659  -14.505  53.105 0.0000000000
120734  30.735  -14.436  53.084 0.0000000000
50117  27.014  -16.159  56.075 0.0000000000
50116  27.749  -16.191  56.223 0.0000000000
50134  26.719  -15.730  55.365 0.0000000000
134437  27.105  -14.636  52.869 0.0000000000
125541  27.808  -14.319  50.414 0.0000000000
64975  47.802  -2.158  36.539 0.0000000000
68261  47.290  0.335  36.108 0.0000000000
61815  52.998  -5.301  35.744 0.0000000000
52023  28.248  -13.107  73.794 0.0000000000
52035  26.977  -12.895  72.834 0.0000000000
53098  27.786  -12.244  74.243 0.0000000000
54233  26.618  -11.386  74.681 0.0000000000
54221  25.439  -10.774  75.171 0.0000000000
53111  29.675  -12.569  73.496 0.0000000000
52152  40.279  -12.646  63.324 0.0000000000
54320  40.895  -11.551  63.573 0.0000000000
52165  41.211  -12.991  61.932 0.0000000000
53220  41.758  -12.728  60.682 0.0000000000
53228  41.828  -12.454  59.193 0.0000000000
54398  41.923  -11.983  58.790 0.0000000000
53233  41.162  -13.340  58.434 0.0000000000
52196  39.480  -13.682  56.753 0.0000000000
52197  38.950  -14.171  56.185 0.0000000000
51119  37.797  -15.084  54.160 0.0000000000
51103  38.094  -15.370  54.930 0.0000000000
123030  37.073  -16.770  54.863 0.0000000000
49167  36.410  -16.973  54.597 0.0000000000
49069  23.623  -16.550  59.861 0.0000000000
118919  23.902  -16.719  58.897 0.0000000000
48104  23.177  -17.012  59.339 0.0000000000
62857  52.027  -4.417  39.078 0.0000000000
119248  51.299  -4.020  38.499 0.0000000000
134975  52.509  -4.324  38.129 0.0000000000
63946  54.599  -3.915  37.178 0.0000000000
119587  24.666  -14.108  63.397 0.0000000000
51054  23.444  -13.854  62.881 0.0000000000
52157  23.811  -13.605  64.873 0.0000000000
52158  23.023  -13.467  64.599 0.0000000000
52147  22.399  -13.345  65.221 0.0000000000
136504  21.812  -12.944  69.931 0.0000000000
52086  21.280  -13.180  69.434 0.0000000000
52087  20.594  -13.680  69.683 0.0000000000
51002  19.732  -14.582  68.436 0.0000000000
47982  18.150  -16.978  69.112 0.0000000000
50028  36.248  -14.670  65.560 0.0000000000
48031  36.017  -15.717  64.198 0.0000000000
47050  35.557  -17.278  63.446 0.0000000000
47029  35.012  -17.661  64.626 0.0000000000
45958  34.229  -18.642  65.174 0.0000000000
44809  33.088  -19.717  65.049 0.0000000000
120562  29.698  -16.038  68.577 0.0000000000
47008  30.240  -16.803  67.750 0.0000000000
48003  29.231  -15.711  67.515 0.0000000000
48998  28.442  -15.352  66.198 0.0000000000
49016  28.017  -15.121  64.333 0.0000000000
141917  27.626  -15.028  63.738 0.0000000000
138391  26.822  -14.643  64.190 0.0000000000
50048  25.545  -14.355  64.110 0.0000000000
118254  48.309  -5.714  39.092 0.0000000000
60702  48.689  -5.865  37.630 0.0000000000
61792  47.820  -5.673  37.790 0.0000000000
61806  46.092  -5.681  35.923 0.0000000000
52018  16.196  -13.154  75.130 0.0000000000
50934  16.238  -14.122  74.185 0.0000000000
49990  15.994  -15.638  72.220 0.0000000000
49977  14.929  -15.201  73.098 0.0000000000
62761  53.966  -4.886  43.694 0.0000000000
61720  53.412  -6.122  43.450 0.0000000000
133985  53.270  -5.009  44.682 0.0000000000
119290  52.199  -5.878  44.339 0.0000000000
119741  51.583  -5.803  45.061 0.0000000000
61655  49.581  -5.507  49.206 0.0000000000
60567  49.647  -5.794  48.130 0.0000000000
60569  48.416  -7.042  48.306 0.0000000000
60600  46.977  -7.168  47.206 0.0000000000
60611  46.140  -6.885  45.641 0.0000000000
140679  44.733  -7.340  44.435 0.0000000000
59487  44.621  -7.610  45.619 0.0000000000
59488  43.789  -7.902  45.432 0.0000000000
59489  42.938  -8.006  45.697 0.0000000000
57001  41.446  -9.635  53.978 0.0000000000
57000  42.132  -9.176  54.095 0.0000000000
121434  41.230  -9.563  52.691 0.0000000000
57015  41.031  -9.237  51.092 0.0000000000
57027  40.706  -8.953  50.319 0.0000000000
58229  40.281  -8.551  48.675 0.0000000000
120650  39.336  -9.356  48.969 0.0000000000
57054  37.865  -9.464  47.682 0.0000000000
57065  35.844  -9.934  46.196 0.0000000000
57077  34.723  -9.799  45.136 0.0000000000
55864  35.314  -10.429  46.645 0.0000000000
54574  33.583  -11.053  45.973 0.0000000000
53355  32.530  -12.164  45.569 0.0000000000
48225  33.340  -17.416  48.168 0.0000000000
49258  32.810  -17.229  47.443 0.0000000000
48256  32.237  -17.735  47.147 0.0000000000
48272  31.114  -17.766  46.240 0.0000000000
48274  29.366  -18.042  45.365 0.0000000000
49077  33.549  -16.219  59.912 0.0000000000
50085  34.175  -15.867  58.304 0.0000000000
50086  32.535  -15.188  58.198 0.0000000000
50112  31.098  -14.966  57.028 0.0000000000
51097  29.961  -15.025  55.944 0.0000000000
50149  25.546  -15.592  54.318 0.0000000000
135866  24.245  -16.003  53.501 0.0000000000
73256  50.971  5.583  34.090 0.0000000000
72302  50.385  4.745  34.017 0.0000000000
70412  48.514  3.008  34.199 0.0000000000
50998  26.832  -13.772  68.151 0.0000000000
51000  25.225  -13.226  68.216 0.0000000000
140873  26.174  -13.334  69.030 0.0000000000
52083  24.680  -12.850  69.494 0.0000000000
52073  24.446  -12.589  70.164 0.0000000000
53124  25.445  -12.305  72.324 0.0000000000
53134  24.779  -12.329  71.618 0.0000000000
136654  23.344  -12.286  71.140 0.0000000000
52061  22.030  -12.803  71.401 0.0000000000
52062  21.358  -13.287  71.932 0.0000000000
120655  20.758  -13.881  72.276 0.0000000000
135367  32.113  -15.081  66.316 0.0000000000
48978  32.909  -17.208  67.752 0.0000000000
50020  32.387  -15.813  68.196 0.0000000000
48958  31.995  -16.021  69.500 0.0000000000
141206  30.636  -16.486  69.702 0.0000000000
49983  30.313  -14.495  71.024 0.0000000000
48941  30.073  -15.402  70.692 0.0000000000
136412  29.974  -15.845  69.757 0.0000000000
48971  29.017  -15.110  69.287 0.0000000000
138103  27.693  -14.178  68.462 0.0000000000
118129  43.556  -5.668  38.888 0.0000000000
61809  43.535  -5.555  36.367 0.0000000000
61810  42.693  -5.651  36.588 0.0000000000
64871  52.508  -2.618  47.254 0.0000000000
62683  50.405  -3.856  50.475 0.0000000000
62700  49.624  -4.660  50.273 0.0000000000
140224  48.479  -4.703  50.849 0.0000000000
61624  47.866  -4.850  51.043 0.0000000000
123044  43.845  -9.028  57.743 0.0000000000
56962  42.648  -9.695  56.308 0.0000000000
54414  41.635  -11.455  58.013 0.0000000000
55748  41.724  -10.363  56.600 0.0000000000
55771  41.144  -10.227  54.934 0.0000000000
55782  39.548  -10.653  53.523 0.0000000000
54449  38.490  -11.130  52.829 0.0000000000
54472  36.675  -11.808  51.251 0.0000000000
53309  35.438  -12.311  49.593 0.0000000000
53284  36.236  -12.642  51.625 0.0000000000
51194  35.780  -14.522  50.737 0.0000000000
50213  35.401  -15.744  49.844 0.0000000000
50176  37.189  -15.430  52.783 0.0000000000
50189  36.467  -16.144  51.355 0.0000000000
134846  34.825  -16.810  49.508 0.0000000000
48214  34.015  -17.168  49.350 0.0000000000
49218  32.889  -16.863  49.505 0.0000000000
50204  32.056  -15.306  49.865 0.0000000000
48091  28.727  -16.280  59.350 0.0000000000
49096  28.771  -16.638  58.398 0.0000000000
49097  27.595  -17.007  58.515 0.0000000000
49114  26.692  -16.844  57.413 0.0000000000
49133  25.647  -16.453  56.567 0.0000000000
49100  24.578  -16.673  58.131 0.0000000000
49134  24.276  -16.731  56.651 0.0000000000
69323  50.744  1.705  37.596 0.0000000000
69334  49.430  1.653  36.711 0.0000000000
126446  48.749  0.298  37.811 0.0000000000
67146  48.103  -0.921  37.669 0.0000000000
64992  49.435  -2.637  36.001 0.0000000000
63962  50.867  -3.230  36.865 0.0000000000
64990  51.576  -2.798  35.862 0.0000000000
52116  24.274  -13.355  67.015 0.0000000000
130653  22.584  -13.217  67.132 0.0000000000
52133  21.326  -13.281  66.596 0.0000000000
52120  20.472  -13.481  67.804 0.0000000000
125675  20.814  -13.310  67.139 0.0000000000
52139  39.517  -12.434  64.933 0.0000000000
52168  39.541  -13.150  63.421 0.0000000000
134291  39.264  -14.576  61.216 0.0000000000
50077  38.894  -15.459  60.166 0.0000000000
49089  37.767  -17.078  58.448 0.0000000000
49061  37.641  -16.737  59.564 0.0000000000
48083  36.522  -17.532  59.760 0.0000000000
47080  35.300  -17.871  60.241 0.0000000000
133193  35.501  -18.340  62.268 0.0000000000
46030  34.784  -18.479  61.569 0.0000000000
48084  34.515  -17.567  60.533 0.0000000000
48085  33.454  -17.311  60.972 0.0000000000
48087  31.487  -16.843  60.867 0.0000000000
138613  30.667  -16.707  60.700 0.0000000000
47005  32.717  -18.101  67.486 0.0000000000
44795  32.125  -19.089  66.114 0.0000000000
45975  32.001  -19.163  65.776 0.0000000000
47020  30.733  -17.382  66.526 0.0000000000
47030  31.165  -17.663  65.777 0.0000000000
47051  31.594  -17.995  63.781 0.0000000000
48054  31.049  -17.266  63.224 0.0000000000
48074  30.432  -16.481  61.561 0.0000000000
48090  29.436  -16.168  60.128 0.0000000000
49064  28.619  -15.677  60.271 0.0000000000
49065  27.431  -15.477  60.116 0.0000000000
138277  25.992  -15.294  60.781 0.0000000000
49043  26.285  -14.673  62.616 0.0000000000
118779  25.578  -14.943  61.020 0.0000000000
49067  25.375  -15.505  60.372 0.0000000000
49056  23.705  -16.036  60.631 0.0000000000
136131  53.778  -6.605  38.558 0.0000000000
119971  53.959  -6.424  38.218 0.0000000000
60699  51.815  -6.588  37.757 0.0000000000
139558  48.857  -5.867  36.443 0.0000000000
127886  48.986  -6.092  35.008 0.0000000000
119299  44.164  -6.345  35.311 0.0000000000
57881  26.183  -9.087  74.544 0.0000000000
55479  26.094  -9.534  75.158 0.0000000000
55492  24.991  -10.257  75.439 0.0000000000
55482  23.444  -10.126  75.982 0.0000000000
54223  23.043  -11.120  75.331 0.0000000000
53103  22.407  -11.935  74.400 0.0000000000
52025  20.927  -13.109  74.201 0.0000000000
50946  19.993  -14.000  73.047 0.0000000000
53074  19.639  -12.126  76.001 0.0000000000
52015  20.162  -13.213  75.053 0.0000000000
50947  19.509  -14.336  73.137 0.0000000000
49987  19.152  -15.405  72.105 0.0000000000
48952  18.282  -16.475  71.336 0.0000000000
71347  52.707  4.105  37.012 0.0000000000
69322  51.677  1.966  37.882 0.0000000000
68239  50.680  0.653  38.644 0.0000000000
67130  50.606  -0.601  39.639 0.0000000000
69302  53.908  1.384  39.311 0.0000000000
67129  51.745  -0.191  39.854 0.0000000000
64942  50.718  -2.395  40.270 0.0000000000
63905  51.701  -3.571  40.700 0.0000000000
132371  53.434  -4.813  40.261 0.0000000000
134890  54.124  -5.257  39.881 0.0000000000
63888  53.561  -3.585  41.782 0.0000000000
62828  54.360  -5.735  40.965 0.0000000000
60665  54.473  -6.514  39.591 0.0000000000
60678  53.422  -7.145  39.804 0.0000000000
118136  52.193  -7.030  39.948 0.0000000000
117840  51.123  -6.718  40.216 0.0000000000
60639  52.922  -6.842  42.491 0.0000000000
61760  50.750  -5.950  40.885 0.0000000000
60668  50.259  -6.040  40.128 0.0000000000
61762  48.466  -5.442  40.326 0.0000000000
61763  47.551  -5.500  40.328 0.0000000000
118132  45.924  -5.647  39.808 0.0000000000
63789  52.199  -4.147  47.230 0.0000000000
61688  51.510  -5.354  46.535 0.0000000000
61709  50.719  -5.733  45.050 0.0000000000
60597  49.126  -6.061  46.427 0.0000000000
61700  49.227  -5.818  45.724 0.0000000000
61725  48.796  -5.244  43.912 0.0000000000
61738  47.865  -5.242  42.764 0.0000000000
61740  46.278  -5.626  42.155 0.0000000000
61765  45.209  -5.648  40.272 0.0000000000
61767  43.849  -5.882  40.166 0.0000000000
60670  43.058  -6.272  40.258 0.0000000000
59519  43.014  -7.727  42.779 0.0000000000
60658  41.903  -7.221  41.114 0.0000000000
131098  47.196  -4.538  52.177 0.0000000000
61642  46.483  -5.427  50.566 0.0000000000
61589  44.809  -4.772  54.800 0.0000000000
59378  43.333  -7.271  54.041 0.0000000000
60501  43.495  -6.355  53.751 0.0000000000
61601  44.441  -5.127  53.663 0.0000000000
136975  44.887  -4.677  52.239 0.0000000000
61644  44.493  -5.157  50.688 0.0000000000
61660  44.967  -5.775  49.783 0.0000000000
60574  43.476  -6.706  48.200 0.0000000000
59467  42.442  -7.681  47.245 0.0000000000
58258  41.135  -8.098  46.078 0.0000000000
58239  39.759  -8.519  47.247 0.0000000000
126891  40.271  -8.309  45.930 0.0000000000
58281  40.112  -7.904  44.277 0.0000000000
58283  38.579  -7.936  43.568 0.0000000000
55909  32.970  -10.091  43.486 0.0000000000
55918  31.680  -10.494  42.225 0.0000000000
53320  34.735  -12.194  48.439 0.0000000000
52298  33.239  -13.405  47.038 0.0000000000
52313  31.579  -13.556  45.417 0.0000000000
136877  32.169  -15.725  46.637 0.0000000000
51263  30.923  -15.176  45.436 0.0000000000
48137  36.868  -17.207  57.443 0.0000000000
129031  35.942  -16.958  55.773 0.0000000000
49150  35.412  -16.248  55.029 0.0000000000
50109  34.180  -15.553  56.965 0.0000000000
50130  34.141  -15.158  55.342 0.0000000000
50164  34.133  -15.313  53.511 0.0000000000
50165  33.398  -14.947  53.006 0.0000000000
51176  32.366  -14.906  51.731 0.0000000000
51197  30.365  -14.473  50.181 0.0000000000
50100  28.908  -15.989  57.005 0.0000000000
50114  29.382  -15.388  56.484 0.0000000000
51108  29.718  -14.903  55.148 0.0000000000
51127  26.902  -15.152  53.993 0.0000000000
121056  28.031  -14.713  53.651 0.0000000000
51143  28.821  -14.576  53.304 0.0000000000
51160  29.725  -14.452  51.795 0.0000000000
51198  29.394  -14.321  50.173 0.0000000000
69343  48.567  1.738  35.719 0.0000000000
69354  47.579  1.840  34.855 0.0000000000
70414  47.011  1.854  33.761 0.0000000000
61803  53.386  -5.668  36.791 0.0000000000
50080  39.593  -15.372  59.480 0.0000000000
50075  40.084  -14.858  59.822 0.0000000000
50082  39.409  -15.641  58.746 0.0000000000
51084  39.946  -15.090  58.430 0.0000000000
50083  38.936  -16.047  58.183 0.0000000000
50093  38.851  -15.997  57.452 0.0000000000
61770  54.598  -5.874  38.945 0.0000000000
62854  54.776  -5.187  38.336 0.0000000000
51010  25.853  -13.734  66.930 0.0000000000
50972  20.316  -14.400  71.697 0.0000000000
130485  19.365  -15.594  70.958 0.0000000000
50032  32.536  -15.470  65.623 0.0000000000
50041  32.765  -15.080  64.968 0.0000000000
50040  33.439  -15.306  64.837 0.0000000000
50039  33.905  -15.906  64.721 0.0000000000
48997  33.266  -16.676  65.597 0.0000000000
50034  26.618  -14.114  66.465 0.0000000000
61784  45.463  -5.500  38.567 0.0000000000
118127  44.746  -5.453  37.892 0.0000000000
135066  52.982  -2.879  46.133 0.0000000000
64883  52.959  -2.361  46.569 0.0000000000
61658  46.846  -6.014  49.785 0.0000000000
60552  47.147  -6.758  49.194 0.0000000000
60553  45.674  -6.535  49.188 0.0000000000
55818  37.864  -10.791  50.805 0.0000000000
54491  37.261  -11.032  50.074 0.0000000000
120968  37.623  -10.521  49.422 0.0000000000
54509  36.845  -10.905  49.367 0.0000000000
54526  35.768  -11.235  48.678 0.0000000000
54510  36.002  -11.430  49.333 0.0000000000
49094  30.514  -16.239  59.293 0.0000000000
71357  51.268  4.056  35.699 0.0000000000
50961  27.966  -13.276  71.623 0.0000000000
50970  27.347  -13.262  71.093 0.0000000000
52047  27.184  -12.929  71.846 0.0000000000
118668  24.531  -12.010  73.228 0.0000000000
54244  24.187  -11.565  73.963 0.0000000000
53114  23.521  -11.866  73.325 0.0000000000
140328  30.905  -12.707  69.068 0.0000000000
52081  30.842  -13.448  69.967 0.0000000000
121692  30.598  -13.421  70.574 0.0000000000
50944  28.407  -13.308  72.223 0.0000000000
50960  29.123  -13.656  71.627 0.0000000000
50969  28.252  -13.587  70.874 0.0000000000
54368  42.516  -11.338  59.927 0.0000000000
55673  42.651  -10.481  60.488 0.0000000000
55687  43.156  -9.715  60.074 0.0000000000
137656  43.282  -9.117  60.233 0.0000000000
55700  43.289  -9.759  59.448 0.0000000000
55701  42.900  -10.496  59.086 0.0000000000
53246  38.344  -12.707  55.537 0.0000000000
53245  38.910  -12.119  56.154 0.0000000000
53250  37.917  -12.355  54.772 0.0000000000
53251  37.464  -13.026  54.210 0.0000000000
52223  37.119  -13.727  53.584 0.0000000000
52210  37.544  -14.052  54.257 0.0000000000
134703  35.691  -16.642  53.852 0.0000000000
49181  35.878  -16.624  53.179 0.0000000000
135430  35.379  -16.480  52.853 0.0000000000
50178  34.794  -16.019  53.102 0.0000000000
118333  24.872  -16.363  58.764 0.0000000000
64953  49.524  -2.536  39.048 0.0000000000
63920  49.956  -3.056  39.294 0.0000000000
52085  22.179  -12.980  69.259 0.0000000000
51012  18.885  -15.004  67.145 0.0000000000
50047  36.822  -14.979  64.588 0.0000000000
50037  37.091  -14.230  64.879 0.0000000000
50053  36.963  -15.355  63.964 0.0000000000
135319  37.257  -14.730  63.443 0.0000000000
49026  36.298  -16.114  62.641 0.0000000000
48053  35.907  -16.611  63.039 0.0000000000
44844  33.339  -19.617  64.298 0.0000000000
46001  33.672  -19.393  63.583 0.0000000000
46012  33.214  -18.667  63.215 0.0000000000
47059  32.569  -18.086  62.617 0.0000000000
46013  32.182  -18.307  63.375 0.0000000000
46987  30.655  -17.689  68.868 0.0000000000
46995  30.847  -18.075  68.334 0.0000000000
46996  30.490  -17.516  68.399 0.0000000000
48045  29.558  -16.208  64.677 0.0000000000
49027  28.840  -15.467  63.198 0.0000000000
49041  28.055  -15.158  62.340 0.0000000000
60701  50.006  -6.351  38.170 0.0000000000
118906  49.314  -6.101  38.307 0.0000000000
55468  21.778  -9.957  76.834 0.0000000000
54209  21.401  -11.214  76.219 0.0000000000
133410  17.212  -14.127  74.204 0.0000000000
50933  18.117  -14.450  73.966 0.0000000000
49989  17.777  -15.730  72.648 0.0000000000
49975  16.989  -15.153  73.093 0.0000000000
70385  53.704  3.310  38.484 0.0000000000
125719  53.907  3.831  38.958 0.0000000000
67108  54.012  -0.458  40.476 0.0000000000
67127  53.895  0.147  40.119 0.0000000000
65992  53.399  -1.736  41.304 0.0000000000
62796  54.291  -5.000  42.868 0.0000000000
62810  54.202  -5.500  41.916 0.0000000000
61732  54.057  -6.119  42.274 0.0000000000
61733  53.759  -6.537  42.616 0.0000000000
61724  50.099  -5.007  43.244 0.0000000000
142160  49.456  -5.116  43.788 0.0000000000
62705  50.997  -4.579  48.977 0.0000000000
139770  51.045  -4.745  48.416 0.0000000000
61668  50.618  -5.082  48.479 0.0000000000
127531  46.508  -6.691  44.993 0.0000000000
118140  46.068  -6.624  44.365 0.0000000000
60629  46.401  -6.134  43.691 0.0000000000
60630  45.575  -6.558  43.745 0.0000000000
60631  44.806  -6.967  43.867 0.0000000000
141132  41.556  -8.053  43.544 0.0000000000
59500  40.883  -8.018  43.830 0.0000000000
56978  43.001  -9.299  55.732 0.0000000000
59343  43.960  -8.142  55.605 0.0000000000
125957  41.986  -6.786  51.021 0.0000000000
60540  42.397  -6.242  50.438 0.0000000000
59436  41.778  -6.995  50.103 0.0000000000
59448  41.948  -7.048  48.934 0.0000000000
59449  41.390  -7.672  49.451 0.0000000000
57075  36.352  -9.420  45.707 0.0000000000
58263  36.799  -8.841  45.178 0.0000000000
57087  36.085  -9.176  44.894 0.0000000000
58274  35.980  -9.186  43.991 0.0000000000
57100  35.173  -9.285  43.729 0.0000000000
142068  31.029  -12.011  43.892 0.0000000000
51226  34.544  -15.520  48.577 0.0000000000
127550  34.151  -15.772  48.063 0.0000000000
48098  35.307  -17.333  59.249 0.0000000000
48114  35.266  -17.002  58.412 0.0000000000
51106  31.603  -14.558  55.528 0.0000000000
51122  31.067  -14.484  54.680 0.0000000000
51141  31.378  -14.476  53.837 0.0000000000
51123  30.451  -14.496  53.997 0.0000000000
49151  26.158  -16.180  55.956 0.0000000000
65010  48.088  -2.301  35.806 0.0000000000
65009  48.543  -2.167  35.176 0.0000000000
53097  28.571  -12.292  74.139 0.0000000000
54231  28.207  -11.445  74.387 0.0000000000
139824  26.923  -10.196  74.610 0.0000000000
54232  27.404  -11.407  74.512 0.0000000000
54219  26.955  -10.698  74.802 0.0000000000
54220  26.280  -10.714  75.103 0.0000000000
130855  29.349  -11.052  73.679 0.0000000000
54243  29.602  -11.730  73.613 0.0000000000
53096  29.213  -12.208  73.908 0.0000000000
53112  29.023  -12.979  73.778 0.0000000000
52176  40.413  -13.387  62.312 0.0000000000
52166  40.675  -12.956  62.590 0.0000000000
52175  40.926  -13.525  61.706 0.0000000000
51073  40.823  -14.260  59.873 0.0000000000
52179  41.166  -13.788  61.018 0.0000000000
52182  41.509  -13.242  60.565 0.0000000000
53224  41.732  -12.541  59.991 0.0000000000
52185  41.516  -13.147  59.739 0.0000000000
53229  41.654  -13.084  59.066 0.0000000000
52188  41.317  -13.625  58.880 0.0000000000
51087  39.693  -14.877  57.664 0.0000000000
52193  39.913  -14.128  57.446 0.0000000000
51091  39.396  -14.589  56.861 0.0000000000
51102  38.478  -14.716  55.583 0.0000000000
50108  37.834  -16.271  56.194 0.0000000000
50128  37.704  -16.169  55.266 0.0000000000
49148  36.421  -17.022  55.346 0.0000000000
62864  54.988  -4.863  37.729 0.0000000000
63945  55.110  -4.147  36.932 0.0000000000
51042  24.650  -13.954  64.665 0.0000000000
52130  24.202  -13.545  66.153 0.0000000000
130421  23.381  -13.423  65.588 0.0000000000
52132  22.566  -13.297  66.165 0.0000000000
52075  21.135  -13.309  70.354 0.0000000000
50994  19.769  -15.015  69.288 0.0000000000
119589  19.470  -15.317  68.716 0.0000000000
50023  19.016  -15.872  68.546 0.0000000000
47993  17.487  -17.412  68.628 0.0000000000
47983  17.461  -17.303  69.474 0.0000000000
51008  35.355  -13.825  66.321 0.0000000000
48995  35.772  -15.566  65.027 0.0000000000
120676  36.389  -14.896  65.287 0.0000000000
48994  36.083  -15.553  64.731 0.0000000000
48032  35.444  -16.503  64.288 0.0000000000
47018  33.712  -17.768  65.569 0.0000000000
47017  34.405  -17.838  65.087 0.0000000000
45959  33.454  -18.745  65.484 0.0000000000
45974  34.064  -19.336  65.013 0.0000000000
45960  32.928  -18.795  65.852 0.0000000000
48980  29.207  -15.443  68.255 0.0000000000
136229  28.706  -15.208  67.735 0.0000000000
49007  28.312  -15.218  65.221 0.0000000000
129682  27.553  -14.774  64.602 0.0000000000
123332  26.332  -14.428  64.516 0.0000000000
61781  48.512  -5.816  38.398 0.0000000000
61794  46.515  -5.540  36.906 0.0000000000
60721  45.817  -6.370  35.093 0.0000000000
60731  45.162  -6.973  34.780 0.0000000000
52028  15.889  -13.598  74.773 0.0000000000
50950  15.322  -14.526  74.031 0.0000000000
136297  15.382  -14.863  73.440 0.0000000000
140605  53.574  -4.772  44.296 0.0000000000
62762  53.484  -4.277  44.840 0.0000000000
62730  52.778  -4.504  45.915 0.0000000000
61696  52.799  -5.128  45.258 0.0000000000
61708  52.274  -5.580  45.154 0.0000000000
60549  49.092  -5.945  48.888 0.0000000000
60550  48.665  -6.556  48.752 0.0000000000
60587  46.733  -7.395  47.959 0.0000000000
60586  47.690  -7.274  47.773 0.0000000000
59474  46.269  -7.090  46.513 0.0000000000
59486  45.415  -7.258  45.881 0.0000000000
59475  45.470  -7.646  46.798 0.0000000000
59465  44.706  -7.637  47.370 0.0000000000
59476  44.277  -7.761  46.260 0.0000000000
59477  43.505  -7.889  46.301 0.0000000000
57002  40.884  -9.963  53.303 0.0000000000
57010  40.643  -9.975  52.349 0.0000000000
123141  39.114  -10.182  50.831 0.0000000000
57016  40.535  -9.829  51.518 0.0000000000
128365  40.343  -9.586  50.727 0.0000000000
57033  40.137  -9.371  49.930 0.0000000000
58223  39.826  -9.070  49.202 0.0000000000
57035  38.925  -9.706  49.166 0.0000000000
55848  37.197  -9.967  47.960 0.0000000000
57044  37.865  -9.886  48.445 0.0000000000
55849  36.550  -9.996  47.436 0.0000000000
57064  36.613  -9.630  46.616 0.0000000000
55863  35.969  -10.152  46.939 0.0000000000
55881  34.985  -10.091  45.963 0.0000000000
54559  34.389  -11.370  47.083 0.0000000000
54560  33.816  -11.563  46.679 0.0000000000
53354  33.150  -11.900  46.148 0.0000000000
53344  33.459  -12.444  46.846 0.0000000000
138509  32.701  -17.667  47.995 0.0000000000
48238  32.606  -17.568  47.675 0.0000000000
117449  32.112  -17.743  47.606 0.0000000000
47229  30.493  -17.943  46.366 0.0000000000
48273  30.176  -18.040  45.834 0.0000000000
47249  29.500  -18.389  45.937 0.0000000000
141523  33.113  -15.709  59.413 0.0000000000
49092  32.331  -15.511  59.022 0.0000000000
50098  30.945  -15.432  57.799 0.0000000000
50113  30.195  -15.101  56.731 0.0000000000
71366  49.944  3.692  34.858 0.0000000000
72294  49.740  4.136  34.242 0.0000000000
71377  48.967  3.859  33.780 0.0000000000
50991  26.814  -13.653  68.956 0.0000000000
50999  26.087  -13.388  68.543 0.0000000000
52072  26.165  -12.878  70.508 0.0000000000
117502  25.375  -12.844  69.916 0.0000000000
52048  26.388  -12.608  72.077 0.0000000000
52036  26.205  -12.407  72.778 0.0000000000
53125  24.546  -12.165  72.413 0.0000000000
53145  24.148  -12.330  70.970 0.0000000000
53147  22.703  -12.485  70.852 0.0000000000
53136  22.745  -12.286  71.656 0.0000000000
52049  21.971  -12.664  72.233 0.0000000000
52050  21.166  -13.210  72.706 0.0000000000
141791  31.354  -13.645  68.447 0.0000000000
52115  31.305  -13.445  67.550 0.0000000000
51009  31.647  -14.252  66.644 0.0000000000
117573  32.080  -15.017  67.448 0.0000000000
50997  32.072  -14.881  68.559 0.0000000000
50010  31.483  -15.266  69.965 0.0000000000
50015  32.072  -15.527  69.191 0.0000000000
137325  31.150  -15.788  69.895 0.0000000000
47963  31.443  -17.014  69.671 0.0000000000
47955  30.792  -16.427  70.115 0.0000000000
52045  30.234  -13.211  72.160 0.0000000000
50957  30.331  -13.807  71.336 0.0000000000
50958  30.026  -13.678  71.574 0.0000000000
50000  29.769  -15.012  70.597 0.0000000000
140304  29.842  -14.836  70.801 0.0000000000
48950  29.817  -15.412  70.396 0.0000000000
47957  29.853  -15.900  70.171 0.0000000000
48960  29.671  -15.439  70.057 0.0000000000
120778  29.544  -15.512  69.534 0.0000000000
48961  29.150  -14.950  69.736 0.0000000000
119826  28.017  -13.848  69.784 0.0000000000
50011  28.647  -14.512  69.604 0.0000000000
50012  27.865  -14.009  69.139 0.0000000000
61786  43.272  -5.563  38.152 0.0000000000
62684  49.864  -4.122  50.820 0.0000000000
61623  48.784  -4.388  51.209 0.0000000000
133351  48.334  -4.421  51.590 0.0000000000
126599  41.230  -11.794  62.842 0.0000000000
55730  43.483  -9.636  58.226 0.0000000000
56945  43.376  -9.398  57.443 0.0000000000
56961  43.200  -9.275  56.582 0.0000000000
55746  42.766  -9.713  57.193 0.0000000000
53236  41.407  -12.399  58.262 0.0000000000
54415  40.984  -11.873  57.517 0.0000000000
54432  40.164  -10.917  56.095 0.0000000000
55749  41.009  -10.656  56.308 0.0000000000
55761  41.582  -10.164  55.683 0.0000000000
55762  40.740  -10.474  55.474 0.0000000000
55772  40.499  -10.382  54.654 0.0000000000
55773  39.751  -10.620  54.393 0.0000000000
54450  37.592  -11.643  53.061 0.0000000000
54460  37.350  -11.719  52.304 0.0000000000
54459  37.973  -11.234  52.222 0.0000000000
54461  36.805  -12.077  51.985 0.0000000000
53300  36.045  -12.280  50.864 0.0000000000
51174  36.597  -14.535  52.082 0.0000000000
52250  36.228  -13.654  51.878 0.0000000000
51175  36.258  -14.579  51.412 0.0000000000
118549  35.764  -15.335  50.420 0.0000000000
50200  36.325  -15.458  50.979 0.0000000000
50161  37.467  -15.673  53.452 0.0000000000
51139  37.424  -14.764  53.467 0.0000000000
49202  35.747  -16.850  51.545 0.0000000000
50190  36.033  -16.688  51.087 0.0000000000
49215  35.507  -16.818  50.545 0.0000000000
48213  34.475  -16.997  49.467 0.0000000000
48203  34.657  -17.072  50.005 0.0000000000
50191  33.765  -16.135  51.321 0.0000000000
117662  33.480  -16.717  50.086 0.0000000000
50203  32.799  -15.953  50.213 0.0000000000
117693  32.375  -16.158  49.491 0.0000000000
49081  27.765  -16.665  58.947 0.0000000000
120148  28.309  -16.845  58.775 0.0000000000
120415  26.078  -16.802  57.982 0.0000000000
119301  26.894  -16.993  58.194 0.0000000000
121059  25.880  -16.722  57.246 0.0000000000
49101  23.719  -16.913  57.991 0.0000000000
49117  23.536  -16.965  57.122 0.0000000000
68249  50.263  1.127  38.077 0.0000000000
69324  49.810  1.415  37.424 0.0000000000
68250  49.417  0.741  37.913 0.0000000000
64962  49.234  -2.680  38.208 0.0000000000
66033  48.380  -1.688  37.844 0.0000000000
64963  48.697  -2.285  37.893 0.0000000000
64974  48.243  -2.264  37.249 0.0000000000
64973  49.045  -2.687  37.203 0.0000000000
63947  51.726  -3.735  37.549 0.0000000000
63948  50.578  -3.578  37.997 0.0000000000
51055  22.262  -13.927  62.583 0.0000000000
51011  25.108  -13.455  67.376 0.0000000000
52098  24.319  -13.201  67.870 0.0000000000
134879  21.952  -13.245  66.595 0.0000000000
52102  20.706  -13.488  68.683 0.0000000000
52101  21.633  -13.162  68.620 0.0000000000
52135  19.306  -13.806  66.224 0.0000000000
52110  36.941  -12.566  66.558 0.0000000000
52109  37.661  -12.609  66.275 0.0000000000
51028  38.522  -13.085  64.874 0.0000000000
52141  38.184  -12.829  65.516 0.0000000000
52140  38.980  -12.575  65.252 0.0000000000
52154  39.394  -12.768  64.361 0.0000000000
52153  39.824  -12.429  64.177 0.0000000000
123129  38.098  -14.791  61.380 0.0000000000
134076  38.604  -15.157  60.621 0.0000000000
49050  38.172  -15.822  60.178 0.0000000000
49060  38.185  -16.080  59.829 0.0000000000
48068  37.525  -16.499  60.135 0.0000000000
119343  36.330  -17.600  60.414 0.0000000000
47088  36.078  -17.815  59.855 0.0000000000
138835  35.463  -17.995  60.507 0.0000000000
45988  35.247  -18.447  63.810 0.0000000000
45999  35.311  -18.378  62.923 0.0000000000
46020  33.975  -18.469  62.217 0.0000000000
46019  34.668  -18.753  62.151 0.0000000000
47067  34.530  -18.400  61.659 0.0000000000
47081  34.802  -18.082  60.848 0.0000000000
47082  34.166  -17.856  61.223 0.0000000000
47070  32.092  -17.599  62.005 0.0000000000
48072  31.783  -17.138  61.401 0.0000000000
48088  31.120  -16.883  61.090 0.0000000000
48101  30.938  -16.737  60.412 0.0000000000
47972  32.774  -17.221  68.821 0.0000000000
47987  32.812  -17.798  68.240 0.0000000000
133235  31.748  -18.498  67.248 0.0000000000
45948  31.933  -18.518  67.554 0.0000000000
45961  31.982  -18.885  66.382 0.0000000000
44796  32.200  -19.296  65.810 0.0000000000
45976  31.607  -18.463  66.135 0.0000000000
48002  29.759  -16.491  67.163 0.0000000000
47007  30.421  -17.240  67.294 0.0000000000
47021  30.174  -16.814  66.457 0.0000000000
48044  30.210  -16.687  64.371 0.0000000000
47044  30.690  -17.273  64.917 0.0000000000
47043  31.271  -17.830  64.989 0.0000000000
47052  31.152  -17.630  64.243 0.0000000000
48089  30.197  -16.487  60.622 0.0000000000
48075  29.677  -16.024  60.936 0.0000000000
49054  26.765  -15.157  60.927 0.0000000000
49066  26.286  -15.637  60.022 0.0000000000
49029  26.953  -14.841  63.253 0.0000000000
125491  25.807  -14.659  61.827 0.0000000000
49055  24.693  -15.401  60.640 0.0000000000
120399  53.596  -6.792  39.001 0.0000000000
60688  52.855  -6.625  38.388 0.0000000000
60709  50.998  -6.304  37.116 0.0000000000
60703  47.900  -5.695  36.979 0.0000000000
122359  48.495  -5.798  36.722 0.0000000000
119704  48.148  -6.320  34.816 0.0000000000
60728  48.782  -6.618  34.320 0.0000000000
61822  42.970  -5.847  35.864 0.0000000000
61821  43.813  -5.832  35.736 0.0000000000
123223  43.366  -6.326  35.438 0.0000000000
57880  26.696  -9.220  74.076 0.0000000000
57870  25.809  -8.905  75.106 0.0000000000
56711  25.630  -9.242  75.288 0.0000000000
55480  25.410  -9.719  75.473 0.0000000000
56712  24.810  -9.234  75.504 0.0000000000
55493  23.896  -10.515  75.455 0.0000000000
53083  22.965  -11.469  74.743 0.0000000000
53084  22.371  -11.727  75.148 0.0000000000
52014  20.953  -12.966  74.911 0.0000000000
138928  21.299  -12.787  74.525 0.0000000000
50945  20.428  -13.564  73.665 0.0000000000
133318  18.466  -12.788  75.334 0.0000000000
53075  18.011  -11.990  75.584 0.0000000000
129625  19.522  -11.308  76.369 0.0000000000
53087  20.097  -12.689  75.657 0.0000000000
53088  19.413  -12.975  75.427 0.0000000000
49964  18.851  -14.673  73.326 0.0000000000
50932  19.401  -14.086  73.938 0.0000000000
49973  19.021  -14.957  72.589 0.0000000000
49972  19.548  -14.608  72.471 0.0000000000
48942  18.764  -16.061  71.818 0.0000000000
48953  17.563  -16.628  71.397 0.0000000000
48955  15.401  -16.108  71.229 0.0000000000
71341  52.400  3.309  37.260 0.0000000000
70387  52.050  2.592  37.547 0.0000000000
69313  52.289  1.573  38.519 0.0000000000
68238  51.704  0.935  38.925 0.0000000000
68229  51.107  0.200  39.257 0.0000000000
70367  54.063  2.642  39.149 0.0000000000
66005  52.286  -1.367  40.743 0.0000000000
141024  52.491  -0.314  40.068 0.0000000000
67110  51.977  -0.742  40.364 0.0000000000
66006  51.280  -1.543  40.452 0.0000000000
63906  51.054  -3.044  40.415 0.0000000000
63904  52.425  -3.859  41.048 0.0000000000
62831  52.424  -4.382  40.504 0.0000000000
62829  53.999  -4.972  40.728 0.0000000000
64930  53.446  -2.514  41.652 0.0000000000
61745  54.436  -6.447  41.395 0.0000000000
61759  54.416  -5.830  39.908 0.0000000000
140467  54.557  -6.976  40.182 0.0000000000
60677  54.330  -6.869  39.524 0.0000000000
60667  53.164  -7.257  40.748 0.0000000000
136250  52.036  -6.904  40.640 0.0000000000
60627  53.285  -6.617  42.919 0.0000000000
60628  52.708  -6.518  43.126 0.0000000000
61747  50.324  -5.440  41.611 0.0000000000
61761  49.410  -5.603  40.173 0.0000000000
61764  46.694  -5.619  40.115 0.0000000000
133017  46.738  -5.462  41.117 0.0000000000
64872  52.207  -3.378  47.585 0.0000000000
61680  50.760  -5.500  47.113 0.0000000000
140212  51.132  -5.538  46.303 0.0000000000
61698  51.012  -5.693  45.728 0.0000000000
61699  50.069  -5.761  45.879 0.0000000000
120389  48.891  -6.808  47.928 0.0000000000
60584  49.086  -6.411  47.296 0.0000000000
60618  47.932  -5.980  45.201 0.0000000000
61711  48.808  -5.717  45.156 0.0000000000
61712  48.379  -5.554  44.485 0.0000000000
124995  48.100  -5.378  43.731 0.0000000000
60642  45.347  -6.075  42.309 0.0000000000
61751  45.721  -5.677  41.474 0.0000000000
118133  45.919  -5.620  40.622 0.0000000000
61752  45.220  -5.672  40.975 0.0000000000
118131  44.572  -5.693  40.005 0.0000000000
61766  44.448  -5.854  40.827 0.0000000000
60669  43.556  -6.270  40.938 0.0000000000
118137  42.765  -6.706  41.013 0.0000000000
60671  42.248  -6.631  40.326 0.0000000000
59507  44.200  -7.448  44.065 0.0000000000
59508  43.536  -7.738  43.486 0.0000000000
59521  41.422  -7.912  42.272 0.0000000000
59534  41.990  -7.680  41.957 0.0000000000
59535  41.280  -7.827  41.579 0.0000000000
59544  41.030  -7.549  40.827 0.0000000000
62676  46.841  -4.249  52.863 0.0000000000
62688  46.502  -4.635  52.114 0.0000000000
61625  47.060  -5.021  51.442 0.0000000000
61626  46.056  -4.952  51.363 0.0000000000
60475  44.335  -6.703  55.728 0.0000000000
60474  44.474  -5.934  56.200 0.0000000000
61576  44.660  -5.001  55.680 0.0000000000
60486  44.258  -6.381  54.888 0.0000000000
58181  41.984  -8.777  53.397 0.0000000000
58180  42.564  -8.533  53.782 0.0000000000
59400  42.925  -6.803  53.281 0.0000000000
60512  43.792  -5.567  53.337 0.0000000000
60500  43.983  -5.904  54.159 0.0000000000
61613  44.308  -4.937  52.791 0.0000000000
61614  43.679  -5.429  52.380 0.0000000000
61645  43.706  -5.403  50.290 0.0000000000
142284  44.268  -5.435  49.985 0.0000000000
118406  44.019  -6.439  48.751 0.0000000000
132593  43.211  -6.130  48.934 0.0000000000
59468  41.711  -7.848  47.610 0.0000000000
132862  41.983  -7.979  46.993 0.0000000000
59479  41.833  -8.024  46.500 0.0000000000
57052  39.428  -8.907  47.830 0.0000000000
58238  40.222  -8.461  47.765 0.0000000000
58240  39.104  -8.708  47.134 0.0000000000
58261  38.499  -8.319  45.394 0.0000000000
58260  39.459  -8.312  45.692 0.0000000000
122948  40.135  -8.133  45.133 0.0000000000
58270  39.349  -8.051  44.820 0.0000000000
58282  39.335  -7.850  43.916 0.0000000000
58299  36.357  -8.518  42.645 0.0000000000
55896  33.914  -10.034  44.767 0.0000000000
57090  33.714  -9.783  43.929 0.0000000000
55897  33.190  -10.400  44.308 0.0000000000
54610  30.712  -11.558  42.533 0.0000000000
140806  31.729  -10.712  42.811 0.0000000000
54622  31.056  -11.036  41.912 0.0000000000
53310  34.893  -12.827  49.082 0.0000000000
52286  33.181  -14.443  47.197 0.0000000000
118196  32.189  -13.631  45.947 0.0000000000
139569  31.824  -14.025  45.808 0.0000000000
129547  32.432  -16.842  47.024 0.0000000000
50255  31.748  -16.670  46.473 0.0000000000
50272  29.622  -15.588  44.881 0.0000000000
51270  30.071  -14.709  44.796 0.0000000000
49075  37.754  -16.969  59.076 0.0000000000
48125  37.104  -17.460  58.112 0.0000000000
49129  35.782  -16.882  56.553 0.0000000000
49130  35.428  -16.494  55.853 0.0000000000
50095  33.534  -15.311  57.726 0.0000000000
50094  34.341  -15.850  57.600 0.0000000000
50111  33.239  -14.940  56.760 0.0000000000
51120  33.132  -14.637  54.711 0.0000000000
51104  33.485  -14.771  55.132 0.0000000000
50146  34.045  -15.036  54.491 0.0000000000
51158  31.501  -14.565  52.367 0.0000000000
51177  31.392  -14.637  51.475 0.0000000000
51196  31.304  -14.726  50.528 0.0000000000
51178  30.487  -14.506  51.213 0.0000000000
49112  28.472  -16.562  57.630 0.0000000000
50133  27.684  -15.659  55.552 0.0000000000
50115  28.498  -15.752  56.164 0.0000000000
50132  28.444  -15.314  55.472 0.0000000000
50131  29.119  -15.154  55.738 0.0000000000
51109  28.878  -14.951  54.978 0.0000000000
50167  25.371  -15.381  53.507 0.0000000000
50166  26.104  -15.250  53.805 0.0000000000
51162  27.821  -14.603  52.985 0.0000000000
51144  27.351  -14.801  53.490 0.0000000000
140300  29.451  -14.468  52.958 0.0000000000
51161  29.193  -14.469  52.472 0.0000000000
123834  28.637  -14.303  50.060 0.0000000000
118801  28.835  -14.331  50.876 0.0000000000
51213  29.829  -14.396  49.526 0.0000000000
74290  51.404  6.646  32.752 0.0000000000
69335  48.662  1.345  36.397 0.0000000000
69342  49.164  1.870  36.110 0.0000000000
68268  47.392  0.952  35.605 0.0000000000
69345  47.162  1.237  35.090 0.0000000000
69355  47.038  1.579  34.442 0.0000000000
60698  53.093  -6.275  37.628 0.0000000000
61791  54.264  -5.875  37.686 0.0000000000
55498  28.782  -10.711  73.960 0.0000000000
128384  28.426  -10.859  74.318 0.0000000000
55499  28.054  -10.454  74.123 0.0000000000
55490  27.233  -10.118  74.300 0.0000000000
51070  40.410  -14.446  60.984 0.0000000000
51061  40.663  -13.958  61.367 0.0000000000
51074  40.434  -14.560  60.268 0.0000000000
51078  40.840  -14.148  59.129 0.0000000000
129017  40.451  -14.634  58.787 0.0000000000
50106  39.219  -15.387  57.081 0.0000000000
49126  38.071  -16.421  57.087 0.0000000000
62844  53.998  -4.971  39.438 0.0000000000
62855  54.538  -4.941  38.560 0.0000000000
51036  24.902  -13.871  65.663 0.0000000000
50971  20.804  -13.947  71.107 0.0000000000
50983  20.526  -13.964  70.470 0.0000000000
50013  19.516  -15.377  70.173 0.0000000000
48962  18.913  -16.010  70.419 0.0000000000
48963  18.409  -16.587  70.643 0.0000000000
52142  34.114  -14.331  65.000 0.0000000000
51019  34.830  -14.578  65.617 0.0000000000
138033  34.903  -15.244  65.210 0.0000000000
50030  34.780  -15.827  64.872 0.0000000000
119455  34.745  -16.602  64.733 0.0000000000
48016  33.861  -17.364  65.303 0.0000000000
48000  33.250  -17.870  66.444 0.0000000000
48989  28.108  -14.859  67.435 0.0000000000
50033  27.305  -14.454  65.994 0.0000000000
50042  27.114  -14.497  64.990 0.0000000000
61783  46.365  -5.522  38.526 0.0000000000
119216  46.892  -5.508  37.784 0.0000000000
118128  45.826  -5.457  37.625 0.0000000000
61807  45.208  -5.609  36.118 0.0000000000
50936  14.606  -14.865  74.623 0.0000000000
63823  53.302  -3.897  45.462 0.0000000000
60551  48.042  -6.750  48.960 0.0000000000
60588  45.895  -7.618  48.002 0.0000000000
59455  45.232  -7.468  47.857 0.0000000000
55793  38.897  -10.967  51.987 0.0000000000
55802  40.020  -10.370  51.909 0.0000000000
55804  38.737  -10.676  51.190 0.0000000000
55817  38.450  -10.292  50.391 0.0000000000
55816  38.944  -9.862  49.967 0.0000000000
55825  38.294  -10.112  49.483 0.0000000000
55835  37.218  -10.371  48.739 0.0000000000
120119  36.531  -10.375  48.119 0.0000000000
120374  35.521  -10.565  47.193 0.0000000000
55837  35.853  -10.789  48.215 0.0000000000
54543  34.675  -11.559  47.742 0.0000000000
49079  31.157  -16.469  59.846 0.0000000000
49093  31.374  -15.860  59.207 0.0000000000
50089  30.140  -15.834  57.853 0.0000000000
73245  51.523  5.422  35.037 0.0000000000
71359  49.719  3.083  35.170 0.0000000000
52071  26.874  -13.237  70.699 0.0000000000
53100  26.097  -11.922  74.172 0.0000000000
117695  25.562  -12.131  73.274 0.0000000000
53115  22.562  -12.033  73.574 0.0000000000
124553  31.126  -12.731  68.386 0.0000000000
52096  31.635  -14.206  68.925 0.0000000000
52069  31.330  -14.167  69.675 0.0000000000
50978  31.362  -14.633  70.085 0.0000000000
50967  31.120  -14.829  70.279 0.0000000000
50942  29.413  -13.362  72.328 0.0000000000
132676  29.782  -13.462  71.718 0.0000000000
49985  29.336  -14.330  70.929 0.0000000000
50002  28.963  -14.257  70.700 0.0000000000
118631  28.834  -14.552  69.919 0.0000000000
53219  42.111  -11.983  61.120 0.0000000000
55653  42.423  -10.092  61.416 0.0000000000
56884  42.581  -9.249  61.267 0.0000000000
58072  43.879  -8.446  59.411 0.0000000000
56915  43.776  -9.066  59.208 0.0000000000
55714  43.402  -9.722  58.869 0.0000000000
53240  40.277  -12.283  57.062 0.0000000000
54425  39.752  -11.725  56.476 0.0000000000
54433  39.376  -11.295  55.771 0.0000000000
123560  39.290  -10.980  54.982 0.0000000000
135518  38.170  -11.598  54.423 0.0000000000
54440  37.643  -12.009  53.986 0.0000000000
53268  36.475  -12.930  52.318 0.0000000000
52224  36.705  -13.281  52.967 0.0000000000
50162  37.112  -16.009  52.863 0.0000000000
49180  36.568  -16.461  52.747 0.0000000000
49191  35.890  -16.716  52.335 0.0000000000
49203  35.145  -16.893  51.181 0.0000000000
49193  34.132  -16.220  51.937 0.0000000000
117831  27.162  -15.957  59.121 0.0000000000
118784  27.069  -16.802  58.778 0.0000000000
49099  25.336  -16.576  58.180 0.0000000000
67138  49.922  -0.119  39.080 0.0000000000
67139  49.183  -0.790  38.853 0.0000000000
63960  53.645  -3.319  36.470 0.0000000000
52159  22.110  -13.431  64.277 0.0000000000
52099  23.447  -13.088  68.290 0.0000000000
52118  22.082  -13.150  67.884 0.0000000000
51024  19.058  -14.209  66.693 0.0000000000
51030  37.183  -13.939  65.295 0.0000000000
51015  37.529  -13.348  65.543 0.0000000000
51041  37.842  -13.726  64.466 0.0000000000
50052  37.982  -13.970  63.372 0.0000000000
51052  37.566  -14.599  62.447 0.0000000000
50061  37.252  -15.222  61.773 0.0000000000
137895  36.976  -16.406  60.771 0.0000000000
49038  36.661  -15.982  61.645 0.0000000000
49051  36.532  -16.808  61.216 0.0000000000
127855  36.063  -17.574  61.338 0.0000000000
44822  34.598  -19.486  63.710 0.0000000000
44841  34.720  -19.055  63.138 0.0000000000
44853  34.103  -19.258  63.210 0.0000000000
46011  33.909  -18.949  62.986 0.0000000000
48070  33.416  -17.737  61.483 0.0000000000
46985  31.819  -17.960  69.636 0.0000000000
46993  32.242  -18.197  68.163 0.0000000000
46994  31.763  -17.942  68.697 0.0000000000
45949  31.157  -18.185  67.647 0.0000000000
47006  30.940  -17.790  67.242 0.0000000000
47032  29.721  -16.410  65.601 0.0000000000
48055  30.327  -16.712  63.467 0.0000000000
48063  29.695  -16.127  62.907 0.0000000000
49052  28.923  -15.454  61.479 0.0000000000
50055  25.904  -14.614  63.002 0.0000000000
50070  24.213  -15.183  60.978 0.0000000000
60689  51.495  -6.864  38.496 0.0000000000
60720  46.690  -6.115  35.371 0.0000000000
60719  47.499  -6.058  35.385 0.0000000000
142254  47.010  -6.356  34.998 0.0000000000
55483  22.179  -10.156  76.489 0.0000000000
54208  22.156  -10.895  76.198 0.0000000000
54224  22.338  -11.351  75.732 0.0000000000
54225  21.821  -11.560  75.979 0.0000000000
53072  21.228  -11.991  75.911 0.0000000000
53086  20.675  -12.586  75.500 0.0000000000
53090  16.580  -12.572  75.425 0.0000000000
127064  18.072  -13.360  75.021 0.0000000000
52016  18.867  -13.440  75.076 0.0000000000
50925  18.693  -13.943  74.500 0.0000000000
49974  18.496  -15.244  72.773 0.0000000000
70386  53.055  2.876  37.884 0.0000000000
70378  53.528  2.425  38.566 0.0000000000
69312  53.286  1.767  38.791 0.0000000000
68228  53.904  0.721  39.647 0.0000000000
64931  52.573  -1.948  41.225 0.0000000000
63889  53.058  -3.491  41.385 0.0000000000
63887  53.888  -3.660  42.250 0.0000000000
60651  54.477  -7.076  40.958 0.0000000000
60653  53.146  -7.179  41.698 0.0000000000
123835  52.057  -6.082  43.590 0.0000000000
61734  51.882  -6.139  42.667 0.0000000000
61735  50.736  -5.489  42.468 0.0000000000
61748  49.533  -5.085  41.572 0.0000000000
61737  48.804  -4.853  42.106 0.0000000000
119157  48.108  -5.100  41.822 0.0000000000
63766  51.594  -3.760  48.658 0.0000000000
138804  51.683  -4.427  47.734 0.0000000000
62712  51.209  -4.877  47.880 0.0000000000
117927  50.712  -5.355  47.800 0.0000000000
141874  50.276  -5.661  46.967 0.0000000000
120124  47.922  -6.663  46.362 0.0000000000
60609  47.606  -6.484  45.772 0.0000000000
118331  47.237  -6.404  45.054 0.0000000000
61726  47.248  -5.744  43.657 0.0000000000
60641  45.862  -5.986  43.034 0.0000000000
60643  44.409  -6.632  42.403 0.0000000000
118138  43.697  -6.857  42.132 0.0000000000
59498  42.908  -7.993  44.116 0.0000000000
59509  42.771  -7.944  43.376 0.0000000000
59522  40.605  -8.018  42.136 0.0000000000
59537  39.895  -7.971  41.477 0.0000000000
59523  39.594  -7.935  42.363 0.0000000000
62665  46.805  -3.958  53.499 0.0000000000
132095  46.067  -4.458  52.762 0.0000000000
59329  44.500  -7.744  56.922 0.0000000000
58129  44.135  -8.330  56.424 0.0000000000
58205  42.017  -7.999  52.107 0.0000000000
60514  42.760  -6.613  52.357 0.0000000000
60527  43.171  -5.989  51.883 0.0000000000
60539  43.005  -5.701  50.852 0.0000000000
122487  43.038  -5.728  49.823 0.0000000000
57062  38.295  -8.920  47.011 0.0000000000
58252  37.926  -8.713  46.179 0.0000000000
58262  37.569  -8.575  45.374 0.0000000000
121207  37.941  -8.261  44.803 0.0000000000
124294  37.894  -8.170  44.082 0.0000000000
58284  37.205  -8.395  43.792 0.0000000000
58285  36.497  -8.645  43.492 0.0000000000
58300  35.593  -8.786  42.332 0.0000000000
57114  33.415  -9.449  42.215 0.0000000000
54585  32.699  -11.084  44.651 0.0000000000
54597  32.433  -10.737  43.844 0.0000000000
54586  31.830  -11.563  44.206 0.0000000000
53378  31.143  -11.526  43.335 0.0000000000
52267  34.814  -13.977  49.187 0.0000000000
118699  34.527  -14.584  48.711 0.0000000000
135451  33.693  -15.069  47.682 0.0000000000
51243  32.647  -14.970  46.845 0.0000000000
136597  30.547  -17.338  45.703 0.0000000000
50263  31.098  -16.440  45.868 0.0000000000
50265  29.716  -16.637  45.153 0.0000000000
48112  36.526  -17.487  58.537 0.0000000000
48126  36.416  -17.339  57.722 0.0000000000
120662  35.861  -17.268  57.996 0.0000000000
49109  35.391  -16.784  57.398 0.0000000000
49110  34.818  -16.240  57.130 0.0000000000
51088  32.126  -14.828  56.906 0.0000000000
51094  32.432  -14.620  56.140 0.0000000000
51105  32.679  -14.522  55.327 0.0000000000
120299  32.392  -14.542  53.515 0.0000000000
49131  27.277  -16.577  56.781 0.0000000000
50101  28.106  -16.404  56.856 0.0000000000
50147  27.244  -15.345  54.766 0.0000000000
51146  25.976  -14.853  52.717 0.0000000000
51181  27.323  -14.533  52.121 0.0000000000
138468  28.049  -14.393  51.440 0.0000000000
67147  47.578  -0.802  37.056 0.0000000000
68252  47.532  -0.068  36.790 0.0000000000
61804  51.291  -5.821  36.222 0.0000000000
117646  52.238  -5.589  36.217 0.0000000000
52034  27.832  -13.160  73.037 0.0000000000
53113  27.379  -12.752  73.706 0.0000000000
53099  26.962  -12.107  74.261 0.0000000000
54234  25.752  -11.327  74.689 0.0000000000
53123  30.549  -12.643  72.573 0.0000000000
53110  30.246  -12.146  73.183 0.0000000000
52031  30.255  -13.040  73.063 0.0000000000
52032  29.581  -13.258  73.174 0.0000000000
120253  28.434  -13.327  72.984 0.0000000000
138620  40.068  -12.256  64.015 0.0000000000
53205  40.428  -12.444  63.361 0.0000000000
53213  40.920  -12.508  62.745 0.0000000000
53216  41.456  -12.228  61.971 0.0000000000
52178  41.431  -13.294  61.178 0.0000000000
124291  41.620  -12.736  61.320 0.0000000000
53223  42.165  -12.035  60.289 0.0000000000
53227  42.167  -11.929  59.576 0.0000000000
54382  42.241  -11.825  59.065 0.0000000000
53231  41.943  -12.321  59.033 0.0000000000
53232  41.689  -12.888  58.842 0.0000000000
52189  40.764  -13.998  58.575 0.0000000000
52192  40.520  -13.728  57.935 0.0000000000
53238  40.049  -13.219  57.292 0.0000000000
53242  38.850  -13.113  56.234 0.0000000000
52202  38.443  -13.772  55.540 0.0000000000
51118  38.095  -14.421  54.866 0.0000000000
49166  37.546  -16.093  54.287 0.0000000000
50127  38.309  -15.565  55.785 0.0000000000
137509  36.975  -16.749  54.158 0.0000000000
49168  35.819  -16.757  54.440 0.0000000000
49084  24.421  -16.280  59.460 0.0000000000
48105  22.327  -17.409  59.138 0.0000000000
63932  51.084  -3.913  39.445 0.0000000000
63933  50.410  -3.602  38.987 0.0000000000
62866  53.950  -4.484  37.923 0.0000000000
51043  23.704  -13.792  64.018 0.0000000000
52148  21.663  -13.359  64.891 0.0000000000
50993  20.161  -14.154  69.040 0.0000000000
50022  19.313  -15.171  67.966 0.0000000000
136567  18.673  -16.414  69.087 0.0000000000
47992  17.996  -17.158  68.129 0.0000000000
51018  35.644  -14.416  65.848 0.0000000000
121961  35.907  -14.180  66.076 0.0000000000
51017  36.413  -14.176  65.737 0.0000000000
50027  36.597  -14.457  65.541 0.0000000000
49006  36.485  -15.210  64.687 0.0000000000
49014  36.473  -15.543  64.207 0.0000000000
48052  35.908  -16.084  63.767 0.0000000000
48043  35.621  -16.490  63.942 0.0000000000
47042  35.360  -17.472  64.157 0.0000000000
45972  35.036  -18.454  64.458 0.0000000000
48014  34.907  -17.112  64.648 0.0000000000
138147  34.689  -18.365  64.853 0.0000000000
45989  34.838  -19.162  64.084 0.0000000000
44807  34.393  -19.570  64.374 0.0000000000
44824  33.595  -19.749  64.496 0.0000000000
44825  32.960  -19.765  64.977 0.0000000000
47988  30.218  -16.719  68.407 0.0000000000
47989  29.725  -16.232  67.956 0.0000000000
48019  29.111  -15.852  66.724 0.0000000000
126273  28.602  -15.300  67.066 0.0000000000
48034  28.984  -15.878  65.844 0.0000000000
49017  27.054  -14.798  63.779 0.0000000000
128371  26.254  -14.612  63.686 0.0000000000
137839  25.545  -14.500  63.379 0.0000000000
60692  49.188  -5.976  38.856 0.0000000000
61793  47.277  -5.594  37.155 0.0000000000
60711  47.137  -5.752  36.268 0.0000000000
52027  16.708  -13.644  74.645 0.0000000000
50949  16.157  -14.666  73.498 0.0000000000
49976  15.885  -15.141  72.859 0.0000000000
49991  15.140  -15.465  72.466 0.0000000000
49992  14.559  -15.715  72.791 0.0000000000
61706  53.564  -5.431  43.972 0.0000000000
61707  52.941  -5.649  44.351 0.0000000000
61722  51.345  -5.843  44.284 0.0000000000
61654  50.035  -5.387  48.920 0.0000000000
61669  50.135  -5.482  48.274 0.0000000000
61670  49.574  -5.732  48.639 0.0000000000
60568  49.049  -6.392  48.375 0.0000000000
60585  48.459  -7.014  47.542 0.0000000000
60599  47.831  -6.985  47.014 0.0000000000
118315  47.266  -6.817  46.437 0.0000000000
60620  45.749  -6.994  45.040 0.0000000000
59495  45.052  -7.421  45.006 0.0000000000
59496  44.349  -7.673  44.825 0.0000000000
122592  44.906  -7.632  46.321 0.0000000000
117913  43.013  -7.949  44.943 0.0000000000
140636  42.576  -8.067  45.266 0.0000000000
117461  42.247  -8.140  44.737 0.0000000000
62643  45.215  -4.190  55.190 0.0000000000
56991  41.741  -9.744  54.786 0.0000000000
126255  41.555  -9.324  53.349 0.0000000000
58196  41.674  -8.836  52.601 0.0000000000
57009  41.172  -9.413  51.943 0.0000000000
132592  41.531  -8.625  51.571 0.0000000000
58216  41.280  -8.476  50.698 0.0000000000
58221  40.932  -8.251  49.913 0.0000000000
58228  40.869  -8.146  49.030 0.0000000000
58222  40.442  -8.731  49.528 0.0000000000
58230  39.645  -8.954  48.478 0.0000000000
57043  38.449  -9.854  48.802 0.0000000000
141998  38.416  -9.575  48.244 0.0000000000
57063  37.442  -9.180  46.824 0.0000000000
57076  35.558  -9.622  45.429 0.0000000000
57089  34.515  -9.585  44.284 0.0000000000
55882  34.143  -10.355  45.618 0.0000000000
54573  34.431  -10.780  46.487 0.0000000000
54575  32.958  -11.434  45.405 0.0000000000
53365  31.971  -12.256  44.974 0.0000000000
49244  34.013  -16.995  48.313 0.0000000000
50225  34.033  -16.532  48.027 0.0000000000
49257  33.470  -17.050  47.783 0.0000000000
49270  32.302  -17.534  47.333 0.0000000000
49271  31.871  -17.561  46.936 0.0000000000
48257  31.459  -17.810  46.896 0.0000000000
49076  34.444  -16.656  59.520 0.0000000000
49090  34.642  -16.545  58.703 0.0000000000
49091  33.991  -15.984  59.137 0.0000000000
129095  33.316  -15.475  58.664 0.0000000000
50087  31.590  -15.445  58.404 0.0000000000
50097  31.800  -15.087  57.655 0.0000000000
51096  30.825  -14.824  56.168 0.0000000000
51107  30.564  -14.697  55.371 0.0000000000
49170  24.867  -16.101  54.851 0.0000000000
50135  25.824  -15.845  55.163 0.0000000000
50150  24.786  -15.747  53.936 0.0000000000
50168  24.682  -15.613  53.100 0.0000000000
50181  25.289  -15.150  52.637 0.0000000000
74284  51.430  6.446  33.769 0.0000000000
73257  50.349  5.206  33.184 0.0000000000
72303  49.565  4.569  33.286 0.0000000000
71378  48.443  3.363  33.359 0.0000000000
70427  48.000  2.820  33.635 0.0000000000
123593  25.990  -13.509  67.754 0.0000000000
52082  25.468  -13.088  69.053 0.0000000000
50992  26.297  -13.210  69.600 0.0000000000
52084  23.801  -12.710  69.617 0.0000000000
52059  25.754  -12.566  71.409 0.0000000000
53146  23.506  -12.453  70.433 0.0000000000
52074  21.970  -12.907  70.616 0.0000000000
142171  20.944  -13.837  71.678 0.0000000000
51021  31.640  -13.763  65.524 0.0000000000
48987  32.899  -16.643  66.721 0.0000000000
136289  32.519  -15.814  66.822 0.0000000000
48979  32.760  -16.623  68.434 0.0000000000
137272  32.109  -15.500  68.971 0.0000000000
48969  32.430  -16.285  69.027 0.0000000000
133041  32.086  -16.921  69.154 0.0000000000
47974  31.951  -17.859  70.000 0.0000000000
47975  30.789  -17.174  69.402 0.0000000000
52057  30.553  -13.793  70.893 0.0000000000
50968  30.670  -14.561  70.679 0.0000000000
49998  31.023  -15.036  70.604 0.0000000000
49984  29.925  -14.440  71.184 0.0000000000
49999  30.200  -14.903  71.143 0.0000000000
48948  30.372  -15.753  70.283 0.0000000000
47956  30.508  -16.000  70.169 0.0000000000
47964  30.372  -16.373  69.668 0.0000000000
47977  29.916  -16.204  69.186 0.0000000000
48970  29.405  -15.539  68.945 0.0000000000
125872  28.878  -15.152  68.733 0.0000000000
50016  28.449  -14.690  68.879 0.0000000000
61785  44.074  -5.516  38.478 0.0000000000
118126  43.919  -5.444  37.767 0.0000000000
61811  42.128  -5.983  36.065 0.0000000000
120809  51.796  -3.174  48.389 0.0000000000
130955  51.480  -3.298  49.049 0.0000000000
63767  51.315  -3.854  49.312 0.0000000000
62699  50.736  -4.212  49.723 0.0000000000
63757  50.801  -3.457  50.028 0.0000000000
135741  49.890  -5.092  49.566 0.0000000000
139607  49.496  -5.146  49.738 0.0000000000
118414  49.083  -5.481  49.553 0.0000000000
62685  49.217  -4.191  51.179 0.0000000000
134105  49.038  -4.820  50.381 0.0000000000
61640  48.310  -5.306  50.083 0.0000000000
61641  47.378  -5.432  50.387 0.0000000000
58110  44.188  -8.418  57.280 0.0000000000
56960  43.702  -8.835  56.898 0.0000000000
54397  42.344  -11.612  58.895 0.0000000000
54412  42.615  -10.783  58.493 0.0000000000
55732  42.499  -10.380  57.762 0.0000000000
54423  41.332  -11.032  57.110 0.0000000000
55733  41.939  -10.632  57.529 0.0000000000
55747  42.270  -10.054  56.918 0.0000000000
55760  42.174  -10.003  56.163 0.0000000000
56979  42.339  -9.723  55.580 0.0000000000
55780  40.986  -10.060  54.246 0.0000000000
55781  40.293  -10.349  53.789 0.0000000000
54439  38.859  -10.986  54.260 0.0000000000
54448  38.884  -10.919  53.385 0.0000000000
55783  39.293  -10.833  52.734 0.0000000000
54471  37.451  -11.409  51.553 0.0000000000
54492  36.586  -11.592  50.502 0.0000000000
53308  35.956  -11.888  50.110 0.0000000000
53301  35.572  -12.780  50.331 0.0000000000
52251  35.788  -13.443  51.114 0.0000000000
52256  35.471  -13.710  50.396 0.0000000000
125066  35.310  -14.543  49.940 0.0000000000
50214  34.899  -16.217  49.143 0.0000000000
138877  36.899  -15.265  52.267 0.0000000000
50177  36.868  -15.975  52.137 0.0000000000
50201  35.872  -16.217  50.635 0.0000000000
49229  35.294  -16.611  49.943 0.0000000000
49243  34.454  -16.823  48.922 0.0000000000
48224  33.944  -17.217  48.777 0.0000000000
48215  33.242  -17.460  48.594 0.0000000000
49217  34.143  -17.035  49.990 0.0000000000
49230  33.478  -17.192  49.369 0.0000000000
49231  32.895  -17.436  48.869 0.0000000000
49232  32.232  -16.980  48.847 0.0000000000
122995  29.106  -16.521  59.054 0.0000000000
124676  28.144  -16.925  58.212 0.0000000000
49132  26.442  -16.530  56.691 0.0000000000
49116  24.427  -16.781  57.413 0.0000000000
125124  25.094  -16.658  57.005 0.0000000000
135754  24.920  -16.486  56.390 0.0000000000
70393  50.684  2.537  36.460 0.0000000000
69333  50.281  1.979  36.914 0.0000000000
69325  48.834  0.938  37.230 0.0000000000
67140  48.629  -0.941  38.305 0.0000000000
68241  48.502  -0.307  37.947 0.0000000000
68251  48.080  0.019  37.403 0.0000000000
66034  47.793  -1.636  37.211 0.0000000000
64993  48.472  -2.499  36.438 0.0000000000
63963  49.901  -2.926  36.724 0.0000000000
64991  50.500  -2.750  35.931 0.0000000000
52117  23.503  -13.215  67.494 0.0000000000
126114  21.638  -13.310  65.807 0.0000000000
52119  21.203  -13.279  67.913 0.0000000000
52134  20.610  -13.374  66.125 0.0000000000
52149  20.075  -13.558  65.202 0.0000000000
52126  37.973  -12.707  65.945 0.0000000000
53195  39.766  -12.086  64.972 0.0000000000
52167  39.962  -12.942  63.343 0.0000000000
51050  39.972  -13.555  62.521 0.0000000000
51051  39.155  -13.626  62.860 0.0000000000
51063  39.702  -14.080  61.826 0.0000000000
51071  40.006  -14.575  61.165 0.0000000000
123294  39.523  -14.845  60.609 0.0000000000
50076  39.576  -15.116  60.081 0.0000000000
49073  38.939  -15.664  59.732 0.0000000000
49088  38.512  -16.397  58.745 0.0000000000
49074  38.311  -16.307  59.393 0.0000000000
48096  37.150  -17.239  59.316 0.0000000000
48082  37.179  -17.016  59.980 0.0000000000
48097  36.645  -17.458  59.200 0.0000000000
47097  35.989  -17.612  59.022 0.0000000000
47089  35.626  -17.588  59.520 0.0000000000
129557  35.653  -17.565  62.434 0.0000000000
46009  35.198  -18.965  62.727 0.0000000000
46008  35.081  -18.648  61.881 0.0000000000
46017  35.264  -18.256  61.188 0.0000000000
46029  34.895  -18.254  60.746 0.0000000000
47090  35.081  -17.682  59.989 0.0000000000
48099  34.814  -17.318  59.756 0.0000000000
48100  34.097  -16.863  60.320 0.0000000000
49062  32.887  -16.642  60.523 0.0000000000
48071  32.613  -17.453  61.451 0.0000000000
48086  32.288  -16.971  60.979 0.0000000000
49063  31.745  -16.602  60.479 0.0000000000
48102  30.311  -16.598  60.161 0.0000000000
117871  33.106  -17.285  66.686 0.0000000000
48001  33.000  -17.801  67.213 0.0000000000
141492  32.666  -18.155  67.219 0.0000000000
45934  32.167  -18.433  67.751 0.0000000000
45933  32.376  -18.316  67.692 0.0000000000
44782  32.315  -18.799  66.329 0.0000000000
44794  32.669  -19.200  65.604 0.0000000000
44826  32.486  -19.393  65.448 0.0000000000
45990  32.704  -19.320  64.754 0.0000000000
129689  30.466  -17.260  67.920 0.0000000000
47019  31.265  -17.827  66.567 0.0000000000
47031  30.488  -16.990  65.741 0.0000000000
45992  31.630  -18.418  65.403 0.0000000000
46004  31.652  -18.247  64.622 0.0000000000
46003  32.185  -18.643  64.287 0.0000000000
141450  31.540  -17.699  63.125 0.0000000000
47060  31.322  -17.301  62.637 0.0000000000
48061  30.995  -16.849  62.212 0.0000000000
125310  30.807  -16.745  61.340 0.0000000000
48103  29.638  -16.387  59.775 0.0000000000
49042  26.982  -14.878  62.603 0.0000000000
119963  26.309  -14.782  61.684 0.0000000000
49068  24.507  -15.967  60.164 0.0000000000
119818  22.972  -16.615  60.382 0.0000000000
60687  54.261  -6.532  38.732 0.0000000000
60686  54.556  -6.046  38.310 0.0000000000
60710  49.151  -5.928  37.044 0.0000000000
60718  48.429  -5.917  35.780 0.0000000000
60717  49.357  -5.932  36.148 0.0000000000
61796  44.154  -5.431  37.052 0.0000000000
61808  44.383  -5.558  36.242 0.0000000000
61820  44.633  -5.893  35.649 0.0000000000
60732  44.518  -6.818  34.980 0.0000000000
56721  26.523  -9.701  74.752 0.0000000000
57869  26.080  -9.263  74.925 0.0000000000
55491  25.906  -10.116  75.357 0.0000000000
54222  24.623  -10.803  75.142 0.0000000000
55481  24.429  -9.895  75.752 0.0000000000
54236  23.853  -11.188  74.755 0.0000000000
52024  21.693  -12.632  74.058 0.0000000000
53104  21.684  -12.369  74.869 0.0000000000
52038  21.009  -13.145  73.502 0.0000000000
50962  20.527  -13.726  72.977 0.0000000000
50963  20.115  -14.260  72.397 0.0000000000
54211  20.247  -11.459  76.326 0.0000000000
50924  19.471  -13.644  74.796 0.0000000000
52026  19.920  -13.671  74.403 0.0000000000
118016  19.965  -13.831  73.744 0.0000000000
49986  19.657  -14.927  71.895 0.0000000000
50004  19.255  -15.621  71.554 0.0000000000
48964  17.866  -16.930  70.823 0.0000000000
50005  16.012  -16.026  71.716 0.0000000000
72279  52.115  4.479  36.342 0.0000000000
71348  51.797  3.668  36.551 0.0000000000
70392  51.506  2.892  36.823 0.0000000000
69314  51.224  1.361  38.270 0.0000000000
129180  50.347  -1.579  39.920 0.0000000000
69311  53.949  1.959  39.027 0.0000000000
138314  52.895  1.082  39.285 0.0000000000
67128  52.934  0.197  39.813 0.0000000000
67111  51.137  -0.895  40.102 0.0000000000
63919  50.481  -3.223  39.868 0.0000000000
63918  51.121  -3.635  40.128 0.0000000000
62846  51.730  -4.241  39.974 0.0000000000
62845  52.755  -4.705  39.715 0.0000000000
62812  53.504  -4.299  41.335 0.0000000000
60666  54.174  -7.245  40.454 0.0000000000
118063  51.130  -6.964  39.266 0.0000000000
133482  50.321  -6.725  39.087 0.0000000000
60640  52.179  -6.604  41.818 0.0000000000
135969  51.593  -6.467  41.054 0.0000000000
60679  50.479  -6.615  39.587 0.0000000000
60680  49.812  -6.170  39.367 0.0000000000
61771  48.933  -5.699  39.538 0.0000000000
61772  48.154  -5.579  39.746 0.0000000000
61773  47.450  -5.614  39.534 0.0000000000
61774  46.623  -5.617  39.306 0.0000000000
61775  45.154  -5.578  39.411 0.0000000000
63788  52.624  -3.343  46.752 0.0000000000
63807  52.604  -4.121  46.540 0.0000000000
120692  52.254  -4.660  46.626 0.0000000000
62720  51.744  -4.731  47.221 0.0000000000
61678  51.823  -5.030  46.731 0.0000000000
61697  51.684  -5.601  45.811 0.0000000000
61681  49.862  -5.767  47.476 0.0000000000
61690  49.806  -5.830  46.735 0.0000000000
61710  49.734  -5.620  45.079 0.0000000000
132278  49.228  -5.427  44.433 0.0000000000
119029  47.269  -5.384  41.992 0.0000000000
61776  44.187  -5.644  39.331 0.0000000000
60644  43.706  -7.337  42.687 0.0000000000
60645  43.155  -7.295  42.204 0.0000000000
135186  42.589  -7.614  42.281 0.0000000000
60657  42.608  -7.213  41.710 0.0000000000
125404  48.234  -4.037  52.268 0.0000000000
62687  47.769  -4.567  51.908 0.0000000000
58164  42.761  -8.813  54.437 0.0000000000
58179  43.105  -8.160  54.281 0.0000000000
60487  43.828  -6.839  54.522 0.0000000000
61590  44.445  -5.393  54.470 0.0000000000
61600  45.085  -4.707  53.974 0.0000000000
61612  45.213  -4.631  53.036 0.0000000000
130997  44.256  -4.886  51.817 0.0000000000
61627  45.126  -4.826  51.436 0.0000000000
61643  45.522  -5.274  50.582 0.0000000000
61659  45.981  -5.916  49.847 0.0000000000
60554  44.778  -6.517  49.006 0.0000000000
60573  44.523  -7.002  48.142 0.0000000000
60589  43.810  -7.278  47.468 0.0000000000
60590  42.919  -7.110  47.638 0.0000000000
59466  43.229  -7.657  46.957 0.0000000000
59478  42.589  -7.937  46.499 0.0000000000
59490  42.109  -8.079  45.699 0.0000000000
58268  41.430  -8.217  45.127 0.0000000000
58237  40.949  -8.124  48.091 0.0000000000
58249  40.393  -8.293  46.790 0.0000000000
58250  39.646  -8.457  46.513 0.0000000000
58259  40.762  -8.218  45.382 0.0000000000
58269  40.815  -8.177  44.667 0.0000000000
58296  39.252  -7.836  43.134 0.0000000000
134364  37.848  -8.104  43.239 0.0000000000
57102  33.580  -9.643  43.057 0.0000000000
57103  32.817  -9.818  42.664 0.0000000000
55910  32.213  -10.382  42.967 0.0000000000
53319  35.338  -11.871  48.904 0.0000000000
53330  34.283  -12.394  47.937 0.0000000000
52276  34.305  -13.424  48.403 0.0000000000
53331  33.786  -12.915  47.590 0.0000000000
53345  32.741  -12.885  46.254 0.0000000000
52312  32.108  -12.883  45.531 0.0000000000
117838  31.623  -12.854  45.029 0.0000000000
50240  33.079  -16.482  47.382 0.0000000000
140004  32.723  -15.897  47.026 0.0000000000
127549  31.563  -15.486  46.046 0.0000000000
52300  32.059  -14.572  46.232 0.0000000000
49108  37.540  -16.954  57.650 0.0000000000
49127  37.139  -16.867  56.750 0.0000000000
48138  36.333  -17.113  56.972 0.0000000000
49128  36.368  -17.017  56.154 0.0000000000
49149  35.886  -16.868  55.148 0.0000000000
49169  35.301  -16.245  54.279 0.0000000000
133120  34.800  -15.992  56.391 0.0000000000
50110  34.128  -15.288  56.160 0.0000000000
50129  34.811  -15.784  55.600 0.0000000000
50145  34.791  -15.659  54.793 0.0000000000
50163  34.739  -15.769  53.959 0.0000000000
50180  33.372  -15.415  52.044 0.0000000000
51157  32.470  -14.720  52.619 0.0000000000
51195  32.230  -15.067  50.780 0.0000000000
51212  31.282  -14.950  49.523 0.0000000000
136023  30.543  -14.727  49.136 0.0000000000
49111  29.271  -16.123  57.798 0.0000000000
50099  29.707  -15.641  57.206 0.0000000000
50148  26.394  -15.472  54.575 0.0000000000
51145  26.545  -14.891  53.220 0.0000000000
51126  27.687  -14.993  54.168 0.0000000000
51125  28.485  -14.781  54.228 0.0000000000
51124  29.482  -14.638  54.266 0.0000000000
51142  29.815  -14.452  53.384 0.0000000000
118166  29.919  -14.424  52.646 0.0000000000
51180  28.913  -14.415  51.727 0.0000000000
51179  29.299  -14.411  51.347 0.0000000000
120382  29.679  -14.414  50.955 0.0000000000
50227  30.428  -15.343  48.419 0.0000000000
70400  50.200  2.792  35.781 0.0000000000
70401  49.282  2.395  35.553 0.0000000000
70411  49.068  2.787  34.855 0.0000000000
69336  47.949  1.121  35.999 0.0000000000
69344  47.827  1.553  35.396 0.0000000000
70402  48.332  2.275  34.993 0.0000000000
70413  47.666  2.309  34.204 0.0000000000
70428  47.502  2.399  33.420 0.0000000000
66056  47.921  -2.001  35.107 0.0000000000
61790  54.868  -5.352  37.773 0.0000000000
61802  54.659  -5.189  37.053 0.0000000000
44793  33.258  -19.381  65.232 0.0000000000
44808  33.813  -19.740  64.718 0.0000000000
44810  32.495  -19.368  65.450 0.0000000000
44823  34.197  -19.798  64.056 0.0000000000
44842  34.430  -19.402  63.436 0.0000000000
45946  32.474  -18.393  66.859 0.0000000000
45947  32.152  -18.496  67.136 0.0000000000
45973  34.602  -19.011  64.690 0.0000000000
45991  32.074  -18.769  65.000 0.0000000000
46010  34.395  -18.911  62.761 0.0000000000
46018  34.810  -18.656  61.899 0.0000000000
46976  31.636  -17.595  69.630 0.0000000000
46984  32.097  -17.644  68.851 0.0000000000
46992  32.531  -17.978  68.221 0.0000000000
47079  35.889  -17.922  60.434 0.0000000000
47962  31.983  -17.110  69.963 0.0000000000
47973  32.308  -17.454  69.277 0.0000000000
48202  35.042  -17.065  50.004 0.0000000000
48947  31.012  -15.916  70.102 0.0000000000
48949  29.803  -15.990  70.617 0.0000000000
48959  31.097  -16.514  69.734 0.0000000000
48993  36.567  -15.003  64.922 0.0000000000
49216  35.133  -16.976  50.550 0.0000000000
50019  32.723  -16.432  67.632 0.0000000000
50031  33.066  -15.812  65.129 0.0000000000
50202  34.057  -16.638  50.672 0.0000000000
50239  33.664  -16.092  47.687 0.0000000000
50959  29.538  -13.786  71.505 0.0000000000
50979  31.063  -14.350  70.147 0.0000000000
51004  37.477  -13.114  65.960 0.0000000000
51005  37.185  -13.152  66.129 0.0000000000
51020  32.094  -14.628  65.394 0.0000000000
51079  40.455  -14.634  59.528 0.0000000000
52033  28.926  -13.316  73.140 0.0000000000
52125  38.588  -12.471  65.636 0.0000000000
52183  41.212  -13.785  60.255 0.0000000000
52277  34.140  -14.747  48.212 0.0000000000
53153  30.811  -12.646  69.621 0.0000000000
53204  40.708  -12.126  63.355 0.0000000000
54210  20.844  -11.531  76.191 0.0000000000
54333  41.453  -10.885  62.985 0.0000000000
54354  42.390  -11.018  61.107 0.0000000000
54396  42.630  -11.139  58.982 0.0000000000
54413  42.233  -11.143  58.340 0.0000000000
54558  34.956  -10.932  47.142 0.0000000000
54609  31.334  -11.050  42.684 0.0000000000
55688  42.872  -10.519  59.678 0.0000000000
55792  39.596  -10.724  52.146 0.0000000000
55803  39.398  -10.599  51.541 0.0000000000
57034  39.476  -9.545  49.572 0.0000000000
57042  39.008  -9.418  48.459 0.0000000000
57055  37.104  -9.608  47.333 0.0000000000
57858  25.916  -9.124  75.122 0.0000000000
58272  37.314  -8.477  44.611 0.0000000000
58286  35.757  -8.884  43.189 0.0000000000
59358  43.649  -7.747  54.812 0.0000000000
59379  42.770  -7.704  53.535 0.0000000000
59419  42.302  -7.176  51.774 0.0000000000
59456  42.231  -7.335  48.022 0.0000000000
61577  44.455  -5.733  55.296 0.0000000000
61639  50.178  -4.522  50.055 0.0000000000
61797  43.352  -5.488  37.225 0.0000000000
62672  49.488  -3.749  51.449 0.0000000000
62675  47.645  -4.116  52.536 0.0000000000
66018  49.659  -1.888  39.402 0.0000000000
66042  47.419  -1.446  36.484 0.0000000000
68240  49.091  -0.035  38.425 0.0000000000
68269  46.849  0.464  35.337 0.0000000000
70388  51.151  2.271  37.185 0.0000000000
70394  49.827  2.245  36.268 0.0000000000
72293  50.562  4.254  34.862 0.0000000000
117429  34.707  -16.898  50.599 0.0000000000
118135  41.772  -6.510  39.598 0.0000000000
119017  16.770  -15.572  72.560 0.0000000000
120838  35.092  -15.953  64.849 0.0000000000
122543  32.241  -10.013  42.274 0.0000000000
123990  34.636  -18.824  62.465 0.0000000000
124649  31.970  -18.556  66.989 0.0000000000
125490  48.747  -2.418  35.674 0.0000000000
125755  37.176  -11.318  50.826 0.0000000000
126916  33.741  -18.216  65.543 0.0000000000
127781  40.388  -11.943  63.886 0.0000000000
128109  30.753  -16.822  69.727 0.0000000000
128762  35.025  -18.833  62.573 0.0000000000
129087  44.839  -7.852  46.853 0.0000000000
133154  21.258  -12.387  75.364 0.0000000000
134907  31.478  -14.449  45.648 0.0000000000
135854  49.213  -6.268  47.891 0.0000000000
138766  33.417  -16.223  50.702 0.0000000000
