#!ascii label  , from subject sub_0001 vox2ras=TkReg
759
57889  27.716  -9.039  72.935 0.0000000000
65924  44.872  -1.662  49.774 0.0000000000
64883  52.959  -2.361  46.569 0.0000000000
62595  43.842  -4.904  58.510 0.0000000000
57975  32.211  -8.676  66.218 0.0000000000
53144  30.553  -12.656  70.391 0.0000000000
66971  49.759  -0.153  48.313 0.0000000000
66925  49.054  -1.054  52.540 0.0000000000
61501  41.377  -5.808  61.913 0.0000000000
126782  36.643  -10.922  67.127 0.0000000000
72257  53.687  4.958  38.712 0.0000000000
68193  53.200  0.283  42.671 0.0000000000
64786  40.875  -2.934  56.461 0.0000000000
68040  44.480  0.046  55.251 0.0000000000
57921  30.292  -9.627  69.918 0.0000000000
55514  29.813  -11.097  72.036 0.0000000000
65922  47.051  -1.333  49.165 0.0000000000
68083  49.183  -0.178  50.879 0.0000000000
68085  47.122  0.811  51.414 0.0000000000
54340  41.795  -11.101  61.929 0.0000000000
52156  31.836  -12.470  64.911 0.0000000000
55567  34.475  -10.110  67.011 0.0000000000
52127  34.600  -13.782  65.890 0.0000000000
72249  51.997  5.131  40.279 0.0000000000
69301  54.235  1.773  39.519 0.0000000000
70351  53.826  2.480  40.350 0.0000000000
67016  51.723  -0.698  45.651 0.0000000000
65977  51.765  -1.153  43.379 0.0000000000
67034  53.278  -0.367  44.786 0.0000000000
121895  54.348  -2.029  43.429 0.0000000000
62762  53.484  -4.277  44.840 0.0000000000
61515  42.997  -4.874  60.226 0.0000000000
63663  41.081  -3.838  59.751 0.0000000000
65827  42.694  -2.319  58.923 0.0000000000
66889  42.237  -0.806  56.238 0.0000000000
66870  43.744  -1.483  57.291 0.0000000000
65848  45.564  -2.052  55.641 0.0000000000
62623  44.628  -3.816  56.676 0.0000000000
55554  31.358  -10.339  67.708 0.0000000000
65950  49.847  -1.647  46.603 0.0000000000
117848  51.383  -0.260  47.800 0.0000000000
65906  50.946  -1.533  49.691 0.0000000000
64815  50.110  -2.810  51.556 0.0000000000
59138  39.784  -8.101  65.179 0.0000000000
57989  41.472  -8.626  63.550 0.0000000000
124392  42.495  -8.065  61.412 0.0000000000
58052  44.075  -7.965  59.270 0.0000000000
59328  44.565  -7.001  57.532 0.0000000000
57982  37.474  -8.994  65.641 0.0000000000
54290  39.080  -11.578  66.757 0.0000000000
71340  53.291  3.715  37.716 0.0000000000
70340  51.673  2.031  41.190 0.0000000000
68191  54.409  0.436  41.807 0.0000000000
63887  53.888  -3.660  42.250 0.0000000000
68087  43.941  0.024  51.962 0.0000000000
68051  46.723  -0.033  53.733 0.0000000000
64801  47.434  -2.545  54.097 0.0000000000
56728  28.322  -10.270  73.559 0.0000000000
56737  28.447  -10.069  72.895 0.0000000000
130855  29.349  -11.052  73.679 0.0000000000
65923  46.422  -1.500  49.415 0.0000000000
66946  47.443  -0.148  49.984 0.0000000000
66948  45.787  -0.403  50.548 0.0000000000
138892  33.085  -12.991  65.052 0.0000000000
72250  51.188  4.723  40.270 0.0000000000
71304  53.291  3.837  39.987 0.0000000000
71306  51.549  3.434  40.732 0.0000000000
68150  52.268  -0.512  46.394 0.0000000000
68166  52.475  -0.262  45.594 0.0000000000
66994  53.226  -0.867  45.911 0.0000000000
64890  53.654  -2.037  45.160 0.0000000000
62579  43.253  -4.314  59.703 0.0000000000
64750  42.849  -3.274  59.727 0.0000000000
64763  43.376  -2.927  58.915 0.0000000000
65835  43.039  -1.859  58.015 0.0000000000
63672  43.674  -3.269  58.391 0.0000000000
64778  44.382  -2.616  56.922 0.0000000000
62611  44.091  -4.551  57.920 0.0000000000
55540  31.115  -10.032  69.230 0.0000000000
53164  31.029  -12.013  69.053 0.0000000000
124553  31.126  -12.731  68.386 0.0000000000
65944  48.853  -1.497  47.684 0.0000000000
64874  48.695  -2.385  47.185 0.0000000000
65943  49.634  -1.208  47.296 0.0000000000
66983  50.851  -0.312  47.429 0.0000000000
68120  50.793  0.049  48.594 0.0000000000
66958  51.185  -0.895  48.790 0.0000000000
68108  50.454  -0.005  49.175 0.0000000000
136143  49.112  -0.568  52.061 0.0000000000
131841  49.967  -1.667  51.748 0.0000000000
65883  49.541  -1.853  52.426 0.0000000000
62673  49.004  -3.667  51.981 0.0000000000
63728  48.818  -2.883  52.901 0.0000000000
55582  40.399  -10.612  65.439 0.0000000000
59156  40.480  -8.138  64.446 0.0000000000
130665  40.869  -10.042  64.389 0.0000000000
56870  42.403  -9.434  62.001 0.0000000000
133019  43.481  -7.899  60.113 0.0000000000
56794  35.493  -9.962  67.404 0.0000000000
57957  36.128  -9.400  66.826 0.0000000000
57945  36.761  -9.811  66.849 0.0000000000
56811  38.156  -10.008  67.070 0.0000000000
54278  37.448  -11.540  67.051 0.0000000000
74227  52.255  6.560  39.127 0.0000000000
71339  53.703  4.282  38.333 0.0000000000
137959  54.362  0.626  40.003 0.0000000000
120050  52.327  -0.054  42.438 0.0000000000
68195  50.424  -0.114  41.798 0.0000000000
68204  51.769  0.618  41.738 0.0000000000
69270  51.287  1.310  41.406 0.0000000000
68203  52.642  0.708  41.855 0.0000000000
69268  52.975  1.287  41.260 0.0000000000
68192  53.883  0.700  42.318 0.0000000000
63854  54.004  -3.961  43.464 0.0000000000
64917  54.193  -2.594  42.650 0.0000000000
61494  40.541  -6.049  62.425 0.0000000000
62571  40.570  -5.293  61.546 0.0000000000
63685  41.185  -3.175  57.994 0.0000000000
62612  40.437  -4.898  57.900 0.0000000000
68031  43.365  -0.335  55.936 0.0000000000
66911  41.952  -0.786  54.447 0.0000000000
68070  42.872  -0.086  53.743 0.0000000000
66927  43.298  -0.312  52.248 0.0000000000
68068  44.332  0.842  54.092 0.0000000000
69177  45.817  1.030  53.250 0.0000000000
68053  45.586  0.386  54.361 0.0000000000
63706  46.024  -2.890  55.091 0.0000000000
141572  46.974  -2.425  54.502 0.0000000000
63719  46.639  -3.338  54.278 0.0000000000
62664  47.421  -3.761  53.146 0.0000000000
56759  30.063  -10.129  70.541 0.0000000000
55513  30.121  -11.674  71.811 0.0000000000
52044  30.707  -13.117  71.914 0.0000000000
54249  30.310  -11.816  72.479 0.0000000000
66961  48.553  -0.379  49.230 0.0000000000
128149  49.836  0.087  49.770 0.0000000000
68110  48.182  -0.136  49.799 0.0000000000
69183  48.372  0.262  51.379 0.0000000000
68075  47.991  0.078  52.096 0.0000000000
55606  31.811  -10.599  65.721 0.0000000000
56831  33.123  -9.337  65.911 0.0000000000
54310  32.724  -11.590  65.247 0.0000000000
54302  34.153  -11.698  66.512 0.0000000000
53162  36.005  -11.980  66.918 0.0000000000
53174  37.145  -12.587  67.395 0.0000000000
51007  36.027  -13.724  66.265 0.0000000000
73198  53.519  5.082  39.280 0.0000000000
70367  54.063  2.642  39.149 0.0000000000
71317  53.738  4.003  39.413 0.0000000000
70350  54.252  2.334  39.970 0.0000000000
69283  54.468  1.207  40.389 0.0000000000
65963  51.181  -1.865  44.547 0.0000000000
65969  51.791  -1.293  44.203 0.0000000000
67035  52.796  -0.303  44.590 0.0000000000
68184  53.125  -0.279  43.899 0.0000000000
68172  53.885  0.045  43.463 0.0000000000
67033  53.735  -0.520  44.247 0.0000000000
64897  53.939  -2.022  44.349 0.0000000000
61508  42.083  -5.359  61.098 0.0000000000
138245  41.358  -4.774  61.284 0.0000000000
63646  41.848  -3.873  60.582 0.0000000000
63662  41.793  -3.044  59.498 0.0000000000
64779  41.792  -2.377  58.006 0.0000000000
64792  41.210  -2.043  56.137 0.0000000000
128413  42.821  -1.364  57.690 0.0000000000
66878  43.503  -0.902  57.245 0.0000000000
68024  43.860  -0.783  56.662 0.0000000000
68028  45.121  -0.732  55.382 0.0000000000
65842  44.334  -1.783  56.775 0.0000000000
63695  45.026  -3.293  56.203 0.0000000000
62632  45.160  -3.905  55.810 0.0000000000
59117  30.825  -8.017  68.517 0.0000000000
127665  31.244  -8.810  68.319 0.0000000000
127475  31.562  -10.178  66.802 0.0000000000
123456  31.260  -11.779  66.913 0.0000000000
52129  31.343  -13.265  66.488 0.0000000000
66996  51.022  -0.785  46.250 0.0000000000
68135  51.696  -0.324  47.098 0.0000000000
66968  52.185  -1.190  47.441 0.0000000000
65933  51.874  -1.403  48.275 0.0000000000
64840  51.540  -2.634  49.066 0.0000000000
63756  51.173  -2.964  49.669 0.0000000000
68081  50.190  -0.411  50.157 0.0000000000
64822  50.498  -2.543  50.759 0.0000000000
59181  39.129  -8.283  64.846 0.0000000000
60368  40.031  -7.390  64.442 0.0000000000
135158  40.240  -7.025  63.640 0.0000000000
60365  41.225  -7.268  63.278 0.0000000000
55639  41.635  -10.078  63.201 0.0000000000
58004  42.138  -8.372  62.943 0.0000000000
60406  42.105  -6.689  62.023 0.0000000000
122101  42.437  -5.959  60.858 0.0000000000
60422  43.532  -6.495  59.849 0.0000000000
61513  44.019  -6.268  59.160 0.0000000000
61540  44.307  -5.864  58.222 0.0000000000
59307  44.479  -7.422  58.959 0.0000000000
59159  38.881  -8.484  65.815 0.0000000000
56810  39.488  -10.032  66.616 0.0000000000
54309  39.831  -11.632  65.554 0.0000000000
127360  37.973  -12.299  66.479 0.0000000000
53196  39.170  -12.256  65.477 0.0000000000
73228  53.392  5.852  37.006 0.0000000000
134362  50.848  3.169  40.613 0.0000000000
70339  52.494  2.017  41.130 0.0000000000
69267  53.885  1.379  41.148 0.0000000000
67086  54.713  0.073  41.098 0.0000000000
67051  54.394  -0.027  42.693 0.0000000000
65990  54.214  -1.529  42.076 0.0000000000
65991  53.923  -1.557  41.558 0.0000000000
62597  40.482  -4.641  59.596 0.0000000000
65893  43.152  -0.976  51.007 0.0000000000
66949  44.829  -0.452  50.844 0.0000000000
68086  45.553  0.830  51.776 0.0000000000
69165  47.041  0.800  53.121 0.0000000000
66919  47.360  -0.375  53.451 0.0000000000
66896  46.028  -0.803  54.948 0.0000000000
134644  47.263  -1.384  54.302 0.0000000000
65876  48.120  -1.864  53.471 0.0000000000
63738  48.362  -3.190  52.970 0.0000000000
61556  44.427  -5.336  57.430 0.0000000000
60474  44.474  -5.934  56.200 0.0000000000
56738  27.903  -9.699  73.189 0.0000000000
56719  27.579  -10.003  73.806 0.0000000000
57879  27.306  -9.410  73.595 0.0000000000
57888  28.163  -9.365  72.584 0.0000000000
119980  45.677  -1.604  49.636 0.0000000000
65907  46.108  -1.033  50.015 0.0000000000
65908  45.305  -1.145  50.265 0.0000000000
72236  51.788  4.273  40.517 0.0000000000
72237  50.959  3.889  40.458 0.0000000000
66980  52.453  -1.049  46.611 0.0000000000
65949  53.097  -1.493  46.272 0.0000000000
121407  53.366  -2.116  45.904 0.0000000000
62596  43.567  -4.683  59.036 0.0000000000
63661  43.117  -3.447  59.583 0.0000000000
63643  43.450  -3.770  59.046 0.0000000000
63660  43.726  -4.149  58.447 0.0000000000
63671  43.999  -3.675  57.817 0.0000000000
122171  30.544  -11.153  70.592 0.0000000000
118837  30.842  -11.659  69.997 0.0000000000
52081  30.842  -13.448  69.967 0.0000000000
66972  48.850  -0.647  48.406 0.0000000000
66970  50.557  0.008  48.169 0.0000000000
68121  50.279  0.082  48.916 0.0000000000
66924  49.609  -1.076  52.016 0.0000000000
64816  49.503  -2.726  52.394 0.0000000000
64808  49.084  -2.399  52.813 0.0000000000
55602  40.529  -10.837  64.826 0.0000000000
128147  40.638  -10.102  64.903 0.0000000000
55623  40.866  -10.603  64.256 0.0000000000
55553  35.642  -10.437  67.408 0.0000000000
57947  35.939  -9.783  67.065 0.0000000000
57946  36.268  -9.880  66.985 0.0000000000
122448  36.581  -9.806  66.936 0.0000000000
56792  36.374  -9.950  66.916 0.0000000000
56791  37.078  -10.213  66.905 0.0000000000
132991  36.951  -11.108  67.169 0.0000000000
73208  53.275  5.911  38.751 0.0000000000
74236  52.697  6.749  38.605 0.0000000000
73216  53.387  5.917  38.304 0.0000000000
63871  54.188  -3.815  42.806 0.0000000000
61493  40.930  -6.117  62.413 0.0000000000
62563  40.718  -5.619  61.922 0.0000000000
63686  40.809  -3.546  57.189 0.0000000000
63696  40.653  -4.020  56.262 0.0000000000
68041  43.844  0.191  55.278 0.0000000000
68042  43.098  0.166  55.212 0.0000000000
68055  43.685  0.495  54.669 0.0000000000
68069  43.464  0.362  53.851 0.0000000000
68054  44.441  0.646  54.803 0.0000000000
69156  44.928  0.937  54.482 0.0000000000
69145  45.023  0.604  54.703 0.0000000000
137364  45.572  -3.628  55.196 0.0000000000
132199  46.074  -3.230  54.854 0.0000000000
62642  45.918  -3.698  54.616 0.0000000000
62655  46.411  -3.871  54.033 0.0000000000
56748  29.266  -10.420  71.882 0.0000000000
56760  29.567  -9.998  71.082 0.0000000000
55523  29.848  -10.569  71.220 0.0000000000
139711  30.032  -11.030  71.397 0.0000000000
65936  46.807  -1.916  48.856 0.0000000000
64856  47.205  -2.299  48.259 0.0000000000
65935  47.591  -1.568  48.650 0.0000000000
66962  47.671  -0.752  49.292 0.0000000000
117939  47.283  0.381  50.687 0.0000000000
68084  47.805  0.528  51.283 0.0000000000
69174  47.849  0.386  52.060 0.0000000000
69184  47.686  0.733  51.936 0.0000000000
54323  31.863  -11.886  65.047 0.0000000000
54311  32.066  -11.168  65.278 0.0000000000
54322  32.146  -11.874  64.982 0.0000000000
52143  33.655  -13.537  65.133 0.0000000000
53186  33.583  -12.357  65.589 0.0000000000
52128  34.302  -13.076  66.041 0.0000000000
53175  35.215  -12.340  66.930 0.0000000000
52113  34.929  -13.161  66.666 0.0000000000
52112  35.858  -12.953  66.751 0.0000000000
73201  51.431  5.391  39.983 0.0000000000
73200  52.052  5.901  39.679 0.0000000000
72248  52.786  5.275  39.823 0.0000000000
72234  53.297  4.590  39.757 0.0000000000
130924  53.348  3.131  40.266 0.0000000000
71303  53.853  3.127  39.881 0.0000000000
69300  54.474  1.586  39.987 0.0000000000
70337  54.247  1.724  40.481 0.0000000000
65962  51.654  -1.201  44.973 0.0000000000
67036  52.222  -0.661  44.871 0.0000000000
124371  52.815  -0.248  45.093 0.0000000000
68174  52.783  -0.279  44.897 0.0000000000
68173  53.177  -0.295  44.213 0.0000000000
63836  53.637  -3.158  44.814 0.0000000000
63835  53.710  -4.014  44.189 0.0000000000
140605  53.574  -4.772  44.296 0.0000000000
62567  42.480  -4.707  60.607 0.0000000000
62568  42.078  -4.835  60.868 0.0000000000
63630  42.477  -4.132  60.525 0.0000000000
124146  42.664  -2.833  59.461 0.0000000000
64751  42.588  -3.354  59.985 0.0000000000
64765  42.369  -2.752  59.390 0.0000000000
64774  42.205  -2.487  58.909 0.0000000000
65837  42.567  -2.017  58.250 0.0000000000
65844  42.150  -1.555  57.515 0.0000000000
65834  43.324  -1.859  57.809 0.0000000000
66872  43.213  -1.344  57.655 0.0000000000
66871  43.429  -1.368  57.519 0.0000000000
66877  43.755  -1.115  57.037 0.0000000000
122138  44.060  -1.300  56.771 0.0000000000
63684  44.589  -3.317  56.726 0.0000000000
64777  44.898  -2.849  56.339 0.0000000000
136832  44.990  -3.679  56.200 0.0000000000
57934  30.312  -9.057  69.260 0.0000000000
59109  30.476  -8.535  68.936 0.0000000000
134474  30.646  -9.304  69.371 0.0000000000
137602  31.229  -10.487  68.535 0.0000000000
128524  31.320  -9.663  68.457 0.0000000000
56816  31.567  -9.418  67.590 0.0000000000
55568  31.294  -10.962  66.885 0.0000000000
64884  49.310  -2.454  46.376 0.0000000000
65957  50.124  -2.041  45.860 0.0000000000
122588  50.457  -1.367  46.228 0.0000000000
117794  51.251  -0.075  47.909 0.0000000000
66982  51.563  -0.312  46.977 0.0000000000
66981  51.823  -0.413  47.101 0.0000000000
66969  51.743  -0.610  47.954 0.0000000000
65921  51.545  -1.799  49.048 0.0000000000
64832  51.266  -2.251  49.568 0.0000000000
68093  49.517  -0.104  50.295 0.0000000000
68092  49.841  -0.128  50.154 0.0000000000
68082  49.713  -0.545  50.676 0.0000000000
65892  50.241  -2.133  51.322 0.0000000000
63745  50.468  -3.174  50.741 0.0000000000
62683  50.405  -3.856  50.475 0.0000000000
59158  39.766  -8.040  65.098 0.0000000000
59180  39.689  -7.779  64.658 0.0000000000
59157  40.019  -7.603  64.767 0.0000000000
57990  40.759  -8.570  64.201 0.0000000000
59179  40.204  -7.563  64.482 0.0000000000
59178  40.895  -8.137  63.887 0.0000000000
60390  40.865  -6.651  63.054 0.0000000000
54333  41.453  -10.885  62.985 0.0000000000
119571  42.526  -9.039  61.894 0.0000000000
58003  42.377  -8.882  62.416 0.0000000000
58018  42.324  -8.178  62.199 0.0000000000
59200  41.993  -7.477  62.638 0.0000000000
59226  42.349  -7.345  61.878 0.0000000000
60405  42.349  -6.556  61.338 0.0000000000
59252  42.516  -7.277  60.965 0.0000000000
58053  43.788  -8.160  59.610 0.0000000000
59251  43.196  -7.255  60.303 0.0000000000
59277  43.753  -7.441  59.693 0.0000000000
60421  44.153  -7.029  59.321 0.0000000000
60428  44.463  -6.787  58.949 0.0000000000
58071  44.207  -7.911  59.147 0.0000000000
56815  33.990  -9.693  66.427 0.0000000000
59144  33.618  -8.016  65.423 0.0000000000
57973  34.362  -8.744  65.763 0.0000000000
57972  37.439  -8.984  66.037 0.0000000000
133350  38.209  -8.952  65.747 0.0000000000
57981  38.595  -8.732  65.462 0.0000000000
55565  38.697  -10.816  67.232 0.0000000000
56829  38.933  -9.402  66.773 0.0000000000
55564  39.334  -10.811  66.831 0.0000000000
55583  40.064  -11.227  65.985 0.0000000000
54300  39.446  -11.624  66.056 0.0000000000
53173  37.325  -12.148  66.709 0.0000000000
52139  39.517  -12.434  64.933 0.0000000000
72269  53.381  4.580  37.535 0.0000000000
72277  53.405  5.305  37.425 0.0000000000
71341  52.400  3.309  37.260 0.0000000000
65978  51.017  -1.373  42.832 0.0000000000
65979  49.969  -1.315  42.465 0.0000000000
67070  50.727  -0.735  42.242 0.0000000000
69284  50.878  1.860  40.943 0.0000000000
70354  50.415  2.515  40.632 0.0000000000
124812  51.253  2.639  40.853 0.0000000000
70353  52.046  2.771  40.946 0.0000000000
69255  54.181  0.959  41.466 0.0000000000
68202  54.480  0.687  40.804 0.0000000000
132010  54.124  -0.397  43.516 0.0000000000
68182  54.115  0.450  42.740 0.0000000000
127407  54.332  -0.929  43.095 0.0000000000
65976  54.364  -1.548  42.672 0.0000000000
64929  53.803  -2.535  42.047 0.0000000000
63647  41.358  -4.056  60.521 0.0000000000
62580  40.739  -4.458  60.391 0.0000000000
122892  41.617  -1.367  55.747 0.0000000000
66921  41.913  -0.885  53.670 0.0000000000
134674  43.715  0.187  52.579 0.0000000000
66937  43.568  -0.546  51.552 0.0000000000
66950  43.943  -0.795  50.903 0.0000000000
120564  44.205  -0.329  51.399 0.0000000000
66936  44.767  0.305  51.656 0.0000000000
69166  46.428  0.851  53.509 0.0000000000
68067  46.568  0.491  53.537 0.0000000000
68066  47.139  0.369  53.201 0.0000000000
66884  45.404  -1.390  55.564 0.0000000000
65855  46.272  -1.604  55.126 0.0000000000
65854  47.068  -1.943  54.588 0.0000000000
65866  47.612  -1.972  54.041 0.0000000000
64800  47.957  -2.489  53.574 0.0000000000
137306  48.306  -2.827  53.233 0.0000000000
63717  47.879  -2.908  53.522 0.0000000000
60446  44.455  -6.333  57.990 0.0000000000
56749  28.570  -9.914  72.238 0.0000000000
56736  28.947  -10.355  72.589 0.0000000000
55504  29.465  -10.691  72.599 0.0000000000
55505  29.089  -10.566  73.254 0.0000000000
55498  28.782  -10.711  73.960 0.0000000000
64841  46.052  -2.070  49.034 0.0000000000
66963  46.845  -0.829  49.645 0.0000000000
66947  46.609  -0.260  50.251 0.0000000000
68096  46.406  0.390  50.837 0.0000000000
51034  31.948  -13.970  64.909 0.0000000000
52155  32.042  -12.791  64.782 0.0000000000
52144  32.486  -13.541  64.841 0.0000000000
51032  33.272  -14.517  64.833 0.0000000000
72235  52.647  4.503  40.207 0.0000000000
71305  52.503  3.534  40.499 0.0000000000
68152  51.797  -0.083  46.387 0.0000000000
67015  52.333  -0.269  45.506 0.0000000000
68165  52.610  -0.338  45.718 0.0000000000
67014  53.181  -0.452  45.342 0.0000000000
67013  53.623  -0.674  44.940 0.0000000000
65955  53.493  -1.152  45.486 0.0000000000
63644  42.914  -4.113  60.219 0.0000000000
64764  43.010  -2.743  59.278 0.0000000000
65826  42.891  -2.257  58.787 0.0000000000
65825  43.147  -2.282  58.542 0.0000000000
64773  43.485  -2.485  58.170 0.0000000000
65833  43.834  -2.077  57.494 0.0000000000
64772  43.916  -2.860  57.697 0.0000000000
130985  44.359  -3.881  57.255 0.0000000000
62624  44.400  -4.505  57.293 0.0000000000
56778  30.695  -9.734  69.670 0.0000000000
55532  30.740  -10.560  69.987 0.0000000000
54283  31.058  -11.012  69.161 0.0000000000
54293  31.199  -11.467  68.010 0.0000000000
65945  47.978  -2.115  47.854 0.0000000000
64873  49.311  -1.939  47.086 0.0000000000
65942  50.389  -0.848  46.868 0.0000000000
66984  50.063  -0.451  47.621 0.0000000000
68119  50.986  -0.047  48.504 0.0000000000
68118  51.206  -0.307  48.398 0.0000000000
68107  50.819  -0.208  49.018 0.0000000000
66959  50.658  -0.639  49.518 0.0000000000
68073  49.352  -0.582  51.410 0.0000000000
66934  49.803  -1.096  51.230 0.0000000000
127263  49.976  -2.256  51.971 0.0000000000
63736  49.531  -3.310  51.935 0.0000000000
63737  48.969  -3.289  52.554 0.0000000000
62674  48.554  -3.608  52.477 0.0000000000
56842  40.334  -9.444  65.351 0.0000000000
122222  40.102  -7.874  64.875 0.0000000000
57979  40.379  -8.531  64.798 0.0000000000
56852  40.686  -9.328  64.571 0.0000000000
56851  41.077  -9.312  63.971 0.0000000000
54332  41.995  -10.082  62.369 0.0000000000
58035  42.627  -8.722  61.073 0.0000000000
131267  42.872  -7.985  60.618 0.0000000000
56883  42.996  -8.975  60.531 0.0000000000
56900  43.552  -8.716  59.921 0.0000000000
56814  34.873  -9.787  67.044 0.0000000000
57959  35.026  -9.244  66.587 0.0000000000
56813  35.560  -9.731  67.109 0.0000000000
59141  36.093  -8.119  66.032 0.0000000000
140011  36.129  -8.721  66.521 0.0000000000
59127  36.613  -8.962  66.427 0.0000000000
57956  37.279  -9.548  66.530 0.0000000000
121044  38.154  -9.443  66.523 0.0000000000
56812  37.398  -9.833  66.755 0.0000000000
55549  37.793  -10.825  67.257 0.0000000000
54291  38.278  -11.577  67.094 0.0000000000
74243  53.297  6.753  38.038 0.0000000000
72268  53.580  5.195  38.090 0.0000000000
68227  54.384  1.111  39.736 0.0000000000
67069  51.607  -0.716  42.635 0.0000000000
68194  51.332  -0.129  41.966 0.0000000000
68205  50.868  0.589  41.613 0.0000000000
69269  52.096  1.375  41.475 0.0000000000
69256  53.473  0.898  41.761 0.0000000000
135812  54.254  -3.070  43.257 0.0000000000
61495  40.107  -6.550  63.101 0.0000000000
63674  41.163  -3.521  58.794 0.0000000000
127384  40.595  -4.295  58.808 0.0000000000
123898  40.725  -3.965  57.964 0.0000000000
62625  40.606  -4.404  57.129 0.0000000000
66897  42.681  -0.402  55.709 0.0000000000
66898  42.044  -0.778  55.313 0.0000000000
66910  42.481  -0.243  54.876 0.0000000000
66920  42.434  -0.389  54.096 0.0000000000
118403  42.487  -0.553  53.345 0.0000000000
66928  42.595  -0.664  52.556 0.0000000000
68079  43.122  0.039  53.028 0.0000000000
118997  43.913  0.558  53.188 0.0000000000
68078  44.335  0.556  52.484 0.0000000000
68077  45.199  0.918  52.438 0.0000000000
123069  44.779  0.936  53.249 0.0000000000
69167  45.825  0.906  53.840 0.0000000000
68052  46.129  0.153  53.979 0.0000000000
64791  46.347  -2.378  55.009 0.0000000000
63705  46.739  -2.806  54.505 0.0000000000
63718  47.344  -3.055  53.923 0.0000000000
63730  47.116  -3.537  53.728 0.0000000000
57922  29.977  -9.352  69.934 0.0000000000
57910  30.000  -9.849  70.360 0.0000000000
55522  30.280  -10.637  70.757 0.0000000000
54256  30.215  -11.336  71.199 0.0000000000
54264  30.298  -11.903  70.815 0.0000000000
53133  30.455  -12.786  71.259 0.0000000000
132936  30.216  -12.024  71.559 0.0000000000
53122  30.478  -12.454  72.110 0.0000000000
54242  29.893  -11.208  73.083 0.0000000000
65934  48.251  -1.355  48.252 0.0000000000
66960  49.445  -0.102  49.144 0.0000000000
68109  48.981  0.013  49.932 0.0000000000
68094  49.079  0.043  50.556 0.0000000000
68095  48.225  0.191  50.580 0.0000000000
69182  48.998  0.004  50.979 0.0000000000
69173  48.465  0.034  51.503 0.0000000000
68074  48.699  -0.184  51.671 0.0000000000
66926  48.442  -0.397  52.351 0.0000000000
54321  40.556  -11.350  64.276 0.0000000000
56832  32.397  -9.361  66.204 0.0000000000
56843  32.665  -9.796  65.969 0.0000000000
55604  33.026  -10.278  65.818 0.0000000000
55584  33.776  -10.227  66.428 0.0000000000
53206  32.560  -12.488  64.952 0.0000000000
54303  33.475  -11.095  65.981 0.0000000000
54292  34.435  -10.835  66.938 0.0000000000
127194  34.822  -11.642  66.974 0.0000000000
53163  35.382  -11.591  67.094 0.0000000000
54280  36.604  -11.546  66.965 0.0000000000
53161  37.218  -12.401  67.125 0.0000000000
52095  36.826  -12.345  66.750 0.0000000000
52111  36.632  -12.907  66.554 0.0000000000
51006  36.613  -13.537  66.144 0.0000000000
73199  52.785  5.951  39.216 0.0000000000
125719  53.907  3.831  38.958 0.0000000000
139239  53.837  4.492  39.050 0.0000000000
71316  54.046  2.993  39.483 0.0000000000
70366  54.253  2.223  39.679 0.0000000000
129039  54.518  0.895  40.170 0.0000000000
67107  54.475  0.252  40.478 0.0000000000
65970  51.188  -1.777  43.637 0.0000000000
67053  52.414  -0.744  43.950 0.0000000000
67052  52.889  -0.275  43.460 0.0000000000
68183  53.552  0.114  43.180 0.0000000000
65968  54.140  -1.109  43.939 0.0000000000
65961  53.878  -1.159  44.732 0.0000000000
64906  54.049  -3.013  43.950 0.0000000000
62562  41.706  -5.403  61.454 0.0000000000
118466  40.833  -4.916  61.456 0.0000000000
62569  41.661  -4.948  61.267 0.0000000000
63632  41.634  -4.434  60.942 0.0000000000
129548  41.677  -3.463  60.160 0.0000000000
63645  42.648  -3.652  60.233 0.0000000000
64752  42.169  -3.138  59.881 0.0000000000
63673  41.657  -2.891  58.677 0.0000000000
64780  41.221  -2.846  57.323 0.0000000000
64785  41.496  -2.172  57.027 0.0000000000
65850  41.798  -1.349  56.688 0.0000000000
65843  42.449  -0.793  57.132 0.0000000000
66879  43.109  -0.707  57.290 0.0000000000
66888  42.869  -0.417  56.671 0.0000000000
66887  43.436  -0.472  56.800 0.0000000000
68030  43.899  -0.426  55.972 0.0000000000
68029  44.230  -0.624  55.913 0.0000000000
119551  44.677  -0.502  55.510 0.0000000000
66886  44.293  -0.976  56.263 0.0000000000
66885  44.604  -1.328  56.178 0.0000000000
65849  44.940  -1.761  56.139 0.0000000000
64784  44.946  -2.273  56.273 0.0000000000
64783  45.452  -2.745  55.705 0.0000000000
125065  45.464  -3.322  55.572 0.0000000000
57960  31.641  -7.969  66.636 0.0000000000
56795  31.034  -9.232  69.068 0.0000000000
57961  31.544  -8.490  67.364 0.0000000000
56833  31.922  -9.405  66.700 0.0000000000
56845  31.752  -10.196  66.197 0.0000000000
55585  31.498  -10.733  66.088 0.0000000000
53197  31.566  -12.223  65.358 0.0000000000
53176  31.201  -12.524  67.273 0.0000000000
125258  31.368  -12.397  66.298 0.0000000000
53187  31.462  -12.981  65.652 0.0000000000
65956  50.996  -1.512  45.520 0.0000000000
66995  51.689  -0.348  46.299 0.0000000000
141100  51.088  -0.462  46.774 0.0000000000
68151  52.131  -0.328  46.311 0.0000000000
65941  52.674  -1.781  46.997 0.0000000000
64854  52.273  -1.994  47.742 0.0000000000
64855  52.151  -2.713  47.882 0.0000000000
120964  51.908  -2.285  48.439 0.0000000000
119689  50.007  0.001  49.741 0.0000000000
139403  50.440  -0.467  49.890 0.0000000000
66945  50.477  -1.008  50.207 0.0000000000
66933  50.078  -0.910  50.603 0.0000000000
65891  50.547  -1.859  50.525 0.0000000000
64833  50.873  -2.351  50.092 0.0000000000
128304  50.763  -2.888  50.258 0.0000000000
59202  39.369  -7.688  64.100 0.0000000000
59201  39.928  -7.199  63.950 0.0000000000
60367  40.072  -7.328  64.296 0.0000000000
121653  39.907  -6.827  63.770 0.0000000000
60391  40.369  -6.565  63.056 0.0000000000
61492  41.352  -6.147  62.248 0.0000000000
124166  41.142  -10.756  63.758 0.0000000000
55622  41.195  -10.025  63.824 0.0000000000
56862  41.649  -9.411  63.392 0.0000000000
56861  42.163  -9.388  62.678 0.0000000000
129354  42.129  -8.959  63.051 0.0000000000
59177  41.588  -7.905  63.314 0.0000000000
60389  41.568  -6.699  62.548 0.0000000000
118944  41.799  -6.243  61.953 0.0000000000
61499  42.167  -5.934  61.443 0.0000000000
61507  42.436  -5.379  60.735 0.0000000000
60415  42.745  -6.509  60.545 0.0000000000
61506  42.947  -5.706  60.324 0.0000000000
61514  43.467  -5.388  59.605 0.0000000000
61525  43.869  -5.523  58.875 0.0000000000
128097  44.103  -5.410  58.351 0.0000000000
61524  44.266  -6.148  58.713 0.0000000000
60436  44.452  -6.580  58.642 0.0000000000
127810  44.527  -7.103  58.454 0.0000000000
56914  44.105  -8.489  58.976 0.0000000000
56930  44.213  -8.490  58.196 0.0000000000
60318  33.092  -7.237  65.472 0.0000000000
59143  34.676  -8.106  65.463 0.0000000000
135382  39.208  -8.112  65.019 0.0000000000
59139  39.468  -8.327  65.633 0.0000000000
57970  39.009  -8.685  66.226 0.0000000000
121244  39.667  -9.090  66.155 0.0000000000
56828  40.144  -10.204  66.150 0.0000000000
55603  40.176  -11.268  65.389 0.0000000000
54308  40.094  -11.519  64.981 0.0000000000
53160  37.274  -12.259  67.168 0.0000000000
53172  37.875  -12.058  66.747 0.0000000000
53171  38.408  -12.160  66.409 0.0000000000
52108  38.279  -12.349  66.214 0.0000000000
54301  38.891  -11.909  66.272 0.0000000000
53183  39.295  -11.930  65.714 0.0000000000
57890  27.154  -8.812  73.382 0.0000000000
72278  52.989  4.982  36.772 0.0000000000
70352  52.924  2.605  40.628 0.0000000000
70338  53.451  1.891  40.815 0.0000000000
69266  54.307  1.202  40.826 0.0000000000
136446  54.485  -0.304  40.799 0.0000000000
126159  54.474  -0.740  42.258 0.0000000000
67068  54.593  -0.110  41.795 0.0000000000
124647  54.418  -0.621  41.431 0.0000000000
64930  53.446  -2.514  41.652 0.0000000000
65925  44.035  -1.718  49.821 0.0000000000
62570  40.975  -4.606  61.127 0.0000000000
61516  40.280  -4.936  60.208 0.0000000000
66938  42.824  -0.772  51.732 0.0000000000
65910  43.566  -1.311  50.394 0.0000000000
65909  44.426  -1.213  50.362 0.0000000000
66935  45.564  0.319  51.122 0.0000000000
120648  46.286  0.902  51.570 0.0000000000
69186  46.141  1.101  52.400 0.0000000000
69185  46.939  1.046  52.184 0.0000000000
68076  47.471  0.501  52.618 0.0000000000
68065  47.700  -0.128  52.741 0.0000000000
66918  48.177  -0.932  53.076 0.0000000000
68039  45.124  0.019  54.892 0.0000000000
68038  45.741  -0.173  54.553 0.0000000000
66909  46.423  -0.379  54.304 0.0000000000
66895  46.758  -1.083  54.617 0.0000000000
66908  47.053  -0.671  54.125 0.0000000000
66907  47.593  -1.213  53.788 0.0000000000
65875  48.812  -1.784  52.939 0.0000000000
64809  48.531  -2.449  53.174 0.0000000000
63729  47.748  -3.296  53.344 0.0000000000
62663  48.050  -3.599  52.777 0.0000000000
138175  44.259  -5.154  57.866 0.0000000000
60458  44.578  -6.119  57.119 0.0000000000
61566  44.569  -5.170  56.543 0.0000000000
62633  44.818  -4.473  55.970 0.0000000000
52145  31.765  -13.148  64.943 0.0000000000
53184  38.716  -12.098  65.978 0.0000000000
53185  34.550  -12.407  66.516 0.0000000000
53207  32.007  -12.288  64.810 0.0000000000
54279  37.068  -11.675  66.933 0.0000000000
54281  35.851  -11.182  67.190 0.0000000000
54282  35.117  -10.943  67.443 0.0000000000
54289  39.554  -11.300  66.380 0.0000000000
54312  31.681  -11.305  65.517 0.0000000000
55550  37.096  -10.860  67.168 0.0000000000
55551  36.648  -10.519  67.049 0.0000000000
55552  36.146  -10.275  67.150 0.0000000000
55563  39.776  -10.780  66.432 0.0000000000
55566  34.966  -10.285  67.559 0.0000000000
55605  32.280  -10.399  65.654 0.0000000000
56793  35.937  -9.923  67.173 0.0000000000
56830  34.140  -9.365  66.055 0.0000000000
56844  32.034  -9.913  65.991 0.0000000000
57948  30.875  -8.592  68.865 0.0000000000
57969  39.710  -8.519  66.069 0.0000000000
57971  38.230  -9.091  66.082 0.0000000000
57974  33.232  -8.764  65.534 0.0000000000
57980  40.049  -8.420  65.291 0.0000000000
58017  42.507  -8.694  61.839 0.0000000000
58034  43.281  -8.477  60.271 0.0000000000
58092  44.393  -7.849  58.675 0.0000000000
59118  30.231  -8.218  68.884 0.0000000000
59276  44.088  -7.670  59.313 0.0000000000
59295  44.362  -7.424  59.099 0.0000000000
59318  44.456  -7.770  57.851 0.0000000000
60366  40.397  -7.319  63.804 0.0000000000
60459  44.510  -6.901  56.611 0.0000000000
61500  42.015  -6.025  61.729 0.0000000000
61555  44.637  -4.349  56.575 0.0000000000
62558  41.158  -5.600  61.863 0.0000000000
62581  40.367  -4.964  60.920 0.0000000000
63631  42.076  -4.288  60.756 0.0000000000
63746  50.016  -3.508  51.204 0.0000000000
64741  42.440  -3.671  60.400 0.0000000000
65836  42.938  -1.913  58.240 0.0000000000
66973  48.193  -0.994  48.802 0.0000000000
68056  42.944  0.137  54.418 0.0000000000
69154  46.015  0.601  53.911 0.0000000000
69155  45.464  0.821  54.283 0.0000000000
69168  45.223  1.052  53.959 0.0000000000
69175  47.400  0.857  52.591 0.0000000000
69176  46.758  1.081  52.955 0.0000000000
118418  38.513  -11.857  66.757 0.0000000000
118561  50.304  -0.157  49.615 0.0000000000
123645  44.285  -3.283  57.265 0.0000000000
127131  31.404  -11.524  66.109 0.0000000000
128129  50.157  -1.504  50.943 0.0000000000
129098  33.327  -9.768  66.053 0.0000000000
129885  32.670  -10.855  65.504 0.0000000000
131439  38.989  -10.121  67.100 0.0000000000
131556  36.203  -10.782  67.171 0.0000000000
132691  44.572  -7.051  58.886 0.0000000000
137014  49.367  -0.705  47.814 0.0000000000
137885  52.292  -0.632  43.148 0.0000000000
139516  35.815  -10.156  67.318 0.0000000000
139978  42.408  -9.162  62.235 0.0000000000
142164  52.034  -0.642  47.082 0.0000000000
