#!ascii label  , from subject sub_0001 vox2ras=TkReg
1658
125254  11.457  -14.702  74.603 0.0000000000
66029  42.922  -2.002  37.950 0.0000000000
59260  28.748  -7.741  61.102 0.0000000000
56863  38.433  -9.503  63.656 0.0000000000
55646  22.293  -10.571  63.694 0.0000000000
57895  18.072  -9.602  74.241 0.0000000000
75302  48.388  7.786  29.835 0.0000000000
71318  50.366  4.173  39.880 0.0000000000
61647  37.178  -5.711  50.574 0.0000000000
79101  51.188  10.627  21.155 0.0000000000
57950  28.814  -8.934  67.928 0.0000000000
54237  13.697  -11.274  74.546 0.0000000000
75249  48.179  7.631  35.377 0.0000000000
71379  44.888  4.029  33.647 0.0000000000
126545  45.145  -3.908  44.579 0.0000000000
125638  49.626  -2.655  43.659 0.0000000000
120412  39.815  -4.621  44.207 0.0000000000
55736  34.666  -10.972  57.241 0.0000000000
56888  33.511  -9.150  61.662 0.0000000000
56781  25.392  -9.623  69.435 0.0000000000
119702  23.568  -7.797  73.728 0.0000000000
119321  20.362  -9.852  68.582 0.0000000000
54272  15.964  -12.085  69.609 0.0000000000
55659  26.289  -11.168  62.478 0.0000000000
78128  52.360  10.585  30.827 0.0000000000
78067  52.102  10.765  37.762 0.0000000000
68231  46.589  0.866  39.257 0.0000000000
64834  39.561  -1.936  50.345 0.0000000000
58130  39.328  -7.963  56.871 0.0000000000
76317  49.810  8.281  25.529 0.0000000000
122768  55.047  10.058  26.214 0.0000000000
78200  56.372  11.148  22.972 0.0000000000
118578  28.998  -7.894  71.060 0.0000000000
53118  11.973  -12.994  73.976 0.0000000000
55475  12.952  -11.137  77.569 0.0000000000
53069  11.987  -13.029  78.137 0.0000000000
73280  43.831  6.038  32.306 0.0000000000
63792  45.021  -3.843  46.930 0.0000000000
123550  47.866  -2.819  47.181 0.0000000000
46942  8.703  -19.170  78.597 0.0000000000
62814  39.159  -4.319  41.585 0.0000000000
120425  29.833  -8.141  58.003 0.0000000000
56934  30.524  -10.064  59.001 0.0000000000
59281  31.314  -7.831  60.950 0.0000000000
55591  23.369  -9.976  66.404 0.0000000000
139743  22.586  -9.493  69.056 0.0000000000
55593  21.121  -10.054  66.140 0.0000000000
55644  24.279  -10.860  63.705 0.0000000000
55610  25.594  -10.734  65.772 0.0000000000
123478  20.773  -8.121  74.565 0.0000000000
77218  50.867  9.237  31.303 0.0000000000
78994  52.063  11.659  33.804 0.0000000000
76228  49.704  9.221  33.524 0.0000000000
73219  49.959  5.457  36.974 0.0000000000
74245  51.413  7.079  38.074 0.0000000000
67162  42.140  -0.048  35.796 0.0000000000
135053  43.730  1.211  36.081 0.0000000000
67142  44.557  -0.479  38.387 0.0000000000
62713  36.546  -4.333  48.610 0.0000000000
63780  37.805  -3.111  48.289 0.0000000000
63758  37.766  -2.901  50.990 0.0000000000
137199  37.310  -11.462  60.728 0.0000000000
56947  36.908  -9.976  57.430 0.0000000000
58074  39.082  -9.289  60.127 0.0000000000
76292  46.407  8.270  27.176 0.0000000000
76328  47.683  8.604  25.205 0.0000000000
117829  48.937  8.197  28.161 0.0000000000
76272  52.030  8.744  28.150 0.0000000000
79114  54.862  11.599  20.628 0.0000000000
79083  54.218  10.934  21.876 0.0000000000
78176  55.996  11.142  24.313 0.0000000000
77286  52.901  9.551  23.464 0.0000000000
56866  29.148  -9.306  63.808 0.0000000000
60397  31.062  -6.864  63.680 0.0000000000
59147  31.019  -7.459  67.037 0.0000000000
56743  15.892  -9.951  74.098 0.0000000000
59045  16.855  -7.876  76.966 0.0000000000
56715  14.612  -9.256  77.141 0.0000000000
132528  46.174  6.795  29.920 0.0000000000
75277  48.105  7.905  32.601 0.0000000000
136851  45.563  7.299  32.230 0.0000000000
73248  46.406  5.892  34.366 0.0000000000
71350  48.172  3.935  37.087 0.0000000000
64934  43.780  -2.772  41.319 0.0000000000
65996  45.637  -1.644  41.364 0.0000000000
63855  46.929  -3.054  43.868 0.0000000000
59439  35.976  -7.355  50.827 0.0000000000
60407  39.820  -6.544  62.550 0.0000000000
48930  10.205  -16.642  75.325 0.0000000000
49944  11.186  -15.886  78.393 0.0000000000
47930  10.522  -17.747  78.368 0.0000000000
64966  40.896  -2.830  38.422 0.0000000000
63894  41.632  -3.581  41.455 0.0000000000
62782  42.062  -4.392  44.111 0.0000000000
132461  42.986  -3.700  47.692 0.0000000000
54418  31.475  -12.103  57.318 0.0000000000
54372  33.873  -11.453  60.349 0.0000000000
58020  36.037  -9.238  63.230 0.0000000000
120737  33.324  -6.516  63.927 0.0000000000
60341  35.512  -7.991  64.770 0.0000000000
59096  27.207  -8.121  72.056 0.0000000000
117923  26.024  -7.918  74.442 0.0000000000
137032  24.366  -8.649  71.311 0.0000000000
57903  21.982  -8.920  71.935 0.0000000000
56763  19.888  -10.158  71.720 0.0000000000
55596  18.745  -10.612  66.646 0.0000000000
55557  17.752  -10.818  68.771 0.0000000000
55515  17.321  -10.763  72.301 0.0000000000
54258  14.808  -11.901  71.762 0.0000000000
53139  12.759  -13.133  71.842 0.0000000000
52052  11.519  -14.083  72.412 0.0000000000
59311  27.817  -7.260  58.231 0.0000000000
141163  25.904  -9.288  58.553 0.0000000000
56890  27.772  -9.492  61.366 0.0000000000
55607  28.277  -10.934  65.304 0.0000000000
56796  27.630  -9.640  68.786 0.0000000000
77178  54.221  10.406  36.456 0.0000000000
76202  49.564  9.451  36.416 0.0000000000
70430  43.382  2.632  33.415 0.0000000000
122520  45.637  2.549  36.788 0.0000000000
70369  48.237  2.680  39.400 0.0000000000
140599  47.895  -0.679  41.477 0.0000000000
69272  49.522  0.976  41.015 0.0000000000
62769  37.108  -4.888  44.652 0.0000000000
62723  39.904  -4.486  47.391 0.0000000000
65927  42.252  -1.937  49.929 0.0000000000
126218  36.587  -8.391  54.212 0.0000000000
59380  38.144  -6.935  53.773 0.0000000000
60429  39.768  -6.032  59.890 0.0000000000
61567  40.516  -5.615  56.587 0.0000000000
138857  38.997  -4.805  53.433 0.0000000000
65879  40.002  -2.245  53.211 0.0000000000
66929  41.809  -1.054  52.826 0.0000000000
77287  51.236  9.323  23.135 0.0000000000
76303  52.965  8.441  26.160 0.0000000000
78144  53.958  10.857  28.637 0.0000000000
57898  28.904  -9.846  71.664 0.0000000000
52029  11.678  -13.908  74.326 0.0000000000
53093  11.989  -13.220  76.057 0.0000000000
52011  11.755  -14.092  76.524 0.0000000000
64859  44.737  -2.836  48.196 0.0000000000
64857  46.471  -2.475  48.410 0.0000000000
47933  7.619  -17.912  77.868 0.0000000000
58077  29.641  -7.439  59.410 0.0000000000
58076  30.594  -8.064  59.148 0.0000000000
130468  30.488  -7.647  60.816 0.0000000000
55613  22.998  -10.388  65.148 0.0000000000
124853  22.664  -9.840  66.478 0.0000000000
55614  21.575  -10.244  65.402 0.0000000000
54360  23.353  -11.358  61.500 0.0000000000
135491  22.960  -10.622  63.638 0.0000000000
135177  23.559  -10.524  64.751 0.0000000000
57882  19.494  -8.937  74.309 0.0000000000
59057  18.747  -8.235  75.455 0.0000000000
123483  49.479  8.259  30.938 0.0000000000
125878  50.706  9.344  32.109 0.0000000000
76254  49.675  8.389  31.774 0.0000000000
120063  49.617  4.600  38.263 0.0000000000
130842  50.832  5.725  38.464 0.0000000000
66044  42.155  -1.126  36.811 0.0000000000
67149  43.571  -0.441  37.414 0.0000000000
66027  44.295  -1.261  38.687 0.0000000000
60557  36.394  -6.142  49.865 0.0000000000
62706  36.637  -4.881  49.383 0.0000000000
63760  37.002  -3.977  49.453 0.0000000000
62691  37.777  -4.694  51.282 0.0000000000
55654  38.293  -10.333  62.473 0.0000000000
127856  38.877  -10.099  60.180 0.0000000000
58036  38.932  -8.985  62.107 0.0000000000
75314  47.623  8.069  28.920 0.0000000000
119992  48.008  7.914  27.285 0.0000000000
75313  48.515  8.113  28.982 0.0000000000
117716  50.017  8.442  29.342 0.0000000000
79100  52.990  10.745  20.511 0.0000000000
78215  52.706  10.495  21.328 0.0000000000
78201  53.917  10.539  22.490 0.0000000000
117827  52.312  10.053  21.918 0.0000000000
56846  29.196  -9.450  65.433 0.0000000000
59184  29.923  -7.869  65.202 0.0000000000
59132  30.037  -7.896  68.088 0.0000000000
55508  14.618  -10.866  73.821 0.0000000000
56723  14.848  -9.447  76.088 0.0000000000
55494  14.297  -10.207  75.650 0.0000000000
54194  12.749  -11.649  79.187 0.0000000000
55456  13.161  -10.833  79.518 0.0000000000
74338  45.287  6.628  29.873 0.0000000000
74311  46.041  6.996  31.393 0.0000000000
131756  44.817  6.618  30.516 0.0000000000
73268  44.214  5.576  32.883 0.0000000000
73267  44.717  6.176  33.160 0.0000000000
72296  45.916  4.480  34.154 0.0000000000
136657  47.463  4.442  35.375 0.0000000000
71368  46.200  3.952  34.686 0.0000000000
63891  44.045  -2.948  42.281 0.0000000000
64921  45.538  -2.538  42.479 0.0000000000
63856  45.680  -3.610  43.974 0.0000000000
75316  45.290  7.555  28.499 0.0000000000
48925  10.514  -16.836  76.184 0.0000000000
47941  9.584  -17.398  76.369 0.0000000000
138621  39.676  -3.142  38.219 0.0000000000
63922  41.088  -3.277  39.809 0.0000000000
63924  39.420  -3.580  39.335 0.0000000000
132662  39.241  -4.458  42.568 0.0000000000
62797  41.042  -4.128  42.978 0.0000000000
62766  41.344  -4.643  44.613 0.0000000000
122495  42.239  -4.678  45.904 0.0000000000
62748  41.288  -4.750  45.577 0.0000000000
55755  30.129  -11.098  56.568 0.0000000000
56903  32.055  -9.781  60.866 0.0000000000
56917  32.009  -10.762  60.235 0.0000000000
131127  34.044  -10.197  61.455 0.0000000000
55678  34.856  -10.901  61.382 0.0000000000
56874  35.208  -9.205  62.513 0.0000000000
60346  31.977  -6.563  65.513 0.0000000000
60396  31.864  -6.607  63.643 0.0000000000
60318  33.092  -7.237  65.472 0.0000000000
59129  35.213  -8.615  66.200 0.0000000000
59140  36.602  -8.468  65.913 0.0000000000
57938  26.197  -9.348  70.109 0.0000000000
57913  25.833  -8.484  71.623 0.0000000000
57927  24.753  -8.882  70.729 0.0000000000
134259  21.611  -9.614  69.185 0.0000000000
56771  22.477  -9.395  70.246 0.0000000000
56773  21.015  -9.789  70.624 0.0000000000
56762  20.705  -9.845  71.587 0.0000000000
56775  19.656  -10.256  70.369 0.0000000000
55634  19.037  -10.624  64.817 0.0000000000
122360  16.652  -11.886  67.722 0.0000000000
54294  17.333  -11.417  67.359 0.0000000000
55558  17.174  -11.243  69.185 0.0000000000
55534  17.587  -10.789  70.511 0.0000000000
54265  16.534  -11.653  70.341 0.0000000000
55527  16.027  -11.167  71.982 0.0000000000
54266  15.787  -11.934  70.606 0.0000000000
52051  12.119  -13.562  72.138 0.0000000000
59335  28.118  -7.357  57.036 0.0000000000
59323  26.737  -7.283  57.124 0.0000000000
54358  25.532  -11.328  61.362 0.0000000000
139899  26.241  -10.666  60.312 0.0000000000
58061  27.014  -9.209  60.361 0.0000000000
140715  27.064  -10.707  61.381 0.0000000000
55640  28.384  -10.479  63.433 0.0000000000
119297  27.001  -11.011  63.020 0.0000000000
56820  25.318  -10.051  67.929 0.0000000000
55570  26.808  -10.689  67.159 0.0000000000
56780  26.234  -9.732  69.315 0.0000000000
117596  27.224  -8.877  70.289 0.0000000000
137258  24.504  -7.671  73.845 0.0000000000
48905  11.044  -16.211  80.317 0.0000000000
50901  11.419  -14.984  79.801 0.0000000000
79000  53.925  12.465  32.671 0.0000000000
78978  51.849  12.196  35.715 0.0000000000
78976  53.737  12.283  36.343 0.0000000000
78970  53.701  11.454  37.268 0.0000000000
77167  53.448  9.727  37.787 0.0000000000
76211  47.560  7.720  34.859 0.0000000000
76230  48.278  8.785  34.430 0.0000000000
129364  48.602  8.292  35.733 0.0000000000
75229  52.028  7.762  37.923 0.0000000000
69328  45.087  1.339  37.420 0.0000000000
70397  44.955  2.422  36.371 0.0000000000
69326  46.412  1.908  38.179 0.0000000000
70390  46.838  2.639  37.878 0.0000000000
135709  47.860  1.862  39.544 0.0000000000
65982  47.155  -1.843  42.340 0.0000000000
67090  46.830  -0.986  41.195 0.0000000000
65980  48.960  -1.527  42.347 0.0000000000
62754  35.943  -4.302  45.133 0.0000000000
64864  38.132  -2.644  48.776 0.0000000000
63798  38.941  -3.991  47.623 0.0000000000
128093  40.054  -2.673  49.189 0.0000000000
64862  41.334  -2.906  48.868 0.0000000000
65928  41.171  -1.923  50.063 0.0000000000
55752  33.673  -11.084  55.883 0.0000000000
55751  34.442  -10.820  56.273 0.0000000000
58113  38.050  -8.919  56.916 0.0000000000
56964  36.897  -9.040  56.314 0.0000000000
117773  37.587  -8.191  55.380 0.0000000000
59361  37.680  -7.487  54.121 0.0000000000
59345  38.557  -7.687  55.309 0.0000000000
60416  39.825  -6.138  61.801 0.0000000000
63696  40.653  -4.020  56.262 0.0000000000
61591  40.277  -4.971  55.052 0.0000000000
62657  39.936  -4.325  54.599 0.0000000000
63731  39.166  -3.625  53.496 0.0000000000
138492  40.357  -2.970  55.126 0.0000000000
140836  49.000  8.233  25.341 0.0000000000
77277  50.507  9.051  23.674 0.0000000000
77276  51.195  8.744  24.049 0.0000000000
76324  51.117  8.447  25.145 0.0000000000
77232  52.319  10.069  29.340 0.0000000000
77241  52.524  9.609  28.590 0.0000000000
141867  52.947  10.869  29.368 0.0000000000
79024  54.174  11.972  29.586 0.0000000000
126175  55.992  11.479  22.053 0.0000000000
78169  55.861  10.851  25.697 0.0000000000
78161  56.256  11.243  26.407 0.0000000000
78152  55.970  11.335  27.283 0.0000000000
140088  28.958  -8.279  69.080 0.0000000000
59119  29.881  -8.188  68.950 0.0000000000
59100  29.622  -9.030  70.160 0.0000000000
54238  12.965  -11.760  74.623 0.0000000000
55487  13.241  -11.258  76.000 0.0000000000
127175  12.769  -11.888  76.254 0.0000000000
53068  12.372  -12.451  77.623 0.0000000000
53063  12.083  -12.953  79.139 0.0000000000
73281  43.248  5.983  31.820 0.0000000000
72313  43.944  4.629  32.827 0.0000000000
63828  44.678  -4.203  45.224 0.0000000000
63826  46.406  -3.914  45.666 0.0000000000
63791  45.993  -3.645  47.111 0.0000000000
64856  47.205  -2.299  48.259 0.0000000000
47937  8.460  -17.776  76.790 0.0000000000
47932  8.259  -18.178  77.354 0.0000000000
129514  7.898  -18.676  78.153 0.0000000000
63912  38.805  -4.011  39.883 0.0000000000
62799  38.263  -4.689  42.994 0.0000000000
55739  30.012  -10.567  57.584 0.0000000000
56919  30.849  -8.954  58.895 0.0000000000
56904  31.240  -9.111  60.472 0.0000000000
137013  32.506  -8.248  61.317 0.0000000000
56821  24.393  -9.793  67.871 0.0000000000
56800  24.013  -9.558  68.590 0.0000000000
56836  23.048  -9.672  67.081 0.0000000000
56823  21.743  -9.682  67.720 0.0000000000
56803  20.787  -9.842  67.599 0.0000000000
53155  15.159  -12.724  69.126 0.0000000000
52122  14.551  -13.247  67.653 0.0000000000
54359  24.199  -11.418  61.341 0.0000000000
55660  25.433  -11.232  62.719 0.0000000000
55627  25.838  -10.911  64.332 0.0000000000
55628  24.828  -10.765  64.330 0.0000000000
55611  24.709  -10.506  65.717 0.0000000000
117919  22.163  -7.937  74.071 0.0000000000
77226  51.597  9.755  30.859 0.0000000000
78102  52.293  11.138  32.416 0.0000000000
78103  51.623  10.370  32.485 0.0000000000
78084  50.873  10.890  34.604 0.0000000000
78079  50.319  11.220  35.766 0.0000000000
73239  49.048  6.200  35.519 0.0000000000
74256  49.890  7.455  36.268 0.0000000000
73218  50.781  6.129  37.626 0.0000000000
73209  51.905  6.645  39.209 0.0000000000
69357  42.474  1.841  34.585 0.0000000000
68264  42.880  0.204  36.087 0.0000000000
68254  44.486  0.816  37.453 0.0000000000
68232  45.949  0.313  38.976 0.0000000000
65971  50.412  -1.988  43.116 0.0000000000
63802  35.832  -4.209  47.065 0.0000000000
63817  36.467  -4.132  46.601 0.0000000000
63782  36.836  -3.854  48.049 0.0000000000
64849  37.591  -2.656  49.418 0.0000000000
64835  38.658  -2.198  50.558 0.0000000000
55705  35.840  -11.451  59.142 0.0000000000
55734  36.072  -10.603  57.702 0.0000000000
55717  37.273  -10.942  58.617 0.0000000000
56932  38.321  -9.944  58.333 0.0000000000
58093  39.424  -8.623  58.629 0.0000000000
76309  46.238  8.536  26.371 0.0000000000
77265  46.295  9.084  24.977 0.0000000000
76308  46.928  8.310  26.565 0.0000000000
76307  48.177  7.928  26.479 0.0000000000
76306  49.904  8.009  26.585 0.0000000000
76305  50.669  7.896  26.968 0.0000000000
76288  50.545  8.131  27.855 0.0000000000
76266  50.857  8.787  29.120 0.0000000000
79115  54.149  11.057  20.569 0.0000000000
79098  54.576  11.340  21.303 0.0000000000
79081  55.513  11.533  22.394 0.0000000000
79066  56.322  11.059  23.671 0.0000000000
78186  55.320  10.876  23.607 0.0000000000
78178  54.573  10.314  23.863 0.0000000000
77273  54.561  9.871  24.754 0.0000000000
58023  29.219  -8.248  62.683 0.0000000000
134302  29.841  -7.675  62.361 0.0000000000
59207  29.831  -8.058  64.222 0.0000000000
59162  30.601  -7.153  65.553 0.0000000000
59146  31.622  -7.369  66.528 0.0000000000
56729  17.255  -9.599  74.348 0.0000000000
57872  17.434  -8.564  75.482 0.0000000000
57874  16.159  -8.957  75.520 0.0000000000
57853  15.615  -8.393  77.509 0.0000000000
136876  13.745  -10.264  76.996 0.0000000000
56687  14.221  -9.677  79.469 0.0000000000
74337  46.983  7.146  29.946 0.0000000000
130442  48.474  7.622  31.847 0.0000000000
74310  46.999  7.082  31.374 0.0000000000
74292  46.825  7.525  32.266 0.0000000000
74285  46.461  7.204  34.236 0.0000000000
74295  44.346  6.561  32.376 0.0000000000
74287  45.191  6.599  33.477 0.0000000000
73247  46.947  6.464  34.668 0.0000000000
73231  48.928  5.398  35.687 0.0000000000
139606  48.872  4.480  37.051 0.0000000000
71329  49.008  4.035  38.715 0.0000000000
64955  43.402  -2.513  39.545 0.0000000000
66009  44.789  -1.814  40.204 0.0000000000
64933  45.207  -2.195  41.709 0.0000000000
64920  46.351  -2.088  42.483 0.0000000000
124395  48.294  -2.787  43.304 0.0000000000
63825  47.474  -3.541  45.257 0.0000000000
64894  48.789  -2.968  45.635 0.0000000000
64899  49.765  -2.846  44.503 0.0000000000
60530  36.674  -6.828  50.852 0.0000000000
59228  39.223  -7.895  63.383 0.0000000000
76310  45.378  8.696  26.157 0.0000000000
75326  45.745  8.043  27.727 0.0000000000
75315  46.316  7.776  28.588 0.0000000000
124269  50.169  12.248  19.644 0.0000000000
121938  50.035  11.896  20.447 0.0000000000
119812  10.699  -15.806  74.455 0.0000000000
131240  11.536  -14.932  76.487 0.0000000000
49957  10.994  -16.265  76.529 0.0000000000
48914  10.903  -16.892  78.060 0.0000000000
47923  10.479  -17.607  79.527 0.0000000000
124936  9.923  -18.216  77.800 0.0000000000
66045  41.330  -1.390  36.626 0.0000000000
64994  39.983  -2.120  36.908 0.0000000000
64965  42.233  -2.494  38.426 0.0000000000
64946  42.851  -2.882  40.128 0.0000000000
63907  42.939  -3.032  41.372 0.0000000000
63874  43.435  -3.406  42.877 0.0000000000
63895  40.778  -3.803  41.354 0.0000000000
124283  41.643  -3.735  42.314 0.0000000000
63841  43.446  -4.030  44.216 0.0000000000
62746  43.644  -4.444  45.587 0.0000000000
63793  44.152  -3.850  46.969 0.0000000000
63774  43.955  -2.961  48.092 0.0000000000
54416  33.096  -11.771  57.750 0.0000000000
55723  30.953  -11.045  58.678 0.0000000000
54402  32.431  -11.788  58.573 0.0000000000
54400  34.190  -11.649  59.120 0.0000000000
54370  35.747  -11.657  60.629 0.0000000000
55656  36.586  -10.714  62.307 0.0000000000
56864  37.894  -10.161  63.293 0.0000000000
59233  31.594  -7.255  62.221 0.0000000000
59232  32.391  -7.212  62.149 0.0000000000
59255  33.445  -7.594  62.086 0.0000000000
60317  34.061  -7.402  65.137 0.0000000000
60370  34.480  -7.154  64.217 0.0000000000
59229  34.958  -7.842  63.213 0.0000000000
58007  35.741  -8.123  63.578 0.0000000000
56854  37.339  -9.354  64.479 0.0000000000
57991  38.564  -8.814  64.940 0.0000000000
59086  27.700  -8.132  72.566 0.0000000000
59087  26.442  -7.939  73.172 0.0000000000
59088  25.600  -7.842  72.870 0.0000000000
120823  23.995  -7.911  73.134 0.0000000000
57928  23.393  -9.209  70.098 0.0000000000
57916  22.786  -8.742  71.733 0.0000000000
130090  22.571  -8.510  72.634 0.0000000000
117396  21.306  -8.804  73.197 0.0000000000
57904  20.609  -9.331  73.139 0.0000000000
56739  19.158  -9.965  73.318 0.0000000000
55615  20.197  -10.444  64.822 0.0000000000
55594  20.331  -10.158  66.194 0.0000000000
55575  19.361  -10.348  67.247 0.0000000000
55597  17.969  -10.908  66.970 0.0000000000
55576  18.602  -10.594  67.542 0.0000000000
55541  19.088  -10.299  68.946 0.0000000000
123475  18.949  -10.446  70.698 0.0000000000
56765  18.094  -10.597  71.998 0.0000000000
56754  17.878  -10.559  72.954 0.0000000000
55516  16.528  -10.813  72.549 0.0000000000
55517  15.727  -10.862  72.762 0.0000000000
54245  14.414  -11.363  73.256 0.0000000000
53149  14.460  -12.700  70.373 0.0000000000
54259  14.024  -12.137  72.089 0.0000000000
54252  13.819  -11.871  73.053 0.0000000000
129882  12.394  -12.740  73.405 0.0000000000
52039  11.951  -13.333  73.016 0.0000000000
50937  11.210  -14.645  73.711 0.0000000000
50953  10.603  -15.171  73.200 0.0000000000
49967  10.243  -15.746  73.723 0.0000000000
58116  28.861  -7.678  57.083 0.0000000000
59310  28.640  -7.266  58.391 0.0000000000
58078  27.686  -7.695  59.713 0.0000000000
58098  26.607  -8.230  58.521 0.0000000000
125297  27.333  -8.389  60.254 0.0000000000
58041  28.074  -8.532  61.328 0.0000000000
58024  28.647  -9.211  62.559 0.0000000000
56856  28.826  -10.061  64.045 0.0000000000
56835  28.704  -10.260  66.072 0.0000000000
55608  27.387  -11.142  65.677 0.0000000000
55569  27.781  -10.502  67.240 0.0000000000
56817  28.185  -9.751  67.875 0.0000000000
57937  27.857  -8.899  69.572 0.0000000000
118045  28.020  -8.005  71.818 0.0000000000
50907  11.627  -14.482  78.235 0.0000000000
139270  11.716  -14.224  79.926 0.0000000000
79887  53.496  13.076  34.572 0.0000000000
76241  48.815  8.799  33.601 0.0000000000
77186  49.169  9.939  35.341 0.0000000000
77172  51.025  10.519  37.208 0.0000000000
75239  50.534  8.071  36.829 0.0000000000
75238  51.543  8.596  37.503 0.0000000000
76195  52.342  9.453  37.885 0.0000000000
72315  42.564  4.101  32.187 0.0000000000
70429  44.099  2.857  33.642 0.0000000000
69356  43.216  1.986  34.724 0.0000000000
70416  44.241  2.744  34.537 0.0000000000
71362  45.635  3.390  35.170 0.0000000000
71352  46.566  3.299  36.364 0.0000000000
71343  48.236  3.501  38.176 0.0000000000
71319  49.417  3.747  39.478 0.0000000000
66019  45.189  -1.144  39.817 0.0000000000
67113  46.644  -0.539  40.612 0.0000000000
67112  47.172  0.143  40.446 0.0000000000
67071  49.317  -0.857  41.947 0.0000000000
121693  49.154  0.230  41.315 0.0000000000
68217  48.211  1.409  40.243 0.0000000000
69286  49.023  1.598  40.592 0.0000000000
70354  50.415  2.515  40.632 0.0000000000
118368  37.043  -4.891  43.150 0.0000000000
62768  38.194  -5.043  44.585 0.0000000000
63816  37.412  -4.145  46.859 0.0000000000
62735  38.695  -5.028  46.440 0.0000000000
62750  39.675  -5.062  45.553 0.0000000000
63796  41.509  -3.783  47.818 0.0000000000
141704  42.766  -2.888  48.567 0.0000000000
64843  43.677  -2.208  49.263 0.0000000000
56965  35.696  -9.823  56.440 0.0000000000
58197  35.982  -7.944  52.615 0.0000000000
59402  37.130  -6.876  52.589 0.0000000000
60516  37.609  -6.303  52.238 0.0000000000
59279  39.094  -7.928  61.377 0.0000000000
59296  39.605  -7.462  59.452 0.0000000000
120455  39.821  -7.258  58.662 0.0000000000
61541  40.176  -5.726  58.178 0.0000000000
60461  40.148  -6.814  56.235 0.0000000000
60488  39.516  -6.567  54.811 0.0000000000
61603  38.783  -5.676  53.386 0.0000000000
61629  38.263  -5.162  52.287 0.0000000000
63740  38.264  -3.763  52.163 0.0000000000
64818  38.605  -2.984  52.247 0.0000000000
65897  39.255  -2.022  51.598 0.0000000000
65868  40.946  -1.849  54.397 0.0000000000
66930  41.139  -1.692  52.758 0.0000000000
65896  40.761  -1.732  51.501 0.0000000000
65894  42.351  -1.245  51.217 0.0000000000
79103  49.703  11.350  21.874 0.0000000000
78204  50.436  10.324  22.230 0.0000000000
78188  52.192  9.482  23.015 0.0000000000
77275  52.798  9.187  24.313 0.0000000000
76315  53.891  8.692  25.810 0.0000000000
76286  52.502  8.427  27.448 0.0000000000
76285  53.350  8.759  27.388 0.0000000000
77255  54.890  9.915  27.110 0.0000000000
78143  54.919  11.245  28.361 0.0000000000
57900  28.208  -8.646  72.381 0.0000000000
57888  28.163  -9.365  72.584 0.0000000000
52020  11.739  -14.085  75.359 0.0000000000
140365  11.564  -14.759  75.183 0.0000000000
141864  44.859  -2.433  48.781 0.0000000000
64841  46.052  -2.070  49.034 0.0000000000
59282  29.607  -7.510  60.404 0.0000000000
55630  22.771  -10.466  64.399 0.0000000000
120318  22.324  -10.325  65.146 0.0000000000
55631  21.811  -10.421  64.449 0.0000000000
57883  18.601  -8.878  74.686 0.0000000000
59070  19.268  -8.448  74.962 0.0000000000
75296  48.876  7.901  30.500 0.0000000000
75290  48.986  7.901  31.405 0.0000000000
72259  49.920  4.399  39.096 0.0000000000
120574  50.749  4.956  39.630 0.0000000000
72250  51.188  4.723  40.270 0.0000000000
66036  42.572  -1.533  37.378 0.0000000000
66035  43.303  -1.225  37.645 0.0000000000
66028  43.648  -1.668  38.299 0.0000000000
60542  36.795  -6.302  50.371 0.0000000000
61662  36.316  -5.602  49.364 0.0000000000
62701  37.363  -4.887  50.614 0.0000000000
61646  37.607  -5.559  51.210 0.0000000000
56871  38.632  -9.715  62.754 0.0000000000
56885  38.759  -9.974  61.726 0.0000000000
58019  38.893  -8.902  63.138 0.0000000000
126028  47.937  7.785  29.432 0.0000000000
75312  49.153  8.178  29.599 0.0000000000
78224  52.048  10.508  20.915 0.0000000000
78216  51.728  10.267  21.495 0.0000000000
56834  29.119  -9.120  66.414 0.0000000000
129335  29.674  -8.240  66.562 0.0000000000
57962  29.445  -8.480  67.403 0.0000000000
142197  14.175  -11.042  74.216 0.0000000000
55501  14.359  -10.630  74.709 0.0000000000
75306  44.118  6.922  29.112 0.0000000000
74339  44.307  6.627  29.885 0.0000000000
72306  44.571  4.705  33.256 0.0000000000
72305  45.284  4.789  33.671 0.0000000000
63857  44.780  -3.593  43.637 0.0000000000
63950  38.744  -3.203  37.924 0.0000000000
63937  39.172  -3.358  38.480 0.0000000000
121078  39.623  -4.518  43.399 0.0000000000
62784  40.427  -4.420  43.572 0.0000000000
62767  40.601  -4.601  44.351 0.0000000000
139165  40.729  -4.756  45.016 0.0000000000
58038  32.646  -8.998  61.373 0.0000000000
56902  33.009  -10.003  61.252 0.0000000000
56887  34.396  -9.199  62.026 0.0000000000
135063  32.380  -7.022  66.048 0.0000000000
60319  32.634  -6.727  65.575 0.0000000000
59145  32.432  -7.839  65.813 0.0000000000
57939  25.194  -9.251  70.148 0.0000000000
139699  24.860  -9.415  69.723 0.0000000000
56785  20.857  -9.772  69.511 0.0000000000
122515  21.676  -9.634  69.967 0.0000000000
119220  20.310  -9.976  70.187 0.0000000000
56786  19.838  -10.041  69.430 0.0000000000
54285  16.531  -11.876  68.749 0.0000000000
54271  16.709  -11.651  69.599 0.0000000000
55544  17.086  -11.131  70.016 0.0000000000
55680  26.352  -11.082  61.564 0.0000000000
55681  25.971  -11.053  60.806 0.0000000000
135038  26.662  -10.694  60.819 0.0000000000
130498  27.070  -10.883  62.110 0.0000000000
56798  25.814  -9.910  68.671 0.0000000000
59067  23.886  -7.603  74.584 0.0000000000
47921  10.851  -17.098  80.400 0.0000000000
48900  11.287  -16.227  80.529 0.0000000000
78115  53.229  11.440  30.758 0.0000000000
127729  53.677  11.855  31.827 0.0000000000
78072  51.763  11.413  37.101 0.0000000000
78971  52.976  11.907  36.995 0.0000000000
78071  52.994  11.080  37.590 0.0000000000
78065  53.726  10.605  37.739 0.0000000000
78066  52.933  10.171  37.972 0.0000000000
76210  48.128  7.954  35.302 0.0000000000
68242  46.159  1.107  38.542 0.0000000000
69327  45.678  1.450  37.818 0.0000000000
69316  46.773  1.572  38.841 0.0000000000
70380  47.073  2.229  38.540 0.0000000000
69304  47.207  1.363  39.415 0.0000000000
64918  48.589  -2.219  42.781 0.0000000000
65981  48.047  -1.677  42.279 0.0000000000
64907  49.513  -2.158  42.935 0.0000000000
64847  39.351  -2.315  49.698 0.0000000000
64863  39.178  -2.683  48.799 0.0000000000
64846  40.191  -2.078  49.870 0.0000000000
55737  33.759  -11.557  56.824 0.0000000000
58131  38.722  -8.451  56.773 0.0000000000
138231  38.179  -8.604  56.473 0.0000000000
58148  38.294  -8.257  56.045 0.0000000000
59331  39.060  -7.853  56.166 0.0000000000
62625  40.606  -4.404  57.129 0.0000000000
136451  40.410  -4.165  55.346 0.0000000000
63707  40.541  -3.379  55.621 0.0000000000
63720  40.148  -3.551  54.914 0.0000000000
76326  49.361  8.580  24.648 0.0000000000
77278  49.739  9.119  23.865 0.0000000000
76325  50.299  8.620  24.586 0.0000000000
141623  50.447  8.383  25.313 0.0000000000
77225  52.047  10.120  30.143 0.0000000000
78127  52.654  10.772  30.004 0.0000000000
78126  53.374  11.431  29.802 0.0000000000
124417  56.377  10.933  22.312 0.0000000000
77300  56.624  10.524  23.001 0.0000000000
77285  56.807  10.146  23.753 0.0000000000
136009  55.096  10.196  25.399 0.0000000000
78162  55.624  10.759  26.760 0.0000000000
57923  28.950  -7.960  70.454 0.0000000000
59101  29.375  -8.184  70.162 0.0000000000
59094  29.259  -8.854  70.830 0.0000000000
53117  12.657  -12.293  74.003 0.0000000000
54227  12.835  -11.828  75.400 0.0000000000
53105  12.508  -12.437  74.788 0.0000000000
53080  12.007  -13.173  77.098 0.0000000000
53079  12.439  -12.542  76.639 0.0000000000
53062  12.382  -12.362  78.621 0.0000000000
73282  42.500  5.652  31.592 0.0000000000
73269  43.593  5.281  32.457 0.0000000000
72326  43.006  4.965  31.918 0.0000000000
63812  44.816  -4.186  46.069 0.0000000000
63811  45.727  -4.033  46.331 0.0000000000
48919  7.642  -16.721  76.841 0.0000000000
46943  7.584  -19.118  78.611 0.0000000000
58115  29.509  -8.380  57.343 0.0000000000
58114  29.919  -8.761  57.899 0.0000000000
58095  30.204  -8.561  58.485 0.0000000000
139951  30.946  -8.034  59.830 0.0000000000
58075  30.915  -8.628  59.728 0.0000000000
58057  31.281  -8.261  60.502 0.0000000000
58056  31.850  -8.717  61.105 0.0000000000
59280  31.976  -8.054  61.138 0.0000000000
55573  23.886  -9.837  67.110 0.0000000000
120608  23.498  -9.616  67.834 0.0000000000
55592  21.978  -9.926  66.174 0.0000000000
56837  22.244  -9.727  67.006 0.0000000000
56838  21.433  -9.837  66.878 0.0000000000
56824  20.755  -9.974  66.752 0.0000000000
54343  23.928  -11.242  62.185 0.0000000000
55661  24.536  -11.145  62.872 0.0000000000
54342  24.890  -11.350  61.956 0.0000000000
55643  25.167  -11.028  63.546 0.0000000000
55612  23.696  -10.350  65.604 0.0000000000
55629  24.349  -10.574  64.973 0.0000000000
55590  24.256  -10.224  66.415 0.0000000000
55572  24.777  -10.165  67.180 0.0000000000
59079  21.436  -8.298  73.932 0.0000000000
118505  21.158  -7.658  75.196 0.0000000000
77227  50.891  9.210  30.530 0.0000000000
77217  51.293  9.816  31.798 0.0000000000
122329  50.547  9.526  32.989 0.0000000000
77199  50.328  9.970  33.987 0.0000000000
77185  49.943  10.398  35.098 0.0000000000
73230  49.569  5.801  36.081 0.0000000000
73229  50.161  6.387  36.536 0.0000000000
73210  51.279  5.801  39.319 0.0000000000
124158  41.689  0.552  35.332 0.0000000000
68271  42.459  0.733  35.523 0.0000000000
67148  44.154  -0.028  37.794 0.0000000000
68255  43.780  0.345  37.165 0.0000000000
68244  44.805  0.314  38.119 0.0000000000
67141  45.212  -0.092  38.715 0.0000000000
62725  35.698  -4.649  46.592 0.0000000000
62724  35.927  -4.496  47.253 0.0000000000
63783  36.323  -4.292  47.648 0.0000000000
63759  37.270  -3.147  50.057 0.0000000000
64836  37.842  -2.591  50.155 0.0000000000
54383  37.091  -11.441  60.048 0.0000000000
55704  36.781  -11.364  59.233 0.0000000000
55703  37.654  -11.065  59.440 0.0000000000
56916  38.898  -9.808  59.508 0.0000000000
133246  39.160  -9.120  59.300 0.0000000000
58094  38.882  -9.440  58.688 0.0000000000
134103  48.579  8.088  27.649 0.0000000000
141036  48.636  7.886  27.011 0.0000000000
120433  49.043  7.971  26.264 0.0000000000
76290  49.274  8.040  27.319 0.0000000000
118363  50.007  8.019  27.383 0.0000000000
76289  49.748  8.225  28.036 0.0000000000
76267  50.495  8.832  29.944 0.0000000000
77233  51.347  9.500  29.786 0.0000000000
79099  53.749  10.781  21.219 0.0000000000
79082  54.863  11.527  22.060 0.0000000000
79068  55.110  11.223  22.786 0.0000000000
142006  54.551  11.073  22.444 0.0000000000
78187  53.752  10.157  23.245 0.0000000000
77274  53.713  9.531  24.110 0.0000000000
140071  29.038  -9.006  63.199 0.0000000000
58008  29.482  -8.571  63.548 0.0000000000
59163  30.121  -7.684  66.133 0.0000000000
124947  30.852  -7.213  66.470 0.0000000000
60321  31.373  -7.092  66.485 0.0000000000
56730  16.568  -9.646  74.428 0.0000000000
57885  16.839  -9.088  74.978 0.0000000000
56731  16.073  -9.505  74.863 0.0000000000
57864  15.181  -8.797  76.892 0.0000000000
57854  15.020  -8.666  77.789 0.0000000000
57844  15.568  -8.447  78.330 0.0000000000
57845  15.025  -8.728  78.539 0.0000000000
54215  12.969  -11.379  76.753 0.0000000000
55486  13.351  -10.843  76.896 0.0000000000
74325  47.405  7.053  30.571 0.0000000000
74326  46.561  6.857  30.671 0.0000000000
123043  46.249  7.408  31.934 0.0000000000
74293  45.989  7.519  32.728 0.0000000000
75268  46.606  7.581  33.370 0.0000000000
74313  43.867  6.606  31.689 0.0000000000
130743  44.646  6.757  31.311 0.0000000000
73260  45.212  5.814  33.664 0.0000000000
73259  45.780  6.252  33.954 0.0000000000
74276  46.360  6.725  34.379 0.0000000000
73241  47.636  5.983  34.944 0.0000000000
118211  47.858  4.112  36.049 0.0000000000
72281  48.620  4.573  36.236 0.0000000000
71342  48.918  4.167  37.767 0.0000000000
123412  43.635  -2.657  40.359 0.0000000000
64944  44.358  -2.386  40.643 0.0000000000
123473  44.582  -2.472  41.384 0.0000000000
64910  46.265  -2.754  43.110 0.0000000000
64909  47.561  -2.810  43.339 0.0000000000
64900  47.907  -3.155  43.946 0.0000000000
63809  47.175  -3.632  46.108 0.0000000000
142061  46.976  -3.683  45.473 0.0000000000
64886  47.700  -3.257  46.586 0.0000000000
64884  49.310  -2.454  46.376 0.0000000000
64893  49.677  -2.752  45.407 0.0000000000
65957  50.124  -2.041  45.860 0.0000000000
59438  36.107  -6.781  50.143 0.0000000000
59422  36.427  -7.188  51.389 0.0000000000
76293  45.051  8.286  27.006 0.0000000000
133077  45.770  7.129  29.162 0.0000000000
75304  46.614  7.372  29.310 0.0000000000
49960  10.801  -16.105  75.116 0.0000000000
120392  10.790  -16.355  75.791 0.0000000000
132873  10.438  -17.588  77.445 0.0000000000
48918  10.801  -16.979  76.977 0.0000000000
130555  10.797  -17.114  78.933 0.0000000000
46947  9.099  -18.349  77.430 0.0000000000
123409  9.375  -18.696  78.199 0.0000000000
67158  40.943  -0.989  35.888 0.0000000000
66046  40.449  -1.545  36.462 0.0000000000
123199  39.589  -2.593  37.392 0.0000000000
64978  40.244  -2.455  37.437 0.0000000000
66038  40.847  -2.025  37.197 0.0000000000
140982  41.548  -2.663  38.460 0.0000000000
64956  42.559  -2.756  39.291 0.0000000000
64957  41.602  -2.942  39.055 0.0000000000
63909  41.392  -3.443  40.646 0.0000000000
63908  42.337  -3.220  40.864 0.0000000000
63893  42.376  -3.367  41.785 0.0000000000
63892  43.161  -3.096  42.076 0.0000000000
62832  39.018  -4.240  40.710 0.0000000000
63911  39.643  -3.823  40.179 0.0000000000
63896  39.854  -3.974  41.038 0.0000000000
63860  41.882  -3.919  43.272 0.0000000000
63859  42.857  -3.872  43.614 0.0000000000
62765  42.830  -4.350  44.509 0.0000000000
62764  43.528  -4.318  44.867 0.0000000000
62747  42.914  -4.543  45.348 0.0000000000
62732  42.388  -4.479  46.736 0.0000000000
122728  43.077  -4.522  46.175 0.0000000000
63813  43.248  -4.088  46.988 0.0000000000
63794  43.683  -3.540  47.575 0.0000000000
63775  43.206  -3.179  48.115 0.0000000000
54426  32.091  -11.807  56.238 0.0000000000
54417  32.666  -11.899  57.001 0.0000000000
128282  32.252  -11.920  57.774 0.0000000000
55724  30.320  -10.556  58.382 0.0000000000
54373  32.921  -11.385  60.128 0.0000000000
55706  32.138  -11.456  59.486 0.0000000000
54388  32.905  -11.731  59.313 0.0000000000
54401  33.511  -11.741  58.646 0.0000000000
54386  34.430  -11.662  59.821 0.0000000000
54385  35.324  -11.703  59.877 0.0000000000
54371  34.823  -11.467  60.623 0.0000000000
56873  35.864  -10.096  62.524 0.0000000000
55677  35.755  -10.925  61.842 0.0000000000
55655  37.531  -10.649  62.553 0.0000000000
56872  36.766  -10.243  63.100 0.0000000000
123868  30.679  -7.213  63.215 0.0000000000
59234  30.670  -7.378  62.433 0.0000000000
60411  31.321  -6.938  62.954 0.0000000000
60395  32.770  -6.580  63.412 0.0000000000
60410  32.146  -6.842  62.803 0.0000000000
60409  32.928  -6.838  62.682 0.0000000000
137472  33.026  -7.195  62.183 0.0000000000
59231  33.597  -6.991  62.601 0.0000000000
59161  35.682  -8.149  65.177 0.0000000000
60316  34.931  -7.748  65.020 0.0000000000
60369  35.198  -7.438  64.196 0.0000000000
59205  34.751  -7.254  63.355 0.0000000000
59204  35.360  -7.501  63.802 0.0000000000
59182  35.753  -7.786  64.339 0.0000000000
57983  36.550  -8.572  65.518 0.0000000000
57992  37.601  -9.066  65.209 0.0000000000
119439  26.989  -8.034  72.705 0.0000000000
57914  25.058  -8.567  71.450 0.0000000000
59097  25.292  -7.994  72.101 0.0000000000
59098  24.473  -8.236  71.948 0.0000000000
59089  24.680  -7.862  72.786 0.0000000000
59090  23.906  -8.181  72.447 0.0000000000
56801  23.065  -9.503  68.656 0.0000000000
56782  23.705  -9.407  69.343 0.0000000000
56783  22.915  -9.415  69.487 0.0000000000
57929  22.261  -9.156  71.125 0.0000000000
118651  23.060  -8.921  70.886 0.0000000000
135032  21.807  -8.765  72.668 0.0000000000
56751  20.318  -9.823  72.442 0.0000000000
57905  19.885  -9.732  73.185 0.0000000000
56752  19.491  -10.109  72.511 0.0000000000
125938  18.924  -10.612  65.745 0.0000000000
55616  19.766  -10.392  65.478 0.0000000000
55595  19.550  -10.348  66.378 0.0000000000
55574  20.122  -10.110  66.992 0.0000000000
128674  17.323  -11.513  65.673 0.0000000000
54304  17.382  -11.450  66.454 0.0000000000
55577  17.861  -10.869  67.884 0.0000000000
55556  18.475  -10.562  68.424 0.0000000000
55542  18.373  -10.548  69.298 0.0000000000
135101  19.032  -10.382  69.820 0.0000000000
55525  17.478  -10.786  71.389 0.0000000000
55524  18.212  -10.566  71.064 0.0000000000
56755  17.047  -10.485  73.141 0.0000000000
54257  15.576  -11.704  71.472 0.0000000000
54250  15.301  -11.385  72.267 0.0000000000
55518  14.968  -11.029  72.999 0.0000000000
54251  14.580  -11.638  72.587 0.0000000000
53156  14.361  -13.215  69.002 0.0000000000
131000  14.610  -12.844  69.646 0.0000000000
53138  13.498  -12.784  71.540 0.0000000000
53137  14.280  -12.470  71.238 0.0000000000
53128  13.284  -12.501  72.423 0.0000000000
53116  12.974  -12.285  73.236 0.0000000000
53129  12.552  -12.883  72.682 0.0000000000
52065  11.673  -14.098  71.544 0.0000000000
52040  11.553  -13.954  73.367 0.0000000000
50952  11.017  -14.617  72.784 0.0000000000
49979  9.990  -15.379  72.838 0.0000000000
59322  27.575  -7.242  57.445 0.0000000000
59321  28.442  -7.305  57.657 0.0000000000
59297  28.633  -7.323  59.207 0.0000000000
59298  27.984  -7.372  58.904 0.0000000000
58099  26.023  -8.744  58.185 0.0000000000
58117  26.305  -7.883  57.629 0.0000000000
56936  26.213  -8.982  58.919 0.0000000000
56905  27.422  -9.424  60.844 0.0000000000
58060  27.558  -8.823  60.815 0.0000000000
58059  27.890  -7.984  60.635 0.0000000000
56889  28.220  -9.062  61.876 0.0000000000
56875  28.092  -9.819  62.153 0.0000000000
55624  28.377  -10.796  64.313 0.0000000000
56847  28.854  -10.266  64.954 0.0000000000
118144  25.956  -10.873  65.166 0.0000000000
55626  26.694  -11.097  64.929 0.0000000000
55609  26.446  -10.950  65.733 0.0000000000
56818  27.274  -10.245  68.011 0.0000000000
57951  28.535  -8.892  68.800 0.0000000000
59102  27.491  -8.300  71.191 0.0000000000
59076  26.474  -8.113  73.973 0.0000000000
59059  17.163  -8.166  76.216 0.0000000000
59044  17.603  -7.717  76.882 0.0000000000
135014  17.312  -7.730  77.521 0.0000000000
49949  11.409  -15.513  76.920 0.0000000000
50914  11.619  -14.693  77.272 0.0000000000
50915  11.405  -15.296  77.837 0.0000000000
50895  11.835  -14.647  80.344 0.0000000000
127759  11.675  -14.329  79.226 0.0000000000
51988  11.971  -13.830  80.206 0.0000000000
50894  12.117  -14.353  80.571 0.0000000000
123062  52.620  11.799  33.251 0.0000000000
78993  52.693  12.445  34.168 0.0000000000
78077  54.054  11.533  36.628 0.0000000000
75276  48.944  8.006  32.216 0.0000000000
124282  48.054  8.450  33.545 0.0000000000
76217  48.624  9.161  35.340 0.0000000000
77174  49.230  9.771  35.930 0.0000000000
77173  49.959  10.234  36.465 0.0000000000
124484  50.304  9.845  36.909 0.0000000000
74255  50.767  7.079  37.030 0.0000000000
75230  51.291  7.666  37.438 0.0000000000
120313  52.646  8.564  37.908 0.0000000000
75228  52.620  8.417  37.873 0.0000000000
76194  52.992  9.237  37.977 0.0000000000
139378  42.357  2.820  32.853 0.0000000000
70440  42.005  3.276  32.482 0.0000000000
71390  42.995  3.256  32.687 0.0000000000
71381  43.748  3.174  33.056 0.0000000000
69348  42.832  1.436  35.186 0.0000000000
69347  43.627  1.767  35.470 0.0000000000
70405  44.345  2.523  35.480 0.0000000000
70404  45.005  3.056  35.714 0.0000000000
70415  44.870  3.146  34.900 0.0000000000
70403  45.725  3.081  36.144 0.0000000000
70396  46.094  2.942  36.822 0.0000000000
70370  47.657  2.420  38.935 0.0000000000
125950  47.506  2.872  38.334 0.0000000000
70379  47.948  3.062  38.850 0.0000000000
71330  48.551  3.409  39.116 0.0000000000
70368  49.003  2.984  39.800 0.0000000000
66020  44.560  -1.565  39.437 0.0000000000
66008  45.437  -1.432  40.579 0.0000000000
67089  47.459  -0.471  41.065 0.0000000000
68208  47.859  0.173  40.766 0.0000000000
68206  49.983  0.475  41.485 0.0000000000
67087  49.617  -0.199  41.704 0.0000000000
68207  48.558  0.692  40.775 0.0000000000
62787  36.685  -4.863  43.920 0.0000000000
62786  37.639  -4.908  43.721 0.0000000000
63800  37.374  -3.751  47.611 0.0000000000
117775  36.892  -3.969  46.907 0.0000000000
128532  39.576  -3.652  48.059 0.0000000000
63814  39.069  -4.689  47.003 0.0000000000
121893  39.631  -5.071  46.382 0.0000000000
62722  40.981  -4.381  47.266 0.0000000000
63797  40.497  -3.817  47.934 0.0000000000
64845  41.748  -2.421  49.382 0.0000000000
64861  42.092  -2.867  48.752 0.0000000000
64844  42.730  -2.381  49.195 0.0000000000
65926  43.164  -1.813  49.834 0.0000000000
56948  36.094  -9.971  57.143 0.0000000000
127661  36.526  -9.529  56.698 0.0000000000
58166  36.788  -8.476  54.954 0.0000000000
56980  36.248  -8.917  55.254 0.0000000000
127463  36.271  -8.770  54.612 0.0000000000
58167  35.863  -8.805  54.001 0.0000000000
58183  36.283  -8.217  53.465 0.0000000000
59381  37.364  -7.150  53.408 0.0000000000
60504  37.812  -6.534  53.048 0.0000000000
60392  39.648  -7.064  63.362 0.0000000000
59254  39.106  -8.060  62.464 0.0000000000
59227  39.435  -7.281  62.611 0.0000000000
60423  39.666  -6.245  60.908 0.0000000000
140352  39.419  -7.120  60.871 0.0000000000
120671  39.521  -6.836  60.102 0.0000000000
131367  39.747  -6.640  59.242 0.0000000000
132204  40.502  -5.096  57.072 0.0000000000
61557  40.361  -5.661  57.365 0.0000000000
60447  40.121  -6.351  57.617 0.0000000000
60460  40.312  -6.269  56.835 0.0000000000
60477  40.115  -6.396  55.509 0.0000000000
61592  39.729  -5.145  54.296 0.0000000000
60502  39.257  -5.940  54.074 0.0000000000
61602  39.137  -5.199  53.664 0.0000000000
61615  38.743  -5.109  52.990 0.0000000000
62678  38.500  -4.477  52.550 0.0000000000
62677  38.873  -4.378  53.201 0.0000000000
64811  39.694  -2.869  53.745 0.0000000000
64817  39.256  -2.804  52.865 0.0000000000
64823  39.073  -2.418  52.122 0.0000000000
65886  39.758  -2.107  52.345 0.0000000000
65856  41.040  -1.911  55.275 0.0000000000
123995  41.521  -1.350  54.845 0.0000000000
65877  41.465  -1.380  53.346 0.0000000000
65885  40.532  -1.816  52.173 0.0000000000
65884  41.304  -1.523  52.137 0.0000000000
65895  41.568  -1.541  51.427 0.0000000000
66939  42.070  -1.156  52.007 0.0000000000
79963  49.483  12.079  21.662 0.0000000000
77264  47.099  8.976  24.835 0.0000000000
77292  46.809  9.538  24.142 0.0000000000
78189  50.160  10.211  22.552 0.0000000000
77302  50.796  9.872  22.506 0.0000000000
77301  51.780  9.715  22.456 0.0000000000
76323  52.011  8.755  24.667 0.0000000000
118639  52.056  9.109  23.701 0.0000000000
77263  52.933  8.866  25.194 0.0000000000
139546  53.274  9.190  24.646 0.0000000000
76287  51.523  8.088  27.464 0.0000000000
119498  51.396  8.027  26.451 0.0000000000
77240  53.426  9.879  28.398 0.0000000000
77248  52.898  9.071  27.982 0.0000000000
77247  53.723  9.300  27.859 0.0000000000
76284  54.214  9.157  27.324 0.0000000000
77239  54.459  10.043  27.969 0.0000000000
78134  54.497  11.733  28.955 0.0000000000
79034  55.025  12.249  29.436 0.0000000000
118362  54.481  11.366  19.950 0.0000000000
79123  55.152  11.696  19.875 0.0000000000
79113  55.450  11.698  20.445 0.0000000000
79062  56.246  11.045  24.285 0.0000000000
57899  28.507  -9.238  71.958 0.0000000000
53106  12.049  -13.177  75.028 0.0000000000
52007  11.796  -13.836  77.642 0.0000000000
64877  45.355  -3.287  47.709 0.0000000000
64858  45.575  -2.592  48.446 0.0000000000
59309  29.302  -7.417  58.635 0.0000000000
58096  29.933  -7.776  58.531 0.0000000000
58058  30.408  -7.745  59.941 0.0000000000
136807  30.954  -7.853  60.336 0.0000000000
119412  22.723  -10.146  65.795 0.0000000000
142183  22.141  -10.154  65.624 0.0000000000
54344  23.041  -11.115  62.326 0.0000000000
55662  23.555  -10.903  63.111 0.0000000000
139620  24.100  -10.676  64.356 0.0000000000
55645  23.524  -10.646  63.989 0.0000000000
134134  20.208  -8.674  74.258 0.0000000000
59055  20.436  -7.742  75.478 0.0000000000
117799  19.953  -8.308  74.851 0.0000000000
59056  19.568  -7.886  75.598 0.0000000000
118991  19.117  -7.540  76.980 0.0000000000
76261  50.216  8.715  30.895 0.0000000000
139647  50.340  8.871  31.701 0.0000000000
76239  50.109  8.902  32.469 0.0000000000
76240  49.370  8.554  32.725 0.0000000000
72271  49.428  4.811  37.448 0.0000000000
72270  50.151  5.254  37.905 0.0000000000
72258  50.420  5.090  38.766 0.0000000000
67156  42.527  -0.459  36.486 0.0000000000
67150  42.925  -0.825  37.068 0.0000000000
67143  43.970  -0.884  37.986 0.0000000000
62702  36.915  -4.771  50.065 0.0000000000
128226  37.202  -4.099  50.196 0.0000000000
63748  37.521  -3.928  50.781 0.0000000000
121160  37.767  -11.157  61.154 0.0000000000
55690  37.917  -11.178  60.310 0.0000000000
55689  38.527  -10.576  60.813 0.0000000000
56901  38.934  -9.857  60.789 0.0000000000
58055  39.065  -9.113  61.112 0.0000000000
76277  47.094  8.185  28.449 0.0000000000
76291  47.193  8.166  27.522 0.0000000000
76276  47.976  8.198  28.215 0.0000000000
76275  49.466  8.288  28.768 0.0000000000
126285  49.706  8.362  30.185 0.0000000000
78214  53.336  10.420  21.886 0.0000000000
78202  52.904  9.936  22.584 0.0000000000
56855  29.207  -9.485  64.545 0.0000000000
57994  29.515  -8.722  64.878 0.0000000000
57984  29.586  -8.517  65.755 0.0000000000
59148  30.296  -7.709  67.130 0.0000000000
56744  15.045  -10.216  74.300 0.0000000000
136273  15.446  -9.790  74.735 0.0000000000
56732  14.849  -9.880  75.093 0.0000000000
56724  14.184  -9.878  76.567 0.0000000000
54203  12.662  -11.711  78.134 0.0000000000
55463  12.926  -10.878  78.618 0.0000000000
74327  45.567  6.708  30.768 0.0000000000
74312  45.152  6.910  31.761 0.0000000000
73261  44.805  5.423  33.311 0.0000000000
73249  45.873  5.347  33.998 0.0000000000
72289  47.183  5.236  34.800 0.0000000000
72295  46.435  4.826  34.487 0.0000000000
71360  46.861  4.250  35.062 0.0000000000
118443  47.023  3.904  35.923 0.0000000000
64922  44.742  -2.611  42.070 0.0000000000
63873  44.797  -3.015  42.786 0.0000000000
63872  45.546  -3.161  43.244 0.0000000000
124679  46.341  -3.515  44.188 0.0000000000
64885  48.413  -2.910  46.485 0.0000000000
75305  44.864  7.025  29.113 0.0000000000
47940  9.886  -17.086  75.944 0.0000000000
47935  10.214  -17.345  76.630 0.0000000000
64968  39.352  -3.045  37.852 0.0000000000
64967  40.087  -2.876  37.942 0.0000000000
63935  40.779  -3.121  39.127 0.0000000000
63936  40.045  -3.185  38.728 0.0000000000
63923  40.239  -3.397  39.622 0.0000000000
63910  40.495  -3.598  40.451 0.0000000000
62813  40.028  -4.206  41.899 0.0000000000
62798  40.218  -4.348  42.743 0.0000000000
62783  41.233  -4.367  43.800 0.0000000000
120610  42.133  -4.689  44.985 0.0000000000
55754  30.494  -11.583  57.248 0.0000000000
140026  31.349  -10.062  60.267 0.0000000000
55707  31.236  -10.740  59.530 0.0000000000
132504  32.659  -10.642  60.726 0.0000000000
55692  33.424  -10.886  60.848 0.0000000000
55691  34.179  -11.060  60.973 0.0000000000
56886  35.040  -10.066  61.913 0.0000000000
141099  31.376  -6.668  64.078 0.0000000000
60373  31.793  -6.496  64.592 0.0000000000
60372  32.671  -6.381  64.184 0.0000000000
60371  33.414  -6.537  64.460 0.0000000000
59128  35.790  -8.627  66.438 0.0000000000
59160  35.940  -8.121  65.581 0.0000000000
57925  26.564  -8.799  70.891 0.0000000000
57912  26.586  -8.442  71.590 0.0000000000
57926  25.674  -8.842  70.858 0.0000000000
120977  22.156  -9.564  68.609 0.0000000000
56784  22.239  -9.519  69.441 0.0000000000
56761  21.517  -9.516  71.388 0.0000000000
56774  20.201  -10.112  70.941 0.0000000000
121983  19.546  -10.322  71.090 0.0000000000
54313  18.334  -10.884  65.151 0.0000000000
54284  17.236  -11.349  68.288 0.0000000000
55543  17.677  -10.805  69.652 0.0000000000
55535  16.945  -11.092  70.844 0.0000000000
55526  16.766  -11.006  71.700 0.0000000000
55536  16.326  -11.487  71.188 0.0000000000
52063  12.892  -13.483  70.935 0.0000000000
59312  26.985  -7.458  58.010 0.0000000000
55708  26.061  -10.311  59.741 0.0000000000
56920  26.469  -9.512  59.597 0.0000000000
55693  26.668  -10.107  60.259 0.0000000000
56891  27.252  -10.068  60.911 0.0000000000
55679  27.598  -10.368  61.710 0.0000000000
55658  27.856  -10.666  62.639 0.0000000000
55641  27.778  -11.064  63.630 0.0000000000
55625  27.619  -11.220  64.634 0.0000000000
55571  25.735  -10.505  67.234 0.0000000000
55588  26.106  -10.755  66.471 0.0000000000
56819  26.274  -10.297  67.985 0.0000000000
56797  26.711  -9.917  68.716 0.0000000000
56779  27.010  -9.527  69.512 0.0000000000
124508  10.967  -16.327  79.051 0.0000000000
124543  11.215  -15.603  79.217 0.0000000000
49938  10.994  -15.792  79.882 0.0000000000
49934  11.485  -15.520  80.401 0.0000000000
78982  52.672  12.796  35.144 0.0000000000
78977  52.880  12.435  36.080 0.0000000000
122997  54.070  10.878  37.316 0.0000000000
77171  54.081  10.036  37.506 0.0000000000
76200  53.552  9.120  37.283 0.0000000000
75266  47.371  7.982  33.493 0.0000000000
76231  47.636  8.197  34.344 0.0000000000
130915  48.500  8.529  35.550 0.0000000000
76209  48.856  8.995  35.985 0.0000000000
74244  51.970  7.214  38.716 0.0000000000
70431  42.583  2.533  33.348 0.0000000000
69339  44.659  1.604  36.908 0.0000000000
69346  44.206  1.792  36.187 0.0000000000
69338  45.365  1.938  37.119 0.0000000000
69337  46.113  2.326  37.371 0.0000000000
65995  46.445  -1.469  41.775 0.0000000000
65994  47.457  -1.159  41.707 0.0000000000
65993  48.419  -0.963  41.763 0.0000000000
69271  50.414  1.174  41.244 0.0000000000
62770  36.233  -4.637  44.693 0.0000000000
62753  36.513  -4.655  45.449 0.0000000000
63799  38.214  -3.665  47.806 0.0000000000
63779  38.738  -3.189  48.204 0.0000000000
142297  39.395  -3.096  48.332 0.0000000000
63778  40.037  -3.139  48.463 0.0000000000
63777  40.941  -3.350  48.425 0.0000000000
141567  40.657  -2.924  48.850 0.0000000000
121694  40.855  -2.512  49.422 0.0000000000
56946  37.991  -9.650  57.518 0.0000000000
56963  37.331  -9.308  56.848 0.0000000000
123487  37.597  -8.713  56.239 0.0000000000
58165  37.241  -8.000  54.543 0.0000000000
59346  37.874  -7.704  54.783 0.0000000000
59360  38.376  -7.291  54.493 0.0000000000
61502  40.265  -5.877  62.187 0.0000000000
61509  40.057  -5.548  61.376 0.0000000000
61517  39.954  -5.445  60.503 0.0000000000
62634  40.610  -4.912  56.405 0.0000000000
61578  40.514  -5.547  55.716 0.0000000000
62644  40.574  -4.741  55.738 0.0000000000
63721  39.667  -3.622  54.218 0.0000000000
64803  40.040  -2.917  54.524 0.0000000000
64810  40.325  -2.320  54.036 0.0000000000
76327  48.493  8.564  24.811 0.0000000000
77280  47.864  9.114  24.283 0.0000000000
134177  51.998  8.372  25.719 0.0000000000
77242  51.660  9.260  28.860 0.0000000000
78145  53.061  10.498  28.859 0.0000000000
78135  53.610  11.305  29.157 0.0000000000
79097  55.260  11.660  21.420 0.0000000000
79096  55.852  11.388  20.948 0.0000000000
78213  56.310  10.812  21.352 0.0000000000
78168  56.032  11.097  24.996 0.0000000000
79051  56.390  11.209  25.625 0.0000000000
78150  57.142  11.239  26.871 0.0000000000
57949  29.373  -8.435  68.421 0.0000000000
135684  29.794  -8.200  69.514 0.0000000000
59110  30.257  -8.742  69.543 0.0000000000
59093  29.529  -9.405  70.658 0.0000000000
54246  13.337  -11.789  73.882 0.0000000000
54226  13.268  -11.392  75.183 0.0000000000
53092  12.461  -12.522  75.693 0.0000000000
136215  12.724  -11.867  77.150 0.0000000000
128533  12.521  -12.446  79.377 0.0000000000
53056  12.266  -12.984  79.852 0.0000000000
74314  43.320  6.656  31.156 0.0000000000
63827  45.477  -4.072  45.454 0.0000000000
63810  46.483  -3.799  46.514 0.0000000000
63790  47.000  -3.323  47.165 0.0000000000
64876  46.218  -3.030  47.789 0.0000000000
138424  46.864  -2.772  47.864 0.0000000000
64875  47.398  -2.708  47.690 0.0000000000
47942  8.970  -17.542  76.354 0.0000000000
46948  8.540  -18.641  77.845 0.0000000000
45851  8.185  -19.753  79.197 0.0000000000
134687  38.933  -4.605  43.337 0.0000000000
56935  30.132  -9.537  58.317 0.0000000000
56918  30.869  -9.589  59.691 0.0000000000
132823  33.152  -8.247  61.608 0.0000000000
56799  24.911  -9.755  68.639 0.0000000000
134447  24.533  -9.514  69.293 0.0000000000
56822  22.620  -9.594  67.802 0.0000000000
56802  21.239  -9.685  68.519 0.0000000000
53177  16.068  -12.406  67.094 0.0000000000
53165  15.969  -12.384  67.995 0.0000000000
54286  15.808  -12.397  68.756 0.0000000000
53166  15.282  -12.817  68.233 0.0000000000
53167  14.688  -13.120  68.458 0.0000000000
133362  24.890  -11.440  61.137 0.0000000000
54341  25.703  -11.299  62.028 0.0000000000
124718  26.094  -11.092  63.359 0.0000000000
118143  25.216  -10.686  65.042 0.0000000000
55589  25.184  -10.511  66.475 0.0000000000
78116  52.743  11.227  31.636 0.0000000000
78117  51.970  10.454  31.644 0.0000000000
78094  51.897  10.986  33.193 0.0000000000
77206  51.062  9.843  32.527 0.0000000000
77198  51.157  10.301  33.372 0.0000000000
78095  51.524  11.116  33.894 0.0000000000
78083  51.088  11.633  35.459 0.0000000000
78078  51.140  11.674  36.227 0.0000000000
78073  50.498  11.058  36.471 0.0000000000
74267  48.497  7.012  35.475 0.0000000000
75248  48.887  7.701  35.857 0.0000000000
74266  49.398  6.784  35.854 0.0000000000
73217  51.448  6.517  38.750 0.0000000000
69349  42.063  1.260  35.006 0.0000000000
68270  43.225  0.910  35.722 0.0000000000
67155  43.218  -0.107  36.807 0.0000000000
68263  43.495  0.583  36.450 0.0000000000
68262  44.018  1.103  36.755 0.0000000000
68243  45.497  0.670  38.333 0.0000000000
64898  50.479  -2.412  43.970 0.0000000000
138942  50.009  -2.336  43.392 0.0000000000
63803  35.745  -4.448  46.192 0.0000000000
63818  36.153  -4.210  46.473 0.0000000000
63801  36.526  -3.988  47.174 0.0000000000
63781  37.269  -3.311  48.484 0.0000000000
123055  37.009  -3.682  48.752 0.0000000000
63768  37.143  -3.099  49.176 0.0000000000
64865  37.489  -2.832  48.815 0.0000000000
64848  38.442  -2.395  49.540 0.0000000000
55719  35.497  -11.147  58.383 0.0000000000
130962  35.267  -10.878  57.763 0.0000000000
55718  36.428  -11.134  58.438 0.0000000000
138153  36.901  -10.682  57.979 0.0000000000
56933  37.601  -10.332  58.083 0.0000000000
55702  38.477  -10.573  59.736 0.0000000000
55716  37.966  -10.444  58.891 0.0000000000
137692  38.623  -9.463  57.973 0.0000000000
118946  38.977  -8.967  58.082 0.0000000000
58111  39.313  -8.402  57.606 0.0000000000
76319  46.042  8.812  25.699 0.0000000000
125667  46.848  8.685  25.694 0.0000000000
117774  47.563  8.314  26.034 0.0000000000
141938  47.538  8.002  26.757 0.0000000000
76318  48.303  8.224  25.662 0.0000000000
76316  50.645  8.148  25.973 0.0000000000
76273  51.156  8.529  28.394 0.0000000000
76274  50.319  8.389  28.568 0.0000000000
120665  53.649  10.937  19.850 0.0000000000
79080  56.048  11.361  22.855 0.0000000000
79067  55.862  11.277  23.375 0.0000000000
134656  54.538  10.757  23.039 0.0000000000
78177  55.450  10.653  24.638 0.0000000000
58039  29.320  -7.729  61.827 0.0000000000
59259  29.670  -7.569  61.140 0.0000000000
59235  29.953  -7.724  63.195 0.0000000000
59206  30.447  -7.330  63.897 0.0000000000
59183  30.354  -7.377  64.704 0.0000000000
60374  30.926  -6.843  64.435 0.0000000000
124429  31.199  -6.719  65.205 0.0000000000
60320  31.924  -6.831  66.133 0.0000000000
131950  30.402  -7.957  68.504 0.0000000000
59131  30.665  -7.771  67.851 0.0000000000
121980  31.157  -8.209  68.224 0.0000000000
59130  31.167  -7.848  67.511 0.0000000000
55647  21.556  -10.569  63.613 0.0000000000
57884  17.695  -8.976  74.774 0.0000000000
57871  18.103  -8.530  75.274 0.0000000000
57873  16.781  -8.638  75.687 0.0000000000
57862  16.351  -8.447  76.356 0.0000000000
56722  15.485  -9.428  75.392 0.0000000000
57863  15.765  -8.493  76.811 0.0000000000
59033  16.204  -8.073  77.228 0.0000000000
59022  16.096  -8.056  77.939 0.0000000000
55495  13.759  -10.881  75.373 0.0000000000
56716  14.046  -9.710  77.532 0.0000000000
55474  13.507  -10.382  77.910 0.0000000000
56708  13.987  -9.583  78.584 0.0000000000
56707  14.527  -9.125  78.119 0.0000000000
74336  47.731  7.383  29.928 0.0000000000
75291  48.378  7.402  31.193 0.0000000000
74309  47.795  7.092  31.098 0.0000000000
75292  47.755  7.375  31.842 0.0000000000
75278  47.337  7.716  32.669 0.0000000000
75267  46.996  7.636  34.278 0.0000000000
74275  47.001  7.169  34.735 0.0000000000
74328  44.058  6.732  30.847 0.0000000000
74294  44.909  6.940  32.730 0.0000000000
121992  45.373  7.219  33.005 0.0000000000
74286  45.837  7.066  33.703 0.0000000000
74268  47.637  6.971  35.106 0.0000000000
73240  48.375  6.096  35.205 0.0000000000
72288  48.079  5.057  35.354 0.0000000000
72280  49.252  5.023  36.603 0.0000000000
64964  43.150  -2.306  38.733 0.0000000000
66021  43.897  -1.968  39.075 0.0000000000
64954  44.135  -2.207  39.854 0.0000000000
64943  44.985  -1.990  40.977 0.0000000000
64932  45.797  -1.889  42.028 0.0000000000
64919  47.752  -2.317  42.802 0.0000000000
134478  48.981  -2.621  43.308 0.0000000000
63839  45.988  -3.789  44.782 0.0000000000
63838  46.820  -3.605  44.817 0.0000000000
63837  47.488  -3.387  44.532 0.0000000000
63808  47.986  -3.312  45.824 0.0000000000
63824  48.260  -3.305  44.842 0.0000000000
121348  49.049  -2.966  44.873 0.0000000000
64908  48.887  -3.083  44.007 0.0000000000
64892  50.499  -2.417  45.009 0.0000000000
60541  37.174  -6.262  51.021 0.0000000000
58005  38.826  -8.642  64.177 0.0000000000
59201  39.928  -7.199  63.950 0.0000000000
121444  45.779  8.410  26.891 0.0000000000
75325  46.548  8.173  27.950 0.0000000000
126406  46.979  7.976  28.995 0.0000000000
75303  47.327  7.599  29.422 0.0000000000
79117  50.592  11.111  20.746 0.0000000000
79102  50.267  10.869  21.518 0.0000000000
50929  11.283  -15.374  74.993 0.0000000000
50921  11.544  -14.805  75.764 0.0000000000
49956  11.229  -15.623  75.949 0.0000000000
49950  11.141  -16.145  77.446 0.0000000000
48908  10.808  -16.666  79.758 0.0000000000
47936  9.593  -17.850  76.937 0.0000000000
47931  10.028  -18.368  78.727 0.0000000000
141747  10.355  -17.717  80.279 0.0000000000
46937  10.389  -18.033  80.572 0.0000000000
67163  41.327  -0.221  35.606 0.0000000000
67157  41.760  -0.745  36.183 0.0000000000
66037  41.769  -1.766  37.260 0.0000000000
64976  42.194  -2.059  37.766 0.0000000000
63921  41.990  -3.131  39.951 0.0000000000
64945  43.109  -2.899  40.802 0.0000000000
63858  43.819  -3.704  43.631 0.0000000000
63876  40.832  -4.042  42.173 0.0000000000
141446  41.226  -3.808  41.817 0.0000000000
63875  42.555  -3.531  42.663 0.0000000000
63840  44.212  -3.995  44.475 0.0000000000
62763  44.074  -4.300  45.153 0.0000000000
134250  44.247  -4.339  45.662 0.0000000000
140829  44.491  -4.036  46.556 0.0000000000
62731  43.960  -4.286  46.299 0.0000000000
64878  44.496  -3.423  47.595 0.0000000000
133361  44.491  -2.123  49.281 0.0000000000
140160  33.065  -11.540  56.273 0.0000000000
55721  33.993  -11.560  57.745 0.0000000000
55738  30.685  -11.394  57.993 0.0000000000
54403  31.538  -11.743  58.226 0.0000000000
55722  31.590  -11.467  58.915 0.0000000000
55720  34.582  -11.314  58.297 0.0000000000
54399  34.940  -11.449  59.112 0.0000000000
54384  36.217  -11.686  59.924 0.0000000000
54369  36.581  -11.641  60.694 0.0000000000
54357  35.461  -11.352  61.207 0.0000000000
54356  36.157  -11.501  61.327 0.0000000000
54355  36.971  -11.475  61.293 0.0000000000
55675  37.274  -10.978  61.802 0.0000000000
59258  30.182  -7.552  61.673 0.0000000000
131834  31.046  -7.572  61.603 0.0000000000
59257  31.846  -7.691  61.652 0.0000000000
59256  32.656  -7.752  61.704 0.0000000000
58037  33.946  -8.273  62.017 0.0000000000
60344  33.508  -6.744  64.967 0.0000000000
120432  33.890  -6.896  64.394 0.0000000000
60343  34.296  -7.238  64.593 0.0000000000
60394  33.914  -6.846  63.956 0.0000000000
60408  34.182  -6.921  63.259 0.0000000000
59230  34.232  -7.558  62.698 0.0000000000
58022  34.675  -8.360  62.518 0.0000000000
58021  35.264  -8.527  63.029 0.0000000000
118900  35.926  -8.274  64.908 0.0000000000
58006  36.465  -8.797  63.963 0.0000000000
56865  37.089  -9.676  63.751 0.0000000000
56853  38.192  -9.309  64.511 0.0000000000
59074  27.775  -8.434  72.807 0.0000000000
59075  27.084  -8.320  73.262 0.0000000000
118917  26.264  -8.030  72.267 0.0000000000
59077  25.891  -7.852  73.757 0.0000000000
134371  25.190  -7.734  73.486 0.0000000000
57940  24.325  -9.193  69.990 0.0000000000
120204  23.904  -8.874  70.737 0.0000000000
57915  23.668  -8.595  71.628 0.0000000000
57901  23.259  -8.431  72.278 0.0000000000
57902  23.342  -8.132  72.942 0.0000000000
59078  22.762  -8.057  73.508 0.0000000000
57891  22.004  -8.360  73.322 0.0000000000
56750  21.196  -9.336  72.345 0.0000000000
57892  20.726  -8.720  73.788 0.0000000000
126441  20.076  -9.166  73.739 0.0000000000
57893  19.521  -9.536  73.752 0.0000000000
57894  18.898  -9.593  74.045 0.0000000000
134998  21.147  -10.489  64.102 0.0000000000
123373  20.989  -10.415  64.747 0.0000000000
132309  20.666  -10.286  65.475 0.0000000000
56804  19.904  -10.041  67.843 0.0000000000
55617  18.035  -10.988  65.952 0.0000000000
55555  19.194  -10.343  68.097 0.0000000000
126696  19.670  -10.084  68.583 0.0000000000
55533  18.289  -10.576  70.169 0.0000000000
56764  18.980  -10.406  71.681 0.0000000000
56753  18.687  -10.392  72.685 0.0000000000
56740  18.386  -10.116  73.547 0.0000000000
56741  17.553  -10.061  73.686 0.0000000000
56742  16.740  -9.967  73.799 0.0000000000
55506  16.228  -10.437  73.323 0.0000000000
55507  15.414  -10.553  73.550 0.0000000000
55509  14.022  -11.379  73.804 0.0000000000
53148  15.192  -12.420  70.061 0.0000000000
54267  14.988  -12.103  70.894 0.0000000000
50938  10.920  -15.277  74.098 0.0000000000
48935  10.219  -16.214  74.513 0.0000000000
49968  9.561  -16.074  73.992 0.0000000000
48936  9.460  -16.526  74.641 0.0000000000
59320  29.331  -7.590  57.885 0.0000000000
59283  28.642  -7.488  60.113 0.0000000000
58097  27.272  -7.694  58.855 0.0000000000
58079  26.855  -8.485  59.518 0.0000000000
58040  28.662  -8.375  61.911 0.0000000000
55657  28.386  -10.045  62.798 0.0000000000
56867  28.777  -9.731  63.286 0.0000000000
57963  28.795  -9.367  67.218 0.0000000000
55642  26.851  -11.135  63.973 0.0000000000
122826  26.870  -10.938  66.343 0.0000000000
55587  27.529  -10.854  66.530 0.0000000000
126428  28.084  -10.911  66.077 0.0000000000
55586  28.152  -10.630  66.607 0.0000000000
119599  28.422  -10.117  66.967 0.0000000000
57936  28.748  -8.405  69.756 0.0000000000
57924  28.152  -8.333  70.427 0.0000000000
118251  28.449  -7.922  71.120 0.0000000000
59095  28.628  -7.986  71.633 0.0000000000
59058  18.023  -7.929  76.017 0.0000000000
59043  18.407  -7.591  76.924 0.0000000000
50908  11.456  -15.093  78.789 0.0000000000
52001  11.826  -13.686  78.677 0.0000000000
51995  11.867  -13.594  79.616 0.0000000000
79001  53.173  11.866  32.545 0.0000000000
78992  53.549  12.714  33.493 0.0000000000
76229  48.910  9.363  34.521 0.0000000000
77200  49.565  9.785  34.523 0.0000000000
77180  49.720  10.527  35.931 0.0000000000
75240  49.388  8.538  36.299 0.0000000000
123391  50.343  9.072  36.905 0.0000000000
76201  51.198  9.670  37.439 0.0000000000
134608  51.907  10.190  37.835 0.0000000000
72314  43.298  4.392  32.461 0.0000000000
71389  43.680  3.824  32.768 0.0000000000
71380  44.297  3.732  33.239 0.0000000000
119847  42.920  2.219  34.018 0.0000000000
70417  43.660  2.368  34.172 0.0000000000
70406  43.778  2.337  34.921 0.0000000000
71370  44.729  3.262  33.958 0.0000000000
71369  45.443  3.765  34.235 0.0000000000
71361  46.361  3.628  35.533 0.0000000000
71351  47.346  3.506  36.659 0.0000000000
70395  46.706  3.016  37.136 0.0000000000
70389  47.498  3.193  37.514 0.0000000000
67134  44.923  -0.873  39.052 0.0000000000
66007  46.116  -1.106  40.980 0.0000000000
67114  45.933  -0.830  40.165 0.0000000000
67133  45.613  -0.463  39.407 0.0000000000
67132  46.418  0.041  39.835 0.0000000000
68230  47.110  0.746  39.888 0.0000000000
65979  49.969  -1.315  42.465 0.0000000000
132649  49.980  -0.624  42.043 0.0000000000
67088  48.328  -0.206  41.253 0.0000000000
127690  47.739  0.750  40.352 0.0000000000
135397  47.617  1.233  39.905 0.0000000000
69303  48.610  2.174  40.038 0.0000000000
69285  49.953  1.752  40.799 0.0000000000
70355  49.479  2.397  40.379 0.0000000000
71307  50.063  3.268  40.186 0.0000000000
72237  50.959  3.889  40.458 0.0000000000
134462  37.622  -4.805  43.086 0.0000000000
139502  38.434  -4.801  43.737 0.0000000000
62785  39.046  -4.695  44.037 0.0000000000
63829  36.172  -4.353  46.000 0.0000000000
62737  37.071  -4.551  46.194 0.0000000000
62752  37.422  -4.959  45.531 0.0000000000
63815  38.229  -4.166  47.044 0.0000000000
62736  37.800  -4.791  46.384 0.0000000000
62751  38.390  -5.167  45.620 0.0000000000
119848  40.056  -4.849  44.950 0.0000000000
62749  40.343  -4.911  45.652 0.0000000000
62733  41.559  -4.654  46.548 0.0000000000
62721  41.772  -4.367  47.203 0.0000000000
133367  41.646  -3.289  48.413 0.0000000000
63776  42.364  -3.373  48.111 0.0000000000
64860  43.423  -2.671  48.654 0.0000000000
55735  35.485  -10.434  57.164 0.0000000000
56966  35.004  -10.147  55.838 0.0000000000
118437  36.230  -9.105  56.037 0.0000000000
56981  35.586  -9.433  55.465 0.0000000000
58206  35.781  -7.793  51.642 0.0000000000
58182  36.957  -7.793  53.803 0.0000000000
59382  36.626  -7.474  53.040 0.0000000000
59403  36.492  -7.303  52.125 0.0000000000
59421  37.047  -6.734  51.640 0.0000000000
141930  37.497  -6.138  51.573 0.0000000000
58054  39.166  -8.453  60.496 0.0000000000
59253  39.505  -6.949  61.738 0.0000000000
59278  39.325  -7.676  60.312 0.0000000000
58073  39.376  -8.377  59.591 0.0000000000
135838  39.713  -7.961  58.887 0.0000000000
59308  39.761  -7.869  58.175 0.0000000000
59319  39.728  -7.647  57.337 0.0000000000
61526  40.027  -5.311  59.642 0.0000000000
124327  40.250  -5.117  58.831 0.0000000000
61542  39.906  -5.849  59.005 0.0000000000
60437  39.932  -6.469  58.414 0.0000000000
60448  39.954  -6.923  57.054 0.0000000000
59330  39.731  -7.470  56.497 0.0000000000
59344  39.554  -7.213  55.570 0.0000000000
59359  38.978  -7.093  54.879 0.0000000000
60489  38.850  -6.719  54.223 0.0000000000
61579  39.947  -5.782  54.878 0.0000000000
60503  38.556  -6.293  53.503 0.0000000000
60515  38.232  -5.818  52.754 0.0000000000
60529  37.843  -5.692  51.952 0.0000000000
61630  37.927  -5.170  51.723 0.0000000000
62690  38.065  -4.541  51.943 0.0000000000
63747  37.853  -3.807  51.521 0.0000000000
63739  38.721  -3.680  52.786 0.0000000000
126702  38.112  -3.124  51.739 0.0000000000
64824  38.606  -2.517  51.512 0.0000000000
65898  38.917  -1.977  51.168 0.0000000000
65914  39.389  -1.850  50.996 0.0000000000
64793  40.726  -2.605  55.590 0.0000000000
64802  40.578  -2.434  54.818 0.0000000000
65867  41.432  -1.329  54.013 0.0000000000
65878  40.883  -1.888  53.477 0.0000000000
126868  40.469  -1.980  52.770 0.0000000000
133005  39.966  -1.831  51.575 0.0000000000
65913  40.290  -1.798  50.717 0.0000000000
125581  41.123  -1.752  50.881 0.0000000000
65912  41.875  -1.660  50.668 0.0000000000
65911  42.734  -1.457  50.486 0.0000000000
79971  49.816  11.568  21.257 0.0000000000
79084  50.030  10.734  22.045 0.0000000000
78217  50.779  10.425  21.791 0.0000000000
78203  51.276  10.014  22.024 0.0000000000
77262  53.870  9.144  24.977 0.0000000000
77261  54.508  9.469  25.617 0.0000000000
76304  52.253  8.122  26.738 0.0000000000
131180  52.974  8.378  26.910 0.0000000000
76302  53.726  8.608  26.684 0.0000000000
76301  54.421  9.187  26.474 0.0000000000
78153  55.339  10.815  27.647 0.0000000000
78142  55.607  11.474  28.038 0.0000000000
54387  33.607  -11.670  59.598 0.0000000000
55674  38.160  -10.748  61.819 0.0000000000
55676  36.544  -11.142  61.743 0.0000000000
55750  35.090  -10.458  56.588 0.0000000000
56772  21.794  -9.529  70.675 0.0000000000
57875  15.584  -8.888  76.133 0.0000000000
57911  29.103  -9.368  71.316 0.0000000000
57935  29.437  -8.179  69.757 0.0000000000
57958  35.621  -9.180  66.720 0.0000000000
57993  36.382  -8.648  64.757 0.0000000000
58112  38.647  -9.011  57.447 0.0000000000
58132  36.872  -8.701  55.713 0.0000000000
59032  16.772  -7.850  77.751 0.0000000000
59063  26.572  -8.716  73.965 0.0000000000
59142  35.416  -8.222  65.777 0.0000000000
59203  36.023  -7.903  64.064 0.0000000000
60342  35.019  -7.625  64.591 0.0000000000
60345  32.717  -6.406  64.958 0.0000000000
60347  31.358  -6.804  66.019 0.0000000000
60393  34.694  -7.073  63.800 0.0000000000
60476  40.451  -6.164  56.148 0.0000000000
61661  36.771  -5.574  50.003 0.0000000000
62658  39.310  -4.444  53.865 0.0000000000
62707  36.216  -5.001  48.819 0.0000000000
62734  40.634  -4.815  46.495 0.0000000000
62788  35.834  -4.637  44.005 0.0000000000
63795  42.385  -4.026  47.446 0.0000000000
64842  45.266  -2.105  49.191 0.0000000000
64977  41.459  -2.353  37.902 0.0000000000
68253  45.113  0.934  37.842 0.0000000000
69315  47.308  1.893  39.058 0.0000000000
74324  48.135  7.336  30.509 0.0000000000
75250  47.666  7.483  35.073 0.0000000000
76218  48.143  8.346  35.025 0.0000000000
78972  52.063  12.052  36.536 0.0000000000
78983  51.785  11.894  34.704 0.0000000000
117424  46.971  -2.424  43.008 0.0000000000
117561  40.709  -2.533  37.779 0.0000000000
118557  39.903  -7.085  57.868 0.0000000000
118914  18.926  -7.735  76.233 0.0000000000
120733  39.191  -5.030  44.956 0.0000000000
123654  38.522  -10.029  59.048 0.0000000000
126422  13.782  -10.581  76.232 0.0000000000
129611  29.448  -8.863  64.187 0.0000000000
130669  44.194  -2.526  48.718 0.0000000000
131199  33.493  -6.696  63.312 0.0000000000
132054  44.174  -3.339  43.033 0.0000000000
132303  39.115  -5.250  45.824 0.0000000000
135809  37.906  -9.827  64.046 0.0000000000
135995  46.163  -3.248  43.657 0.0000000000
136917  39.266  -7.521  62.040 0.0000000000
138907  28.787  -9.751  66.650 0.0000000000
139687  30.694  -6.992  64.964 0.0000000000
139945  48.963  -0.412  41.569 0.0000000000
139972  48.658  8.368  32.887 0.0000000000
140141  51.278  8.236  25.815 0.0000000000
140535  44.295  -2.689  41.751 0.0000000000
140788  37.041  -5.266  50.324 0.0000000000
141329  26.155  -8.686  71.249 0.0000000000
