#!ascii label  , from subject sub_0001 vox2ras=TkReg
923
88883  39.679  23.407  28.195 0.0000000000
89602  44.802  24.573  15.453 0.0000000000
90856  45.116  27.003  14.035 0.0000000000
86166  41.566  19.837  5.480 0.0000000000
121792  38.769  22.276  20.866 0.0000000000
92117  46.139  28.739  21.063 0.0000000000
89661  44.967  24.075  7.542 0.0000000000
92206  39.124  28.348  13.028 0.0000000000
91411  48.603  27.777  23.287 0.0000000000
90158  42.965  25.258  22.444 0.0000000000
87552  40.828  21.804  15.241 0.0000000000
92778  41.241  29.797  13.375 0.0000000000
139400  41.473  27.442  8.569 0.0000000000
142332  50.185  28.084  14.495 0.0000000000
90271  45.397  26.619  5.841 0.0000000000
93925  37.968  31.346  11.695 0.0000000000
90142  43.533  25.740  25.890 0.0000000000
90144  41.472  25.312  25.472 0.0000000000
88263  39.727  22.223  18.063 0.0000000000
90813  43.017  26.777  16.962 0.0000000000
92167  41.384  28.423  16.088 0.0000000000
91500  41.932  27.314  13.783 0.0000000000
92224  41.345  29.842  9.546 0.0000000000
91538  43.586  28.287  10.255 0.0000000000
117957  45.977  25.410  19.072 0.0000000000
131824  49.278  27.384  18.379 0.0000000000
90216  47.529  25.752  15.179 0.0000000000
88360  44.147  22.814  2.983 0.0000000000
90279  46.739  26.333  5.613 0.0000000000
89688  43.354  24.462  3.690 0.0000000000
89025  41.567  23.339  7.422 0.0000000000
132043  39.798  19.731  7.348 0.0000000000
84342  39.600  17.826  10.932 0.0000000000
88885  37.990  23.224  27.534 0.0000000000
89550  38.609  24.426  24.205 0.0000000000
125531  46.128  27.476  17.357 0.0000000000
124228  43.286  22.885  12.202 0.0000000000
89631  44.877  24.168  11.937 0.0000000000
88326  43.600  22.129  9.067 0.0000000000
87625  44.099  21.781  5.343 0.0000000000
92690  48.810  29.915  27.037 0.0000000000
90756  47.164  27.428  26.558 0.0000000000
90156  45.300  25.866  22.227 0.0000000000
117767  44.253  24.614  19.102 0.0000000000
89562  40.304  24.179  21.606 0.0000000000
88943  41.810  23.804  18.900 0.0000000000
88965  42.656  23.705  15.235 0.0000000000
86827  42.479  20.682  12.260 0.0000000000
87443  36.496  21.158  29.595 0.0000000000
93323  43.212  31.212  14.970 0.0000000000
93905  40.932  32.160  12.957 0.0000000000
92816  39.863  30.940  9.771 0.0000000000
91541  40.279  28.151  10.346 0.0000000000
89633  39.726  24.504  11.532 0.0000000000
92725  49.795  29.623  22.406 0.0000000000
125939  49.669  29.370  18.421 0.0000000000
135455  48.313  28.434  13.989 0.0000000000
130668  47.278  25.882  10.978 0.0000000000
90884  48.871  27.940  9.781 0.0000000000
91548  46.564  28.236  10.226 0.0000000000
90263  43.161  25.515  8.597 0.0000000000
89008  39.958  23.995  9.019 0.0000000000
93918  37.015  31.634  12.559 0.0000000000
93908  37.826  32.053  12.765 0.0000000000
90139  41.831  25.138  26.582 0.0000000000
141573  40.716  24.494  27.039 0.0000000000
90833  44.294  26.587  15.524 0.0000000000
90835  42.289  26.764  15.229 0.0000000000
90858  43.347  26.629  13.201 0.0000000000
91526  42.516  27.565  11.842 0.0000000000
90866  43.930  26.965  12.554 0.0000000000
90194  45.837  25.152  16.969 0.0000000000
90201  46.611  25.397  16.538 0.0000000000
90210  45.901  25.159  15.444 0.0000000000
131038  42.564  21.135  3.956 0.0000000000
89054  43.257  23.268  3.027 0.0000000000
87633  42.128  21.910  4.350 0.0000000000
87618  41.230  21.554  5.783 0.0000000000
86159  40.592  19.359  6.375 0.0000000000
85306  40.625  18.419  8.434 0.0000000000
127653  41.274  18.392  8.221 0.0000000000
88900  36.829  23.223  25.069 0.0000000000
128626  44.363  27.453  18.680 0.0000000000
91433  46.137  28.167  19.308 0.0000000000
87593  43.179  21.300  10.621 0.0000000000
88320  43.573  22.268  10.143 0.0000000000
87600  43.341  21.393  9.548 0.0000000000
86884  45.496  20.339  5.666 0.0000000000
86162  45.583  19.887  5.408 0.0000000000
86170  44.892  20.478  4.772 0.0000000000
90154  43.250  25.577  23.410 0.0000000000
132723  44.373  25.967  24.437 0.0000000000
117507  43.877  25.569  22.705 0.0000000000
90168  44.489  25.149  20.594 0.0000000000
89568  43.797  24.851  20.470 0.0000000000
141807  38.916  23.965  22.604 0.0000000000
118460  39.751  24.550  22.859 0.0000000000
88916  39.642  23.651  21.493 0.0000000000
87533  40.141  21.642  16.775 0.0000000000
88944  40.750  23.224  18.141 0.0000000000
88283  41.351  23.229  16.492 0.0000000000
88959  42.257  23.771  16.279 0.0000000000
123257  41.415  22.473  14.969 0.0000000000
88303  42.306  22.444  13.413 0.0000000000
87569  41.770  21.001  13.225 0.0000000000
85251  44.110  18.199  12.154 0.0000000000
92194  41.394  28.722  14.230 0.0000000000
130806  42.064  30.127  15.683 0.0000000000
93339  42.036  30.882  13.834 0.0000000000
93892  42.361  32.007  13.930 0.0000000000
93347  41.346  31.340  13.143 0.0000000000
93922  40.046  31.721  11.206 0.0000000000
92799  40.593  31.127  11.366 0.0000000000
91570  41.281  29.258  8.447 0.0000000000
123117  40.569  29.913  8.697 0.0000000000
91562  40.792  27.975  8.895 0.0000000000
90241  40.496  26.051  11.351 0.0000000000
90247  40.614  25.921  10.333 0.0000000000
91406  49.192  28.577  24.844 0.0000000000
92713  49.730  29.809  24.589 0.0000000000
91410  49.658  28.755  23.006 0.0000000000
90819  49.513  27.396  16.639 0.0000000000
91447  50.372  29.142  18.628 0.0000000000
91476  49.934  28.849  16.632 0.0000000000
91488  48.700  28.721  15.859 0.0000000000
92192  49.860  28.567  14.163 0.0000000000
89006  45.238  24.101  9.095 0.0000000000
89629  46.409  25.249  10.991 0.0000000000
89652  46.072  24.627  8.422 0.0000000000
90914  46.654  27.249  5.778 0.0000000000
90259  48.104  27.102  7.860 0.0000000000
91567  47.427  27.542  7.797 0.0000000000
126121  47.603  28.383  9.919 0.0000000000
90896  46.606  27.354  8.093 0.0000000000
90887  44.284  26.791  9.336 0.0000000000
90262  44.220  25.659  8.131 0.0000000000
88340  39.875  21.831  8.097 0.0000000000
89016  41.115  23.836  8.075 0.0000000000
88334  39.063  21.979  9.135 0.0000000000
89010  38.943  22.938  10.025 0.0000000000
92095  45.930  28.920  22.805 0.0000000000
92801  37.434  30.070  11.924 0.0000000000
92217  38.198  29.442  11.909 0.0000000000
90752  44.328  26.042  27.879 0.0000000000
118408  43.435  25.540  27.394 0.0000000000
90143  42.560  25.496  25.911 0.0000000000
131521  42.263  25.364  23.283 0.0000000000
122299  39.402  22.507  19.966 0.0000000000
91481  41.444  27.617  16.563 0.0000000000
121122  41.420  27.970  14.821 0.0000000000
92205  41.276  28.720  13.381 0.0000000000
92215  41.228  29.294  11.182 0.0000000000
91527  41.735  28.111  11.666 0.0000000000
92223  41.984  29.164  9.478 0.0000000000
92231  42.520  28.493  9.177 0.0000000000
117398  47.390  26.503  21.108 0.0000000000
90781  48.594  27.258  20.797 0.0000000000
90801  47.815  26.380  18.695 0.0000000000
90810  48.470  26.469  17.183 0.0000000000
90831  48.900  26.624  14.850 0.0000000000
89038  44.720  23.899  3.927 0.0000000000
129421  46.303  25.297  6.033 0.0000000000
89686  45.267  24.992  2.973 0.0000000000
90297  45.004  26.213  2.860 0.0000000000
90291  44.549  26.127  4.134 0.0000000000
89662  43.682  25.016  6.654 0.0000000000
89033  42.507  23.627  5.795 0.0000000000
88346  40.762  21.615  6.630 0.0000000000
86867  39.284  19.891  7.995 0.0000000000
84341  40.543  17.866  10.588 0.0000000000
88884  38.848  23.325  27.905 0.0000000000
89540  39.379  24.414  26.583 0.0000000000
88898  38.178  24.214  25.711 0.0000000000
117452  37.727  23.891  24.125 0.0000000000
88226  37.565  22.663  22.583 0.0000000000
133231  42.489  27.294  18.516 0.0000000000
91465  44.269  27.013  17.851 0.0000000000
90832  45.459  26.859  15.903 0.0000000000
89618  44.108  24.141  13.821 0.0000000000
89617  44.797  24.396  13.598 0.0000000000
88984  44.257  23.789  12.310 0.0000000000
88999  44.508  23.500  10.609 0.0000000000
122789  44.310  23.362  7.718 0.0000000000
86875  43.592  20.541  7.542 0.0000000000
88337  43.558  22.203  6.766 0.0000000000
89032  43.821  22.999  6.192 0.0000000000
126878  44.435  22.326  4.009 0.0000000000
86171  44.013  20.225  4.748 0.0000000000
85336  42.946  19.127  5.934 0.0000000000
129463  42.075  18.292  7.931 0.0000000000
91399  48.582  28.606  26.790 0.0000000000
91407  47.811  27.609  24.940 0.0000000000
125157  45.292  26.236  26.189 0.0000000000
90766  45.918  26.543  24.818 0.0000000000
130002  46.656  26.645  23.127 0.0000000000
90160  45.774  25.864  21.581 0.0000000000
136811  45.059  24.895  19.237 0.0000000000
125895  44.495  24.608  16.831 0.0000000000
89548  40.066  25.039  24.695 0.0000000000
134776  41.122  25.204  23.058 0.0000000000
119809  41.828  24.703  21.691 0.0000000000
88923  39.935  23.154  20.215 0.0000000000
89569  41.504  24.003  20.255 0.0000000000
120602  42.287  24.286  20.356 0.0000000000
88942  42.655  24.107  18.958 0.0000000000
135200  43.764  24.377  16.717 0.0000000000
88964  43.570  24.188  15.225 0.0000000000
88302  42.893  23.351  13.734 0.0000000000
87584  42.576  21.464  12.132 0.0000000000
86838  42.943  20.674  11.275 0.0000000000
86076  42.347  19.618  13.007 0.0000000000
86087  43.263  19.228  11.880 0.0000000000
88188  38.046  21.760  29.217 0.0000000000
88189  37.202  21.564  28.913 0.0000000000
86692  35.191  20.615  29.417 0.0000000000
93850  43.834  31.460  16.051 0.0000000000
94453  43.766  32.241  14.973 0.0000000000
137961  39.140  32.075  11.705 0.0000000000
93930  39.294  31.374  10.650 0.0000000000
92800  38.846  29.674  11.062 0.0000000000
121086  40.521  30.486  9.349 0.0000000000
92225  39.996  29.456  9.475 0.0000000000
91529  39.634  28.183  12.149 0.0000000000
92104  48.515  29.598  21.579 0.0000000000
91417  50.147  28.740  20.529 0.0000000000
92114  49.641  29.595  19.969 0.0000000000
119845  48.310  29.211  20.033 0.0000000000
91464  47.138  28.305  17.790 0.0000000000
91489  47.470  27.988  15.600 0.0000000000
133074  46.866  27.735  13.829 0.0000000000
90226  46.169  25.203  13.338 0.0000000000
90231  47.729  26.051  12.891 0.0000000000
90865  48.543  26.751  12.011 0.0000000000
90260  47.671  26.274  7.923 0.0000000000
90879  48.717  27.435  9.888 0.0000000000
91520  49.303  27.956  12.186 0.0000000000
92214  48.694  28.278  11.669 0.0000000000
91522  46.983  28.170  12.247 0.0000000000
91523  45.877  27.757  11.946 0.0000000000
91549  44.594  28.218  10.086 0.0000000000
91560  43.291  27.680  9.503 0.0000000000
90898  42.077  26.880  8.626 0.0000000000
89654  42.572  24.702  8.193 0.0000000000
89655  41.542  24.567  8.399 0.0000000000
89646  40.435  24.771  9.280 0.0000000000
89647  39.766  24.259  9.749 0.0000000000
84328  38.986  17.633  11.753 0.0000000000
137702  38.738  31.962  13.448 0.0000000000
88882  40.497  23.526  28.455 0.0000000000
89534  40.955  24.093  27.829 0.0000000000
89535  40.082  24.132  27.421 0.0000000000
90844  44.301  26.648  14.533 0.0000000000
122862  43.600  26.491  14.915 0.0000000000
90857  44.187  26.787  13.577 0.0000000000
91512  45.140  27.177  12.917 0.0000000000
89596  45.199  24.857  16.671 0.0000000000
90202  45.859  25.158  16.210 0.0000000000
89609  45.370  24.793  15.031 0.0000000000
86889  42.334  20.236  4.907 0.0000000000
86897  42.048  21.192  4.343 0.0000000000
86890  41.768  20.597  4.997 0.0000000000
86891  41.062  20.391  5.511 0.0000000000
86158  41.131  19.347  5.978 0.0000000000
85319  40.585  18.812  6.978 0.0000000000
85330  41.210  18.891  6.514 0.0000000000
131325  45.281  28.666  21.550 0.0000000000
92118  44.925  28.396  20.951 0.0000000000
91422  45.516  28.314  20.187 0.0000000000
86847  43.210  20.391  10.715 0.0000000000
86857  43.337  20.509  9.962 0.0000000000
86883  45.634  20.149  5.466 0.0000000000
85333  45.690  19.318  5.911 0.0000000000
85334  45.043  19.138  5.665 0.0000000000
91515  39.580  27.655  13.287 0.0000000000
126138  43.680  25.322  21.965 0.0000000000
118039  43.934  25.172  21.232 0.0000000000
89560  43.307  24.818  20.960 0.0000000000
88917  38.954  23.538  22.031 0.0000000000
88231  38.974  22.906  21.312 0.0000000000
87543  40.455  21.826  16.037 0.0000000000
88284  40.572  22.521  16.786 0.0000000000
88290  40.984  22.567  15.811 0.0000000000
87561  41.243  21.741  14.415 0.0000000000
92770  41.539  29.608  14.435 0.0000000000
92788  40.902  30.587  12.264 0.0000000000
91569  41.140  28.271  8.491 0.0000000000
90889  41.086  27.147  8.840 0.0000000000
90890  40.742  26.819  9.573 0.0000000000
91412  48.288  27.775  24.089 0.0000000000
91405  49.599  28.669  23.960 0.0000000000
91415  48.676  27.656  22.342 0.0000000000
140723  49.907  27.649  14.837 0.0000000000
135885  50.124  28.433  16.084 0.0000000000
90829  50.215  28.331  15.137 0.0000000000
92179  49.992  28.632  15.143 0.0000000000
91496  50.095  28.343  14.447 0.0000000000
138865  45.371  24.222  8.210 0.0000000000
89645  45.892  24.603  9.472 0.0000000000
90906  46.138  27.219  6.158 0.0000000000
90904  47.176  27.396  6.575 0.0000000000
90905  46.695  27.396  6.501 0.0000000000
117877  46.138  27.042  7.512 0.0000000000
90897  44.898  26.400  8.462 0.0000000000
90261  45.264  26.348  7.301 0.0000000000
87607  39.220  21.407  8.532 0.0000000000
88333  39.501  22.331  8.693 0.0000000000
87601  38.595  21.280  9.292 0.0000000000
93355  37.139  30.935  12.060 0.0000000000
92811  38.019  30.796  11.387 0.0000000000
90134  43.507  25.539  28.421 0.0000000000
90135  42.881  25.046  27.906 0.0000000000
134941  42.251  25.552  24.953 0.0000000000
90150  41.567  25.426  24.227 0.0000000000
91467  41.917  27.147  17.797 0.0000000000
91468  41.397  27.539  17.479 0.0000000000
91480  42.001  26.998  16.953 0.0000000000
90846  42.498  26.772  14.347 0.0000000000
90836  41.679  27.299  15.144 0.0000000000
90847  41.659  27.523  14.501 0.0000000000
91501  41.462  28.044  13.967 0.0000000000
91514  41.402  28.200  12.781 0.0000000000
91513  42.160  27.386  12.703 0.0000000000
91525  43.492  27.555  11.426 0.0000000000
91539  42.450  28.260  10.671 0.0000000000
91551  42.632  28.567  9.624 0.0000000000
92232  42.101  29.161  8.998 0.0000000000
90782  46.986  26.143  20.254 0.0000000000
90792  47.723  26.481  19.627 0.0000000000
90187  46.813  25.782  18.600 0.0000000000
90209  46.613  25.415  15.760 0.0000000000
90200  47.492  25.772  16.877 0.0000000000
90208  47.487  25.742  16.062 0.0000000000
133169  48.361  26.290  15.625 0.0000000000
133388  47.938  26.058  14.432 0.0000000000
88356  44.509  23.240  3.342 0.0000000000
89677  45.299  24.911  4.290 0.0000000000
89045  44.811  24.170  2.697 0.0000000000
89047  42.859  23.519  3.572 0.0000000000
89697  44.525  24.782  2.581 0.0000000000
89687  44.144  25.279  2.845 0.0000000000
89678  43.913  25.396  3.837 0.0000000000
89679  43.032  24.557  4.854 0.0000000000
89040  42.584  23.672  4.592 0.0000000000
86876  40.131  19.910  6.760 0.0000000000
87612  40.282  20.717  6.634 0.0000000000
86877  39.746  20.460  7.399 0.0000000000
86149  39.760  19.253  7.705 0.0000000000
84363  41.040  18.120  8.943 0.0000000000
84352  40.795  18.045  9.738 0.0000000000
88891  38.559  23.951  26.784 0.0000000000
88892  37.632  23.625  26.390 0.0000000000
88906  37.107  23.404  24.510 0.0000000000
88218  37.110  23.166  23.849 0.0000000000
88910  37.690  23.399  23.266 0.0000000000
141766  37.184  22.725  23.260 0.0000000000
117733  45.203  27.388  18.042 0.0000000000
90811  45.002  26.921  17.297 0.0000000000
90821  44.663  26.716  16.483 0.0000000000
136185  45.581  26.948  16.704 0.0000000000
88985  43.638  23.432  12.587 0.0000000000
88977  44.183  23.976  13.069 0.0000000000
88993  43.758  23.200  11.887 0.0000000000
88319  44.081  23.018  10.189 0.0000000000
88325  44.027  22.880  9.366 0.0000000000
89007  44.594  23.507  9.680 0.0000000000
88331  43.877  22.702  8.352 0.0000000000
86135  43.772  19.766  8.236 0.0000000000
86147  44.226  19.924  7.279 0.0000000000
86885  44.697  20.958  5.469 0.0000000000
129549  43.797  20.988  6.572 0.0000000000
87617  43.700  21.628  6.182 0.0000000000
88344  43.769  22.354  5.821 0.0000000000
88350  44.295  22.351  4.825 0.0000000000
87624  44.546  21.317  4.638 0.0000000000
86163  44.827  19.800  5.073 0.0000000000
86896  44.289  20.867  4.395 0.0000000000
86164  43.571  19.607  5.262 0.0000000000
86172  43.083  20.053  4.911 0.0000000000
90749  47.015  27.696  27.610 0.0000000000
91389  48.107  28.774  28.409 0.0000000000
91400  47.973  28.335  27.481 0.0000000000
90755  47.878  27.766  25.907 0.0000000000
136442  46.847  27.082  25.420 0.0000000000
90137  43.948  25.874  26.763 0.0000000000
90758  44.887  26.197  26.927 0.0000000000
90141  44.439  25.999  26.007 0.0000000000
90772  44.746  25.882  22.908 0.0000000000
90767  45.141  26.111  23.991 0.0000000000
90771  45.639  26.244  23.066 0.0000000000
120142  46.179  26.481  23.935 0.0000000000
90775  46.084  26.255  22.341 0.0000000000
89567  44.349  24.873  19.870 0.0000000000
117734  44.894  25.188  20.043 0.0000000000
89582  44.793  24.732  18.363 0.0000000000
89589  44.571  24.676  17.627 0.0000000000
89546  38.776  24.498  25.107 0.0000000000
89545  39.571  24.736  25.533 0.0000000000
89549  39.330  24.783  24.490 0.0000000000
89552  40.128  24.955  23.271 0.0000000000
89557  40.455  24.639  22.397 0.0000000000
128580  41.288  24.821  22.228 0.0000000000
117842  41.049  24.488  21.650 0.0000000000
121337  39.671  22.238  18.822 0.0000000000
88250  39.827  22.677  19.424 0.0000000000
121995  41.020  23.384  18.837 0.0000000000
88933  41.286  23.698  19.582 0.0000000000
88932  42.080  24.037  19.648 0.0000000000
89576  42.875  24.313  19.703 0.0000000000
88950  42.362  23.870  18.122 0.0000000000
89591  42.952  24.104  17.177 0.0000000000
88958  43.224  24.160  16.091 0.0000000000
88971  43.201  23.811  14.491 0.0000000000
133968  42.624  23.398  14.432 0.0000000000
136559  42.045  21.705  13.051 0.0000000000
134873  42.423  22.051  12.626 0.0000000000
86839  42.673  20.904  11.769 0.0000000000
85253  42.847  18.801  13.147 0.0000000000
131044  43.664  18.648  11.913 0.0000000000
85266  44.015  18.385  11.597 0.0000000000
87429  38.269  21.641  29.902 0.0000000000
139525  36.887  21.340  29.960 0.0000000000
87442  37.477  21.426  29.685 0.0000000000
87451  36.297  21.523  28.497 0.0000000000
93311  43.091  30.954  15.810 0.0000000000
93866  43.928  31.709  15.338 0.0000000000
93865  44.333  32.017  15.578 0.0000000000
93877  44.132  32.104  15.168 0.0000000000
94449  44.200  32.347  15.443 0.0000000000
93878  43.735  31.975  14.811 0.0000000000
93904  41.646  31.987  13.381 0.0000000000
137939  40.759  32.260  13.550 0.0000000000
93894  39.983  32.260  13.099 0.0000000000
93906  40.192  32.293  12.389 0.0000000000
93361  40.054  31.368  10.428 0.0000000000
93929  39.779  31.481  10.656 0.0000000000
92817  39.291  31.044  10.310 0.0000000000
92809  39.264  30.535  10.301 0.0000000000
92807  40.815  30.425  9.763 0.0000000000
92815  41.114  30.390  8.960 0.0000000000
91552  40.453  28.761  9.112 0.0000000000
91542  39.812  28.659  10.813 0.0000000000
91528  40.198  27.629  11.583 0.0000000000
90234  40.316  26.668  12.009 0.0000000000
89632  40.307  25.153  10.985 0.0000000000
92706  48.463  30.251  26.560 0.0000000000
92719  49.589  30.191  24.068 0.0000000000
92720  48.512  30.174  24.325 0.0000000000
92727  48.671  29.994  23.195 0.0000000000
92093  48.168  29.630  22.279 0.0000000000
92726  49.242  29.834  22.382 0.0000000000
90791  48.595  27.199  19.882 0.0000000000
133324  49.598  28.062  20.895 0.0000000000
91432  49.828  27.872  19.242 0.0000000000
92141  50.143  29.287  18.177 0.0000000000
92739  50.147  29.427  19.662 0.0000000000
92126  50.115  29.439  18.991 0.0000000000
92127  49.007  29.306  19.147 0.0000000000
92128  47.538  28.735  19.255 0.0000000000
134597  48.371  28.961  18.316 0.0000000000
133330  48.597  28.634  15.020 0.0000000000
132442  47.674  28.196  16.277 0.0000000000
91498  47.247  27.841  14.715 0.0000000000
89624  44.814  24.300  12.769 0.0000000000
122692  45.501  24.732  13.233 0.0000000000
89623  45.461  24.617  12.353 0.0000000000
90239  46.810  25.576  11.867 0.0000000000
141995  47.527  26.027  12.201 0.0000000000
90238  47.849  26.312  11.388 0.0000000000
89651  46.870  25.413  7.660 0.0000000000
90270  47.430  26.240  7.011 0.0000000000
90885  48.293  27.426  8.987 0.0000000000
129570  48.093  26.828  8.563 0.0000000000
90878  49.174  27.878  10.456 0.0000000000
90873  49.146  27.685  11.446 0.0000000000
91533  49.300  28.041  11.101 0.0000000000
92213  49.181  28.069  12.067 0.0000000000
92221  49.088  28.245  10.886 0.0000000000
91535  47.326  28.408  10.706 0.0000000000
121168  46.712  28.237  11.520 0.0000000000
91536  46.145  28.200  11.035 0.0000000000
119110  45.326  28.023  11.202 0.0000000000
118781  45.483  28.187  10.509 0.0000000000
90253  43.940  26.069  8.823 0.0000000000
91559  44.534  27.808  9.776 0.0000000000
90888  43.124  26.552  9.136 0.0000000000
140867  42.613  25.990  8.837 0.0000000000
89024  42.373  23.705  6.908 0.0000000000
89663  42.885  24.389  7.331 0.0000000000
89664  42.057  24.012  7.787 0.0000000000
89017  40.379  23.532  8.456 0.0000000000
89656  40.693  24.338  8.656 0.0000000000
90265  41.138  25.229  8.857 0.0000000000
88321  38.417  22.374  10.463 0.0000000000
85281  39.083  18.150  10.157 0.0000000000
130315  36.842  31.976  12.997 0.0000000000
93917  38.308  31.878  12.061 0.0000000000
90136  42.158  24.769  27.526 0.0000000000
89533  41.691  24.235  28.116 0.0000000000
89538  41.385  24.612  27.241 0.0000000000
89543  40.987  24.931  26.381 0.0000000000
90822  43.594  26.632  16.295 0.0000000000
90823  42.549  26.705  16.154 0.0000000000
90834  43.170  26.527  15.501 0.0000000000
137164  42.946  26.518  14.834 0.0000000000
90859  42.675  26.780  13.416 0.0000000000
90867  42.947  26.916  12.502 0.0000000000
118978  45.819  25.208  17.613 0.0000000000
121054  46.288  25.443  18.088 0.0000000000
133331  46.577  25.376  15.095 0.0000000000
87637  43.635  22.146  3.279 0.0000000000
88361  43.630  22.886  2.841 0.0000000000
87638  43.124  22.143  3.154 0.0000000000
88357  42.597  22.629  3.569 0.0000000000
88352  41.747  22.077  5.197 0.0000000000
87626  41.491  21.202  5.131 0.0000000000
86886  40.545  20.150  6.093 0.0000000000
86148  40.133  19.253  7.039 0.0000000000
85320  40.205  18.911  7.487 0.0000000000
120006  40.660  18.652  7.773 0.0000000000
84351  41.649  17.882  9.542 0.0000000000
88201  37.161  22.927  27.127 0.0000000000
88893  36.778  23.167  25.944 0.0000000000
91435  43.884  27.719  19.475 0.0000000000
91423  44.413  28.053  20.200 0.0000000000
91434  44.927  27.931  19.426 0.0000000000
139857  46.103  27.926  18.735 0.0000000000
88313  43.290  22.518  11.634 0.0000000000
130798  43.315  22.134  11.015 0.0000000000
86874  44.509  20.424  6.416 0.0000000000
130437  45.432  20.345  5.178 0.0000000000
129481  45.186  20.462  4.831 0.0000000000
86888  45.323  20.296  5.031 0.0000000000
90750  46.235  27.179  27.893 0.0000000000
90148  43.579  25.797  24.293 0.0000000000
90147  43.989  25.917  25.136 0.0000000000
90153  44.163  25.807  23.614 0.0000000000
90157  44.478  25.530  21.954 0.0000000000
133962  45.130  25.547  21.546 0.0000000000
89575  43.640  24.575  19.765 0.0000000000
88909  38.515  24.087  23.294 0.0000000000
89553  39.317  24.645  23.544 0.0000000000
88912  39.232  24.315  22.901 0.0000000000
89558  39.605  24.165  22.250 0.0000000000
88273  40.044  22.135  17.372 0.0000000000
88262  40.242  22.828  18.649 0.0000000000
124738  40.312  22.762  17.714 0.0000000000
88952  40.998  23.226  17.408 0.0000000000
88951  41.477  23.516  18.125 0.0000000000
121309  41.894  23.644  17.272 0.0000000000
120931  41.745  23.204  15.555 0.0000000000
88966  42.091  23.032  14.727 0.0000000000
88296  42.345  22.928  14.078 0.0000000000
88297  41.792  22.405  14.163 0.0000000000
87570  41.675  21.719  13.650 0.0000000000
85252  43.443  18.604  12.514 0.0000000000
92181  41.413  28.593  15.145 0.0000000000
121906  41.598  29.345  15.396 0.0000000000
93332  42.317  30.549  14.605 0.0000000000
93331  42.882  31.627  14.277 0.0000000000
137762  42.190  31.661  13.683 0.0000000000
132076  41.066  31.966  12.853 0.0000000000
93915  40.544  32.034  12.086 0.0000000000
93348  40.839  31.620  12.160 0.0000000000
93354  40.321  31.473  11.235 0.0000000000
92808  40.357  31.074  10.268 0.0000000000
92233  41.429  29.878  8.828 0.0000000000
92822  41.037  30.121  8.636 0.0000000000
92240  40.889  29.803  8.484 0.0000000000
131418  40.563  27.534  9.930 0.0000000000
90875  40.563  27.113  11.069 0.0000000000
90880  40.648  26.669  10.537 0.0000000000
92063  49.285  29.337  26.245 0.0000000000
92705  49.087  30.002  26.050 0.0000000000
92072  49.897  29.479  24.582 0.0000000000
92082  50.123  29.518  23.597 0.0000000000
92092  50.070  29.417  22.610 0.0000000000
90809  49.405  27.392  17.486 0.0000000000
91448  50.334  28.561  18.439 0.0000000000
128292  50.156  28.286  17.791 0.0000000000
91461  50.247  29.027  17.780 0.0000000000
92155  50.069  29.120  17.555 0.0000000000
92156  49.677  28.935  17.081 0.0000000000
92166  49.712  28.997  16.192 0.0000000000
92180  49.655  28.900  15.459 0.0000000000
133150  49.513  28.734  14.569 0.0000000000
88998  45.111  24.080  10.085 0.0000000000
89630  45.553  24.602  11.480 0.0000000000
89637  45.709  24.629  10.514 0.0000000000
89636  46.533  25.265  9.862 0.0000000000
90288  46.809  26.984  5.535 0.0000000000
90278  47.354  26.763  6.244 0.0000000000
90913  47.229  27.185  6.186 0.0000000000
91575  47.618  27.365  7.147 0.0000000000
91556  48.363  27.872  9.261 0.0000000000
91547  48.774  28.214  9.838 0.0000000000
91557  47.864  27.879  8.751 0.0000000000
91558  46.785  27.721  8.803 0.0000000000
117522  45.864  27.865  9.749 0.0000000000
90886  45.604  27.160  8.947 0.0000000000
88339  40.512  22.153  7.591 0.0000000000
89026  40.864  22.989  7.860 0.0000000000
88332  40.143  22.677  8.285 0.0000000000
89018  39.687  23.190  8.839 0.0000000000
89009  39.434  23.484  9.526 0.0000000000
88327  39.211  22.701  9.326 0.0000000000
87594  38.279  21.583  10.134 0.0000000000
92106  46.070  28.891  21.953 0.0000000000
93356  36.252  31.104  12.486 0.0000000000
92207  38.397  28.806  12.965 0.0000000000
92216  38.850  28.805  12.025 0.0000000000
127820  43.222  25.575  26.563 0.0000000000
90138  42.662  25.294  26.963 0.0000000000
123404  43.082  25.712  25.049 0.0000000000
90149  42.649  25.629  24.188 0.0000000000
88238  39.254  22.677  20.591 0.0000000000
88239  38.860  21.944  20.231 0.0000000000
87524  39.385  21.436  18.552 0.0000000000
87534  39.689  21.331  17.532 0.0000000000
139884  40.189  21.188  16.211 0.0000000000
119384  40.485  21.099  15.600 0.0000000000
86807  40.905  20.996  14.841 0.0000000000
92157  40.997  28.247  17.125 0.0000000000
90824  41.822  27.112  15.955 0.0000000000
91491  41.463  27.786  15.643 0.0000000000
126068  40.986  29.344  12.396 0.0000000000
91540  41.663  28.875  10.501 0.0000000000
92238  41.934  28.923  8.609 0.0000000000
91568  41.692  28.216  8.492 0.0000000000
90777  47.494  26.772  21.998 0.0000000000
126709  47.806  26.634  20.347 0.0000000000
133496  48.596  27.013  19.162 0.0000000000
90186  47.385  25.891  17.793 0.0000000000
126163  48.428  26.634  17.913 0.0000000000
90830  49.538  27.299  15.653 0.0000000000
90841  49.694  27.520  14.247 0.0000000000
89031  44.486  23.866  5.315 0.0000000000
133291  45.460  24.539  6.628 0.0000000000
89670  45.349  24.777  5.600 0.0000000000
89669  46.106  25.713  4.890 0.0000000000
89676  45.388  25.863  3.748 0.0000000000
89703  44.717  24.267  2.559 0.0000000000
89695  45.052  25.901  2.651 0.0000000000
90926  45.424  26.421  3.981 0.0000000000
90919  45.445  26.566  4.202 0.0000000000
90280  45.276  26.639  4.547 0.0000000000
90281  44.520  25.943  5.553 0.0000000000
90272  44.439  25.659  7.029 0.0000000000
89671  43.678  25.318  5.181 0.0000000000
89672  43.098  24.295  6.223 0.0000000000
89034  41.792  23.063  6.472 0.0000000000
89041  42.055  22.890  5.438 0.0000000000
88345  41.460  22.266  6.127 0.0000000000
88338  41.214  22.530  7.103 0.0000000000
87613  40.089  21.322  7.349 0.0000000000
137338  39.636  21.143  7.898 0.0000000000
86137  38.757  19.650  8.764 0.0000000000
84353  39.908  18.065  9.947 0.0000000000
85295  40.131  18.241  9.018 0.0000000000
84327  40.354  17.684  11.339 0.0000000000
88890  39.276  23.912  27.381 0.0000000000
89541  38.843  24.473  25.943 0.0000000000
88905  38.132  24.224  24.848 0.0000000000
88899  37.457  23.746  25.210 0.0000000000
88913  38.292  23.479  22.599 0.0000000000
88225  38.264  22.836  21.942 0.0000000000
138430  42.691  26.932  17.690 0.0000000000
135313  43.411  27.409  18.879 0.0000000000
91450  43.459  27.087  18.232 0.0000000000
91466  43.493  26.873  17.577 0.0000000000
90843  45.272  26.841  14.971 0.0000000000
89610  44.692  24.470  14.534 0.0000000000
120279  43.832  22.884  11.027 0.0000000000
88992  44.371  23.589  11.495 0.0000000000
89638  45.013  24.067  11.044 0.0000000000
89015  44.610  23.555  8.599 0.0000000000
86866  43.437  20.533  8.882 0.0000000000
87605  43.347  21.454  8.366 0.0000000000
87611  43.499  21.456  7.215 0.0000000000
121424  43.464  22.114  7.741 0.0000000000
89023  43.764  22.856  7.257 0.0000000000
89022  44.436  23.785  6.616 0.0000000000
89039  44.244  23.060  5.179 0.0000000000
88349  44.479  22.974  4.237 0.0000000000
132771  44.282  22.632  3.416 0.0000000000
86895  44.769  20.869  4.710 0.0000000000
86900  44.304  21.362  4.178 0.0000000000
86901  43.815  21.415  3.802 0.0000000000
132138  43.160  20.704  4.230 0.0000000000
86165  42.508  19.641  5.413 0.0000000000
86157  41.886  19.205  6.004 0.0000000000
85317  42.375  18.584  6.839 0.0000000000
84372  42.885  17.921  7.653 0.0000000000
92044  49.105  29.565  27.172 0.0000000000
91402  48.829  28.543  25.739 0.0000000000
90769  47.564  27.201  23.453 0.0000000000
90742  45.009  26.804  28.864 0.0000000000
90751  45.386  26.614  27.826 0.0000000000
90757  46.005  26.671  26.964 0.0000000000
90762  45.014  26.149  25.193 0.0000000000
90761  46.052  26.527  25.862 0.0000000000
90765  46.707  26.891  24.609 0.0000000000
90770  47.129  27.031  24.013 0.0000000000
90774  47.563  27.049  22.767 0.0000000000
90778  46.596  26.295  21.723 0.0000000000
90159  46.327  25.964  20.915 0.0000000000
90177  46.139  25.638  20.051 0.0000000000
90167  45.356  25.443  20.740 0.0000000000
90178  45.444  25.334  19.825 0.0000000000
90188  45.480  25.079  18.300 0.0000000000
141615  44.878  24.785  17.166 0.0000000000
89597  44.835  24.622  16.157 0.0000000000
89539  40.178  24.688  26.416 0.0000000000
89544  40.498  25.015  25.542 0.0000000000
90145  40.799  25.232  24.759 0.0000000000
118297  39.785  25.103  23.945 0.0000000000
90151  40.514  25.280  23.951 0.0000000000
89556  41.994  25.038  22.413 0.0000000000
89555  42.497  24.932  21.835 0.0000000000
117605  40.318  23.708  20.898 0.0000000000
88934  40.511  23.230  19.494 0.0000000000
88922  40.753  23.645  20.206 0.0000000000
88915  40.982  24.014  20.668 0.0000000000
89561  41.580  24.332  20.966 0.0000000000
127209  42.543  24.627  21.110 0.0000000000
138921  43.076  24.552  20.399 0.0000000000
118750  43.472  24.371  19.025 0.0000000000
89584  43.239  24.257  18.198 0.0000000000
89590  43.868  24.440  17.491 0.0000000000
122674  44.162  24.444  15.949 0.0000000000
89603  44.241  24.415  15.136 0.0000000000
89611  43.903  24.198  14.519 0.0000000000
88978  43.542  23.645  13.308 0.0000000000
88308  42.939  22.927  12.808 0.0000000000
88309  42.842  22.281  12.113 0.0000000000
87583  42.892  21.630  11.494 0.0000000000
123465  41.313  20.937  13.982 0.0000000000
86817  42.150  20.428  12.837 0.0000000000
138017  42.492  20.031  12.437 0.0000000000
86088  42.838  19.384  12.430 0.0000000000
86098  42.821  20.092  11.865 0.0000000000
86097  43.262  19.719  11.200 0.0000000000
88875  40.073  22.839  29.089 0.0000000000
88876  39.284  22.642  28.830 0.0000000000
88195  38.441  22.526  28.547 0.0000000000
88196  37.578  22.412  28.228 0.0000000000
88197  36.744  22.229  27.856 0.0000000000
86682  35.669  20.696  29.866 0.0000000000
87444  35.752  20.930  29.105 0.0000000000
87452  35.475  21.463  27.899 0.0000000000
93867  43.113  32.489  15.214 0.0000000000
93879  43.128  32.152  14.526 0.0000000000
139379  43.329  32.307  14.691 0.0000000000
134507  42.621  32.347  14.803 0.0000000000
93907  39.153  32.243  12.383 0.0000000000
93916  39.847  32.180  11.774 0.0000000000
93923  39.515  31.770  11.203 0.0000000000
93362  38.643  31.161  10.911 0.0000000000
133471  38.362  30.256  11.167 0.0000000000
92798  40.804  30.352  11.174 0.0000000000
138293  40.051  31.092  9.851 0.0000000000
92234  39.959  30.344  9.395 0.0000000000
92226  39.458  29.752  10.178 0.0000000000
134576  39.331  29.016  11.234 0.0000000000
90868  40.027  27.188  12.627 0.0000000000
90235  40.176  25.754  12.303 0.0000000000
92715  48.454  30.174  25.429 0.0000000000
92083  47.221  29.564  23.523 0.0000000000
92094  47.162  29.344  22.564 0.0000000000
92105  47.230  29.157  21.721 0.0000000000
91419  49.223  27.859  21.530 0.0000000000
91418  50.037  28.719  21.334 0.0000000000
92091  50.075  29.345  21.828 0.0000000000
91420  50.306  28.723  19.669 0.0000000000
92735  49.995  29.533  20.409 0.0000000000
92732  49.470  29.701  21.487 0.0000000000
92115  49.023  29.665  20.779 0.0000000000
92116  47.635  29.158  20.887 0.0000000000
92129  46.822  28.680  20.126 0.0000000000
134244  46.835  28.302  18.598 0.0000000000
91463  48.497  28.795  17.408 0.0000000000
91478  47.386  28.127  16.965 0.0000000000
91479  46.542  27.480  16.321 0.0000000000
91499  46.095  27.277  14.440 0.0000000000
136335  45.882  27.324  13.657 0.0000000000
89616  45.484  24.778  14.126 0.0000000000
133164  46.026  25.181  14.686 0.0000000000
90218  46.185  25.212  13.976 0.0000000000
90233  46.087  25.107  12.612 0.0000000000
90225  46.937  25.516  13.527 0.0000000000
90217  46.988  25.495  14.387 0.0000000000
90224  47.811  26.031  13.717 0.0000000000
90842  48.750  26.722  13.956 0.0000000000
90854  49.511  27.505  13.432 0.0000000000
130663  46.099  24.756  7.275 0.0000000000
89644  46.749  25.298  8.764 0.0000000000
90252  47.426  26.038  9.116 0.0000000000
90251  48.116  26.748  9.445 0.0000000000
90245  48.080  26.569  10.414 0.0000000000
90874  48.687  27.177  10.876 0.0000000000
90864  49.238  27.521  12.502 0.0000000000
91508  49.737  27.948  13.071 0.0000000000
91519  49.597  28.255  12.906 0.0000000000
92203  49.634  28.487  13.377 0.0000000000
91509  48.598  28.594  13.148 0.0000000000
92222  48.458  28.425  10.743 0.0000000000
91521  48.120  28.380  12.391 0.0000000000
91510  47.528  28.219  13.089 0.0000000000
91511  46.343  27.675  12.955 0.0000000000
91524  44.710  27.527  11.775 0.0000000000
91537  44.562  28.096  10.791 0.0000000000
91550  43.444  28.273  9.781 0.0000000000
91561  42.385  27.885  8.789 0.0000000000
89653  43.517  25.013  7.783 0.0000000000
90264  42.023  25.529  8.649 0.0000000000
90254  41.447  26.377  8.778 0.0000000000
90255  40.857  25.874  9.334 0.0000000000
89639  40.210  25.069  10.001 0.0000000000
89640  39.757  24.381  10.618 0.0000000000
89000  39.302  23.649  10.317 0.0000000000
84362  41.870  18.053  8.766 0.0000000000
85307  39.999  18.703  8.190 0.0000000000
85318  41.304  18.562  7.328 0.0000000000
86123  38.892  18.872  9.015 0.0000000000
86167  40.893  19.754  5.821 0.0000000000
86902  43.108  21.517  3.566 0.0000000000
87575  42.220  21.224  12.640 0.0000000000
87606  39.331  20.674  8.095 0.0000000000
87619  40.767  20.916  5.873 0.0000000000
87631  44.328  21.650  4.112 0.0000000000
87632  42.606  21.829  3.652 0.0000000000
87636  44.112  22.001  3.596 0.0000000000
88251  39.277  21.895  19.405 0.0000000000
88328  38.738  22.157  9.734 0.0000000000
88351  42.316  22.770  4.422 0.0000000000
88362  42.988  22.518  3.158 0.0000000000
88366  44.381  23.623  2.641 0.0000000000
89046  43.621  24.238  2.850 0.0000000000
89052  44.711  24.184  2.592 0.0000000000
89053  44.013  23.845  2.560 0.0000000000
89583  44.052  24.520  18.316 0.0000000000
89588  45.201  24.939  17.525 0.0000000000
89601  45.325  24.810  15.839 0.0000000000
89660  46.951  25.782  6.548 0.0000000000
89685  45.093  25.727  2.650 0.0000000000
89696  45.012  25.048  2.517 0.0000000000
90161  44.686  25.331  21.214 0.0000000000
90193  46.552  25.408  17.301 0.0000000000
90232  46.843  25.535  12.767 0.0000000000
90240  46.045  24.982  11.894 0.0000000000
90246  47.323  25.908  10.139 0.0000000000
90269  47.822  26.912  6.979 0.0000000000
90277  47.550  27.003  6.495 0.0000000000
90289  46.135  26.516  4.788 0.0000000000
90290  45.061  26.385  3.476 0.0000000000
90296  45.059  26.208  2.964 0.0000000000
90298  44.791  26.023  3.082 0.0000000000
90306  44.939  25.764  2.568 0.0000000000
90793  46.853  25.938  19.387 0.0000000000
90812  44.007  26.799  17.086 0.0000000000
90820  48.476  26.414  16.347 0.0000000000
90845  43.338  26.594  14.127 0.0000000000
90855  48.687  26.713  13.057 0.0000000000
90895  47.976  27.406  8.087 0.0000000000
90903  47.895  27.153  7.270 0.0000000000
90912  47.570  27.171  6.744 0.0000000000
90915  45.965  27.026  5.108 0.0000000000
90918  46.041  26.846  4.961 0.0000000000
90927  45.074  26.326  3.330 0.0000000000
91414  49.857  28.696  22.107 0.0000000000
91421  49.605  27.915  20.181 0.0000000000
91431  50.513  28.814  19.013 0.0000000000
91449  46.112  27.800  18.222 0.0000000000
91462  50.057  28.473  17.067 0.0000000000
91477  48.649  28.706  16.628 0.0000000000
91490  46.325  27.298  15.339 0.0000000000
91497  50.044  28.059  13.922 0.0000000000
91507  49.897  28.336  13.707 0.0000000000
91534  47.682  28.392  11.542 0.0000000000
91546  49.088  28.159  10.314 0.0000000000
91563  40.839  29.132  8.483 0.0000000000
92043  49.214  29.768  26.417 0.0000000000
92062  49.569  29.740  25.526 0.0000000000
92073  49.491  29.264  25.425 0.0000000000
92102  50.191  29.298  21.008 0.0000000000
92103  50.192  29.199  21.790 0.0000000000
92113  50.298  29.254  20.054 0.0000000000
92125  50.409  29.210  19.279 0.0000000000
92142  49.627  29.233  17.798 0.0000000000
92193  49.318  28.714  13.714 0.0000000000
92204  49.140  28.498  12.735 0.0000000000
92230  48.345  28.449  10.053 0.0000000000
92239  41.197  29.837  8.516 0.0000000000
92714  49.308  30.049  25.048 0.0000000000
92718  50.085  29.941  23.897 0.0000000000
92731  49.846  29.549  21.250 0.0000000000
92736  49.653  29.690  20.752 0.0000000000
92810  38.702  30.809  10.744 0.0000000000
93366  39.762  31.227  10.135 0.0000000000
93924  38.787  31.642  11.318 0.0000000000
118677  48.200  28.239  9.483 0.0000000000
118934  39.644  23.226  20.915 0.0000000000
118952  47.244  28.108  9.460 0.0000000000
121282  48.189  27.161  21.565 0.0000000000
124354  45.099  28.729  22.103 0.0000000000
124653  46.905  27.473  7.162 0.0000000000
125131  45.432  27.772  18.736 0.0000000000
126416  41.512  29.542  8.646 0.0000000000
127016  42.286  20.721  4.404 0.0000000000
130459  43.157  25.028  21.578 0.0000000000
131124  49.815  30.063  23.251 0.0000000000
131282  44.481  23.520  2.789 0.0000000000
132154  50.013  29.796  23.278 0.0000000000
132590  50.135  28.797  15.735 0.0000000000
133149  50.068  28.928  15.825 0.0000000000
134523  40.835  24.170  21.119 0.0000000000
135147  48.879  28.349  10.255 0.0000000000
136636  46.825  26.560  22.391 0.0000000000
137673  41.968  27.067  14.623 0.0000000000
138941  43.497  22.097  8.412 0.0000000000
139858  47.306  27.470  7.114 0.0000000000
139993  43.532  23.865  13.952 0.0000000000
140405  49.461  28.360  12.809 0.0000000000
141311  45.799  24.980  13.695 0.0000000000
