#!ascii label  , from subject sub_0001 vox2ras=TkReg
1012
65557  15.327  -2.782  -18.650 0.2500000000
64539  15.762  -3.833  -18.946 0.2500000000
63438  16.120  -4.999  -18.932 0.7500000000
137156  14.604  -0.199  -19.814 0.2500000000
125505  14.731  -0.788  -19.458 0.1250000000
67703  15.098  -0.781  -20.161 0.3750000000
66577  15.147  -1.454  -19.645 0.2500000000
64538  16.209  -3.620  -19.707 0.7500000000
64556  15.648  -2.909  -19.440 0.3750000000
62385  16.611  -5.465  -19.543 0.8750000000
63437  16.433  -4.493  -19.654 0.8750000000
62384  17.077  -5.701  -19.885 0.8750000000
66591  15.835  -1.586  -20.498 0.3750000000
65581  15.676  -2.240  -19.984 0.3750000000
65580  16.600  -2.358  -20.882 0.8750000000
119929  16.364  -3.025  -20.229 0.7500000000
129683  18.028  -4.057  -21.533 1.0000000000
64554  17.605  -4.017  -21.031 1.0000000000
62405  17.505  -5.258  -20.368 1.0000000000
64555  16.863  -3.884  -20.350 0.8750000000
62404  18.062  -5.171  -20.690 1.0000000000
67717  14.839  0.050  -20.288 0.2500000000
66607  15.979  -0.952  -20.901 0.7500000000
66606  16.732  -1.708  -21.561 0.8750000000
65599  17.457  -2.527  -21.917 0.8750000000
63470  18.771  -4.111  -21.570 1.0000000000
64573  17.878  -3.377  -21.726 1.0000000000
120875  19.907  -4.612  -20.769 1.0000000000
63454  19.078  -4.600  -21.296 1.0000000000
126253  19.344  -5.053  -20.784 1.0000000000
63455  17.837  -4.623  -20.898 1.0000000000
68801  14.441  0.648  -19.870 0.1250000000
140666  15.920  -0.414  -21.211 0.6250000000
123947  17.125  -1.432  -22.248 1.0000000000
67731  16.517  -0.927  -21.750 0.8750000000
64552  20.305  -4.096  -20.650 1.0000000000
126513  18.954  -3.590  -21.695 1.0000000000
64572  18.328  -3.588  -21.766 1.0000000000
136164  18.104  -2.738  -22.248 1.0000000000
63453  20.746  -4.439  -20.193 1.0000000000
64553  19.441  -4.160  -21.284 1.0000000000
62416  24.359  -5.136  -22.001 1.0000000000
128682  21.575  -4.453  -19.750 1.0000000000
72778  17.052  4.946  -23.399 0.2500000000
68812  14.698  0.957  -20.338 0.2500000000
68827  15.672  0.751  -21.608 0.3750000000
68811  15.397  0.308  -20.964 0.5000000000
130377  16.698  0.071  -22.646 1.0000000000
68826  16.218  0.775  -22.319 0.6250000000
67743  17.066  -0.750  -22.561 1.0000000000
66605  19.308  -1.977  -22.266 1.0000000000
66620  18.039  -1.578  -22.762 1.0000000000
132021  21.851  -3.345  -19.914 1.0000000000
131800  20.728  -3.432  -20.364 1.0000000000
66604  19.982  -2.023  -21.388 1.0000000000
128029  23.187  -3.437  -20.147 1.0000000000
63451  23.982  -4.662  -20.717 1.0000000000
64569  24.558  -4.307  -22.408 1.0000000000
141212  24.293  -4.795  -22.031 1.0000000000
71869  17.412  4.167  -23.490 0.5000000000
70949  16.406  3.796  -23.494 0.3750000000
125590  16.677  2.838  -23.322 0.3750000000
69899  16.455  1.927  -22.585 0.5000000000
68846  18.108  0.515  -23.598 0.8750000000
67755  17.838  -0.090  -23.450 1.0000000000
68845  18.700  0.413  -23.516 1.0000000000
67740  18.773  -1.004  -22.790 1.0000000000
65576  23.447  -2.585  -20.217 1.0000000000
66589  21.479  -1.812  -20.415 1.0000000000
65596  25.672  -3.262  -22.600 1.0000000000
64570  24.260  -3.573  -20.989 1.0000000000
63483  25.167  -4.447  -23.222 0.8750000000
70948  17.052  2.901  -23.637 0.5000000000
70938  18.147  3.188  -23.453 0.6250000000
123830  18.923  1.983  -23.328 0.6250000000
69906  19.114  1.043  -23.518 1.0000000000
69908  17.703  1.567  -23.576 0.7500000000
68835  20.144  0.264  -22.673 1.0000000000
66601  25.687  -1.704  -20.900 1.0000000000
67712  24.441  -0.866  -20.457 1.0000000000
67715  21.702  -0.919  -20.820 1.0000000000
67728  20.945  -0.553  -21.474 1.0000000000
65595  26.276  -2.206  -21.807 1.0000000000
65575  24.485  -2.640  -20.746 1.0000000000
124300  22.640  -1.471  -20.360 1.0000000000
66617  27.011  -2.047  -22.464 0.8750000000
66602  25.311  -2.512  -21.355 1.0000000000
65613  26.976  -2.520  -22.523 0.8750000000
70937  19.322  3.210  -22.872 0.5000000000
125913  23.494  0.778  -20.934 1.0000000000
68834  20.833  1.005  -22.592 1.0000000000
122241  26.340  -1.087  -20.906 1.0000000000
124678  24.032  -0.011  -20.741 1.0000000000
68825  20.390  -0.339  -22.125 1.0000000000
68819  27.673  -0.071  -21.952 1.0000000000
66630  28.457  -1.171  -23.902 1.0000000000
140615  27.423  -1.599  -22.443 1.0000000000
67738  27.817  -0.612  -22.925 1.0000000000
67762  28.416  -0.874  -24.651 1.0000000000
71860  18.476  4.442  -23.060 0.5000000000
70936  20.361  2.659  -22.380 1.0000000000
70908  24.679  2.274  -20.432 1.0000000000
135050  21.903  1.365  -21.338 1.0000000000
69887  21.537  1.966  -21.403 1.0000000000
129283  27.443  0.940  -24.494 1.0000000000
69884  27.403  0.927  -21.996 1.0000000000
67782  27.702  -0.111  -26.573 1.0000000000
68852  27.550  0.295  -25.141 1.0000000000
68833  27.783  0.309  -22.774 1.0000000000
67781  28.353  -0.566  -26.276 1.0000000000
68844  27.648  0.008  -24.372 1.0000000000
67780  29.054  -0.900  -25.972 0.8750000000
72750  25.095  5.110  -21.298 1.0000000000
137005  24.343  5.003  -21.411 0.3750000000
71845  25.046  4.540  -20.876 0.8750000000
70920  25.248  3.059  -20.449 1.0000000000
69916  27.506  1.622  -23.797 1.0000000000
69895  27.418  2.082  -22.005 1.0000000000
74815  26.101  6.396  -21.208 0.8750000000
120071  26.441  5.121  -21.515 1.0000000000
72749  25.969  4.658  -21.107 1.0000000000
72748  26.921  4.538  -21.514 1.0000000000
70935  27.198  3.040  -21.415 1.0000000000
69917  26.820  1.796  -24.733 1.0000000000
70958  27.199  2.638  -24.039 1.0000000000
69926  26.406  1.588  -25.478 1.0000000000
72747  27.047  5.121  -21.918 1.0000000000
72763  27.351  4.516  -22.174 1.0000000000
71879  27.116  3.522  -23.993 1.0000000000
71857  27.513  3.923  -22.615 1.0000000000
71868  27.582  3.287  -23.241 1.0000000000
73797  27.245  5.801  -22.104 1.0000000000
72762  27.335  5.145  -22.530 1.0000000000
120450  27.249  4.227  -23.515 1.0000000000
79502  20.523  11.369  -23.319 0.1250000000
79500  22.877  12.084  -22.497 0.2500000000
79501  21.620  11.762  -23.073 0.1250000000
80313  23.638  12.412  -22.675 0.3750000000
80314  22.253  12.642  -23.039 0.2500000000
80322  24.542  12.630  -23.350 0.5000000000
136944  24.916  13.356  -23.785 0.3750000000
137989  21.334  13.147  -23.552 0.2500000000
80323  23.347  13.122  -23.172 0.2500000000
130222  23.156  13.830  -23.681 0.2500000000
81161  23.572  14.514  -24.121 0.2500000000
80337  24.107  13.573  -23.682 0.2500000000
82005  25.026  14.288  -24.791 0.2500000000
81159  25.334  13.581  -24.349 0.3750000000
81160  24.620  14.021  -24.190 0.2500000000
81172  25.579  13.687  -25.202 0.3750000000
82015  25.050  14.557  -25.622 0.2500000000
64528  15.169  -2.695  -18.039 0.1250000000
65565  15.188  -2.091  -19.165 0.2500000000
66578  14.871  -1.453  -19.030 0.1250000000
62401  21.051  -4.902  -19.857 1.0000000000
132150  19.753  2.040  -22.881 0.8750000000
68807  25.620  0.543  -20.546 1.0000000000
63415  15.292  -4.234  -17.499 0.1250000000
62367  16.271  -5.784  -18.930 0.6250000000
61322  16.730  -6.044  -19.360 0.7500000000
67704  14.459  -0.076  -19.507 0.1250000000
60188  17.626  -6.772  -19.383 1.0000000000
65558  15.033  -2.078  -18.546 0.1250000000
140001  18.662  -6.077  -20.120 1.0000000000
62382  20.682  -5.690  -19.818 1.0000000000
62380  22.970  -5.781  -19.760 1.0000000000
70912  14.734  2.422  -20.611 0.3750000000
123632  15.845  3.574  -21.711 0.2500000000
70925  15.915  2.619  -21.673 0.2500000000
63482  25.760  -4.430  -23.359 0.8750000000
66615  29.091  -1.489  -23.204 0.8750000000
64585  26.532  -3.650  -23.074 0.8750000000
121104  29.899  -1.248  -24.811 0.8750000000
73802  23.130  5.253  -21.331 0.1250000000
127489  19.486  4.783  -22.733 0.3750000000
71859  20.879  3.772  -22.056 0.6250000000
67773  27.824  -0.275  -25.714 1.0000000000
67771  29.159  -0.941  -25.117 0.8750000000
73800  24.604  5.588  -21.341 0.5000000000
73799  25.672  5.557  -21.315 0.8750000000
72751  23.543  4.828  -21.425 0.3750000000
71846  23.271  3.953  -21.159 0.8750000000
69925  26.900  1.010  -25.260 1.0000000000
69940  25.909  1.288  -26.891 1.0000000000
69933  25.914  1.781  -26.090 1.0000000000
73798  26.666  5.727  -21.583 1.0000000000
70959  26.612  2.600  -24.890 1.0000000000
75764  26.472  7.287  -21.278 0.8750000000
139808  27.316  6.573  -22.511 1.0000000000
72776  27.351  5.206  -23.315 1.0000000000
78570  19.243  10.233  -22.995 0.1250000000
79488  21.279  10.835  -22.809 0.1250000000
78578  24.959  11.287  -21.507 0.6250000000
79510  24.889  11.956  -22.900 0.6250000000
80321  25.481  11.996  -23.745 0.5000000000
79511  20.860  12.329  -23.517 0.2500000000
80335  25.973  12.280  -24.472 0.5000000000
80325  20.431  13.140  -23.834 0.2500000000
81150  22.307  14.505  -23.869 0.2500000000
81158  25.818  13.033  -24.705 0.5000000000
139450  25.899  13.095  -25.252 0.5000000000
81994  22.642  15.335  -24.213 0.1250000000
82006  24.277  14.765  -24.638 0.2500000000
82021  25.254  14.565  -26.472 0.2500000000
81180  25.601  13.771  -26.820 0.3750000000
82033  25.592  14.720  -28.012 0.2500000000
82007  23.488  15.292  -24.594 0.1250000000
64527  15.368  -3.520  -18.087 0.1250000000
63426  15.608  -4.487  -18.220 0.3750000000
63456  17.138  -4.860  -20.287 0.8750000000
61321  17.193  -6.202  -19.650 1.0000000000
61339  17.506  -5.798  -20.157 1.0000000000
64574  17.235  -3.182  -21.054 1.0000000000
62403  18.703  -5.460  -20.542 1.0000000000
62402  20.146  -5.083  -20.334 1.0000000000
67732  16.171  -0.071  -21.919 0.8750000000
65616  18.164  -2.093  -22.573 1.0000000000
64551  21.456  -3.999  -19.948 1.0000000000
140497  18.548  -3.009  -22.055 1.0000000000
65598  19.287  -2.787  -21.761 1.0000000000
63452  22.609  -4.420  -19.836 1.0000000000
62399  23.351  -5.089  -20.209 1.0000000000
127620  15.307  2.232  -21.119 0.3750000000
68838  16.815  0.788  -23.038 0.8750000000
67742  17.826  -0.845  -23.083 1.0000000000
66618  18.747  -1.724  -22.615 1.0000000000
64549  24.132  -4.237  -20.933 1.0000000000
65579  20.216  -2.763  -20.854 1.0000000000
65578  21.127  -2.643  -20.243 1.0000000000
65577  22.205  -2.511  -20.069 1.0000000000
64568  25.189  -3.904  -23.051 1.0000000000
69909  17.054  1.776  -23.360 0.6250000000
70947  17.883  2.344  -23.627 0.6250000000
67753  18.749  -0.314  -23.263 1.0000000000
130330  20.163  0.939  -22.970 1.0000000000
66603  20.754  -1.386  -21.006 1.0000000000
67729  20.014  -1.169  -21.903 1.0000000000
67739  19.632  -0.630  -22.515 1.0000000000
65597  24.854  -3.421  -21.979 1.0000000000
65614  26.434  -3.102  -22.739 0.8750000000
63467  26.806  -3.880  -23.006 0.8750000000
69898  19.697  1.272  -23.186 1.0000000000
68824  21.079  0.336  -21.921 1.0000000000
67724  27.623  -0.962  -22.210 1.0000000000
66588  23.886  -1.656  -20.298 1.0000000000
67714  22.597  -0.433  -20.766 1.0000000000
120448  28.185  -1.354  -23.241 0.8750000000
68808  24.544  0.678  -20.608 1.0000000000
123851  21.408  1.191  -21.825 1.0000000000
68809  22.611  0.387  -21.068 1.0000000000
137484  25.769  -0.340  -20.584 1.0000000000
67727  21.806  -0.061  -21.235 1.0000000000
67726  26.472  -0.036  -20.775 1.0000000000
67763  27.984  -0.410  -24.936 1.0000000000
67751  27.868  -0.737  -24.209 1.0000000000
140363  20.173  3.841  -22.550 0.6250000000
70924  21.140  2.744  -21.642 0.7500000000
69885  23.214  1.700  -20.863 1.0000000000
70909  23.817  2.294  -20.646 1.0000000000
69875  24.147  1.510  -20.647 1.0000000000
140495  26.352  2.058  -20.686 1.0000000000
138279  26.803  1.437  -21.174 1.0000000000
124324  27.121  0.420  -25.999 1.0000000000
69905  27.720  1.330  -22.870 1.0000000000
69873  26.023  1.404  -20.540 1.0000000000
139476  24.146  4.297  -21.016 1.0000000000
70922  22.948  2.799  -20.825 1.0000000000
137078  26.356  2.929  -20.633 1.0000000000
70921  24.114  3.230  -20.628 1.0000000000
120125  25.748  3.863  -20.579 1.0000000000
70946  27.757  2.356  -23.052 1.0000000000
74814  26.958  6.509  -21.671 0.8750000000
70934  27.662  3.105  -22.323 1.0000000000
71844  26.727  3.855  -21.010 1.0000000000
70967  26.234  2.197  -25.462 1.0000000000
71858  27.394  3.839  -21.771 1.0000000000
139271  27.423  4.592  -22.826 1.0000000000
117813  19.939  10.487  -23.326 0.1250000000
80315  20.279  12.335  -23.679 0.2500000000
79487  22.660  11.372  -22.121 0.3750000000
79499  24.083  11.854  -21.831 0.5000000000
80336  25.495  12.846  -23.923 0.5000000000
135721  25.520  13.939  -25.997 0.2500000000
119293  15.106  -4.322  -17.037 0.1250000000
63416  15.165  -4.973  -16.998 0.1250000000
134567  15.813  -5.348  -18.279 0.6250000000
134800  17.623  -6.281  -19.926 1.0000000000
72752  22.596  4.607  -21.517 0.5000000000
71848  20.445  5.100  -22.330 0.6250000000
70923  21.942  2.768  -21.219 0.8750000000
120096  21.673  3.644  -21.658 0.7500000000
134912  22.089  4.206  -21.668 0.8750000000
71847  22.416  3.689  -21.388 1.0000000000
140888  24.861  3.833  -20.582 1.0000000000
75763  27.188  7.358  -21.906 1.0000000000
74826  27.324  6.987  -23.508 1.0000000000
78568  22.312  10.276  -21.921 0.3750000000
79497  26.208  11.229  -22.403 0.7500000000
79498  25.342  11.578  -21.970 0.7500000000
79509  25.832  11.597  -23.284 0.7500000000
129194  25.556  14.064  -27.580 0.2500000000
81187  25.525  13.276  -27.627 0.3750000000
56618  18.796  -10.150  -16.538 0.7500000000
56633  20.939  -10.610  -17.527 0.7500000000
57751  18.164  -9.558  -16.637 0.7500000000
57771  17.964  -8.957  -17.042 0.7500000000
57768  20.383  -9.891  -17.764 0.7500000000
56635  19.404  -9.952  -17.174 0.7500000000
57789  19.199  -9.295  -17.561 0.7500000000
57786  21.445  -9.413  -18.448 0.7500000000
57788  19.786  -9.252  -17.890 0.7500000000
58959  19.114  -8.689  -18.025 0.7500000000
60168  16.830  -6.844  -18.444 0.7500000000
61298  16.478  -6.267  -18.770 0.6250000000
141275  18.474  -8.283  -18.325 0.7500000000
123258  18.203  -7.595  -18.833 0.8750000000
60167  17.437  -7.182  -18.687 0.8750000000
57787  20.531  -9.265  -18.308 0.7500000000
58957  20.295  -8.614  -18.656 0.7500000000
134661  18.984  -7.625  -19.186 0.8750000000
60187  18.352  -7.093  -19.430 0.8750000000
58977  22.115  -8.472  -19.208 0.7500000000
58978  20.519  -8.144  -19.072 0.7500000000
60185  20.890  -7.443  -19.322 0.8750000000
61319  19.083  -6.729  -19.663 0.8750000000
60183  23.099  -7.903  -20.360 0.7500000000
61317  21.369  -6.575  -19.472 0.8750000000
141990  24.148  -6.531  -20.470 0.8750000000
61337  23.977  -5.853  -20.528 0.8750000000
142243  24.228  -5.204  -21.010 0.8750000000
64537  27.798  -3.673  -20.068 0.3750000000
120418  27.078  -4.207  -20.953 0.6250000000
62396  25.370  -5.256  -22.242 0.7500000000
62415  24.745  -5.350  -22.415 0.7500000000
64546  29.273  -3.118  -20.138 0.5000000000
64547  28.336  -3.138  -20.524 0.5000000000
64548  27.558  -3.489  -21.217 0.7500000000
140607  26.558  -4.321  -23.036 0.7500000000
64582  31.053  -3.557  -22.208 0.1250000000
64565  30.542  -2.974  -21.645 0.3750000000
65573  29.854  -2.666  -21.322 0.6250000000
64566  27.965  -2.896  -21.494 0.6250000000
65594  28.022  -2.418  -22.187 0.6250000000
62447  31.239  -5.749  -24.375 0.1250000000
63491  31.300  -4.887  -23.704 0.1250000000
64594  30.920  -3.398  -23.573 0.1250000000
64609  31.072  -3.747  -25.277 0.1250000000
134775  30.322  -2.002  -23.800 0.6250000000
65638  30.492  -1.900  -24.608 0.6250000000
66638  29.939  -1.468  -24.042 0.7500000000
63515  31.099  -4.751  -25.798 0.1250000000
117083  29.281  -5.752  -27.942 0.1250000000
129477  30.723  -3.138  -26.576 0.1250000000
141900  30.623  -2.498  -26.115 0.5000000000
66646  30.299  -1.600  -25.304 0.6250000000
66647  29.756  -1.242  -25.607 0.7500000000
62450  30.978  -5.697  -25.353 0.1250000000
65664  30.411  -3.138  -27.375 0.5000000000
66672  29.622  -2.210  -28.352 0.5000000000
66663  29.656  -1.347  -27.577 0.6250000000
66655  29.655  -1.252  -26.481 0.7500000000
124233  26.363  8.974  -21.202 0.5000000000
76749  26.953  8.017  -21.628 0.7500000000
66682  28.608  -1.887  -29.539 0.6250000000
67800  28.012  -0.514  -28.358 0.6250000000
67791  27.499  -0.031  -27.576 0.8750000000
66683  27.450  -1.781  -29.935 0.5000000000
67813  27.554  -0.868  -29.283 0.6250000000
67814  26.294  -1.356  -29.898 0.6250000000
67801  26.970  -0.195  -28.834 0.7500000000
76750  27.124  8.893  -21.524 0.7500000000
68866  27.009  0.363  -26.915 0.8750000000
71887  26.353  3.191  -25.652 0.8750000000
68880  26.061  0.286  -28.692 0.7500000000
69941  25.183  1.506  -27.956 0.8750000000
69934  25.524  2.202  -27.115 0.8750000000
70977  25.889  2.546  -26.249 0.8750000000
71894  25.900  3.566  -26.610 0.8750000000
66684  26.385  -2.081  -30.468 0.3750000000
67815  25.312  -1.060  -30.165 0.5000000000
68881  25.282  0.126  -29.456 0.6250000000
66687  26.376  -2.226  -30.907 0.2500000000
139488  25.839  -1.781  -30.480 0.3750000000
68888  24.949  -0.256  -30.169 0.5000000000
77634  26.691  9.685  -21.408 0.6250000000
133932  27.271  9.680  -21.785 0.7500000000
76760  27.429  8.251  -21.976 0.8750000000
72786  26.902  4.957  -24.325 0.8750000000
72795  26.105  4.231  -26.182 0.8750000000
68882  25.062  0.913  -28.813 0.6250000000
66688  25.433  -1.406  -30.875 0.3750000000
68900  24.797  0.221  -31.263 0.5000000000
70978  25.179  3.195  -27.795 0.7500000000
66694  26.137  -1.298  -31.553 0.2500000000
78565  26.134  10.284  -21.458 0.6250000000
76761  27.562  9.131  -22.152 0.8750000000
75769  27.331  7.557  -22.661 0.8750000000
121057  27.294  8.408  -23.894 0.7500000000
73829  27.124  5.669  -24.089 0.8750000000
69951  24.452  2.016  -29.413 0.5000000000
69974  24.781  1.908  -32.078 0.2500000000
69970  23.372  2.389  -31.848 0.5000000000
68890  24.187  1.406  -30.847 0.5000000000
128947  25.940  0.336  -32.418 0.2500000000
78566  25.184  10.392  -21.443 0.5000000000
78577  25.919  11.080  -21.602 0.5000000000
78576  26.825  10.500  -21.876 0.6250000000
78575  27.375  9.945  -22.411 0.7500000000
77665  27.329  9.348  -23.192 0.7500000000
138855  27.236  10.038  -23.047 0.7500000000
124403  26.935  9.096  -24.372 0.7500000000
75777  26.927  7.647  -25.430 0.7500000000
74840  26.831  6.986  -25.478 0.7500000000
140222  26.561  6.301  -25.589 0.7500000000
72803  25.333  4.941  -28.150 0.5000000000
73845  25.437  5.387  -27.824 0.3750000000
125068  25.590  5.166  -26.723 0.6250000000
71010  23.006  3.263  -32.238 0.2500000000
71914  24.044  4.462  -29.842 0.3750000000
72818  24.612  4.958  -29.633 0.3750000000
78582  26.879  10.532  -22.823 0.7500000000
77657  26.770  10.102  -23.943 0.7500000000
77666  26.654  9.559  -24.917 0.7500000000
76771  26.599  8.091  -25.922 0.7500000000
75778  26.323  7.377  -26.261 0.6250000000
73844  25.590  5.793  -27.624 0.3750000000
74851  25.732  6.357  -27.561 0.3750000000
71002  25.093  3.524  -30.967 0.1250000000
141146  25.360  5.372  -29.066 0.1250000000
73859  24.953  5.466  -29.125 0.2500000000
127680  26.380  11.009  -23.551 0.6250000000
129274  26.414  10.924  -24.594 0.7500000000
78594  26.493  10.188  -25.098 0.6250000000
76768  26.694  8.854  -25.432 0.7500000000
75785  25.722  7.087  -27.511 0.3750000000
136684  25.759  6.094  -28.169 0.2500000000
74841  26.103  6.662  -26.482 0.6250000000
72817  26.253  5.184  -28.624 0.1250000000
71922  25.544  4.089  -29.952 0.1250000000
79516  26.107  11.547  -24.194 0.6250000000
79527  26.397  11.782  -25.114 0.6250000000
78606  26.442  10.217  -26.099 0.3750000000
126563  26.585  10.994  -25.549 0.3750000000
77674  26.165  9.375  -26.832 0.3750000000
137287  25.572  7.968  -28.352 0.2500000000
76774  25.913  7.797  -26.902 0.3750000000
120181  26.249  8.581  -26.547 0.3750000000
123170  25.863  6.170  -28.278 0.1250000000
119073  25.743  6.672  -28.241 0.3750000000
72809  27.335  5.152  -28.059 0.1250000000
80360  25.735  12.785  -26.967 0.3750000000
79541  26.461  11.621  -25.979 0.3750000000
134256  25.937  11.048  -27.556 0.3750000000
79553  26.176  11.376  -26.768 0.3750000000
77677  25.712  9.235  -27.839 0.3750000000
78616  25.537  10.116  -28.211 0.3750000000
78615  26.106  10.348  -27.080 0.3750000000
76780  25.377  8.389  -28.462 0.3750000000
122632  25.744  8.427  -27.611 0.3750000000
76788  27.281  8.455  -28.713 0.1250000000
75793  25.649  7.172  -28.285 0.1250000000
75800  25.817  7.688  -28.454 0.2500000000
75791  27.611  7.100  -27.791 0.1250000000
142057  25.322  12.056  -28.612 0.2500000000
120996  25.160  10.438  -28.883 0.2500000000
79554  25.521  11.345  -28.230 0.3750000000
80368  25.706  11.885  -27.265 0.3750000000
78632  24.257  9.303  -30.023 0.1250000000
76790  24.945  8.345  -29.013 0.1250000000
77678  24.989  8.912  -28.667 0.2500000000
76796  26.862  8.774  -29.337 0.1250000000
76789  25.535  8.146  -28.756 0.1250000000
80378  25.322  12.873  -28.436 0.3750000000
80369  25.458  12.378  -27.812 0.3750000000
79562  25.136  11.212  -29.225 0.2500000000
79571  23.691  9.795  -30.586 0.1250000000
79578  23.333  10.689  -31.245 0.1250000000
77686  23.627  9.285  -30.864 0.1250000000
78640  23.069  9.650  -31.493 0.1250000000
77690  25.146  9.415  -31.057 0.1250000000
118844  22.781  11.364  -32.290 0.1250000000
77691  23.921  9.238  -31.013 0.1250000000
79585  22.650  10.279  -32.292 0.1250000000
77689  27.039  9.526  -30.936 0.1250000000
77682  27.551  9.285  -30.049 0.1250000000
61318  20.227  -6.578  -19.602 0.8750000000
62379  25.230  -5.819  -21.017 0.6250000000
132270  29.194  -2.219  -29.116 0.6250000000
125122  25.660  0.789  -27.879 0.8750000000
129887  25.180  0.337  -31.983 0.3750000000
76765  27.413  8.412  -22.847 0.8750000000
75771  27.353  7.770  -23.472 0.8750000000
75773  27.272  7.495  -24.508 0.7500000000
73830  26.617  5.654  -25.050 0.7500000000
70994  24.193  3.294  -29.615 0.5000000000
71904  25.026  4.354  -28.697 0.5000000000
71895  25.534  3.908  -27.544 0.7500000000
71011  22.741  3.444  -31.537 0.5000000000
126727  26.104  8.124  -28.870 0.1250000000
79570  24.572  10.085  -29.677 0.2500000000
77692  23.305  9.468  -31.436 0.1250000000
127000  26.044  9.305  -30.695 0.1250000000
64595  30.465  -2.587  -23.211 0.5000000000
65611  29.561  -1.981  -22.637 0.6250000000
65612  28.647  -1.805  -22.690 0.7500000000
65676  28.520  -2.912  -29.520 0.3750000000
65677  27.773  -2.781  -30.087 0.3750000000
141025  27.115  -2.632  -30.721 0.2500000000
142129  25.646  3.042  -27.007 0.7500000000
121233  27.270  -2.108  -31.544 0.1250000000
56601  19.360  -10.764  -15.925 0.7500000000
56602  18.467  -10.531  -15.713 0.7500000000
57737  17.375  -9.757  -15.715 0.7500000000
57752  17.483  -9.234  -16.342 0.7500000000
137783  20.500  -11.189  -16.489 0.7500000000
56632  21.778  -10.684  -17.694 0.7500000000
60148  16.643  -7.140  -17.609 0.6250000000
58939  17.613  -8.347  -17.584 0.7500000000
57766  22.185  -9.919  -18.272 0.6250000000
138576  22.758  -8.826  -19.437 0.7500000000
122535  23.315  -8.743  -19.774 0.6250000000
60182  23.779  -7.993  -20.680 0.6250000000
134888  25.328  -6.405  -20.131 0.5000000000
128280  26.355  -5.574  -19.419 0.3750000000
62378  25.783  -5.704  -20.198 0.5000000000
64536  28.695  -3.475  -19.608 0.1250000000
64564  31.032  -3.720  -21.342 0.1250000000
63480  31.362  -5.011  -22.945 0.1250000000
61376  30.957  -6.673  -24.069 0.1250000000
62451  30.393  -6.580  -25.944 0.1250000000
117306  29.991  -6.455  -26.674 0.1250000000
133669  29.060  -6.326  -28.356 0.1250000000
118647  26.361  8.235  -21.270 0.3750000000
63529  28.500  -5.619  -28.730 0.1250000000
63528  29.212  -4.847  -28.282 0.1250000000
130318  28.270  -3.977  -29.174 0.1250000000
64638  28.055  -3.531  -29.849 0.2500000000
65681  27.028  -2.514  -30.557 0.2500000000
77635  25.570  9.426  -21.244 0.5000000000
68902  26.812  0.055  -32.475 0.1250000000
66693  26.915  -1.427  -31.924 0.2500000000
69968  26.597  1.441  -31.636 0.1250000000
71001  26.524  2.935  -30.113 0.1250000000
70993  26.986  3.370  -29.177 0.1250000000
71911  27.569  3.697  -28.401 0.1250000000
73850  28.245  5.438  -27.316 0.1250000000
71902  28.019  4.166  -27.814 0.1250000000
75798  27.685  7.927  -28.196 0.1250000000
76787  29.150  8.662  -28.790 0.1250000000
80316  19.888  13.185  -23.475 0.1250000000
81201  24.844  13.047  -29.853 0.2500000000
81207  24.515  13.197  -30.610 0.1250000000
81213  23.647  13.613  -32.527 0.1250000000
78648  22.882  9.860  -32.252 0.1250000000
80395  22.340  11.274  -33.052 0.1250000000
134124  28.456  9.203  -30.157 0.1250000000
135534  26.359  9.531  -31.521 0.1250000000
135516  25.224  -4.964  -23.064 0.7500000000
67790  28.320  -0.399  -27.263 0.7500000000
67789  29.111  -0.718  -26.979 0.7500000000
130154  26.540  3.954  -25.353 0.8750000000
62381  21.804  -5.651  -19.503 0.8750000000
61297  17.017  -6.514  -19.092 0.7500000000
62383  19.546  -5.767  -20.130 0.8750000000
63468  25.981  -4.695  -23.108 0.7500000000
66614  29.937  -1.722  -23.239 0.6250000000
130116  26.354  0.720  -27.157 0.8750000000
73818  27.336  6.101  -23.413 0.8750000000
129324  26.827  4.151  -24.566 0.8750000000
80352  26.112  12.602  -25.193 0.3750000000
80353  25.984  13.094  -25.929 0.3750000000
82037  25.128  14.171  -29.917 0.1250000000
81195  25.219  13.469  -29.111 0.2500000000
57770  18.657  -9.445  -17.121 0.7500000000
56619  17.960  -9.942  -16.080 0.7500000000
56634  20.173  -10.325  -17.315 0.7500000000
56616  20.670  -11.015  -17.037 0.7500000000
56615  21.407  -11.236  -17.186 0.7500000000
57767  21.209  -9.969  -17.976 0.7500000000
58922  16.796  -8.394  -16.334 0.7500000000
58921  17.407  -8.585  -16.929 0.7500000000
58938  18.404  -8.704  -17.696 0.7500000000
58958  19.733  -8.682  -18.347 0.7500000000
60147  17.235  -7.592  -18.018 0.7500000000
61282  16.242  -6.463  -17.972 0.6250000000
58960  17.823  -8.022  -18.266 0.7500000000
60166  19.010  -8.207  -18.625 0.8750000000
58956  21.176  -8.745  -18.809 0.7500000000
60186  19.877  -7.477  -19.316 0.8750000000
60184  22.100  -7.664  -19.446 0.7500000000
58976  22.892  -8.432  -19.973 0.7500000000
61315  23.625  -6.909  -20.227 0.7500000000
61316  22.558  -6.719  -19.601 0.8750000000
61314  24.328  -7.087  -20.376 0.6250000000
62397  24.867  -5.721  -21.490 0.7500000000
63436  27.328  -4.364  -19.583 0.2500000000
62377  26.457  -4.941  -20.298 0.5000000000
126910  25.766  -5.290  -21.206 0.6250000000
136408  29.769  -2.924  -20.621 0.5000000000
124507  30.416  -3.165  -20.851 0.2500000000
64545  30.178  -3.484  -20.045 0.1250000000
122749  30.826  -3.305  -22.886 0.2500000000
64583  30.518  -2.825  -22.415 0.3750000000
65593  29.241  -2.267  -22.013 0.6250000000
62448  30.748  -6.658  -25.024 0.1250000000
63503  31.234  -4.630  -24.674 0.1250000000
64620  30.996  -3.883  -26.255 0.1250000000
63524  30.709  -4.788  -26.739 0.1250000000
65656  30.874  -3.019  -25.754 0.5000000000
117162  29.997  -5.738  -27.100 0.1250000000
123315  30.085  -4.815  -27.562 0.1250000000
64631  29.942  -3.918  -27.831 0.1250000000
66662  30.038  -2.350  -27.515 0.6250000000
64634  29.105  -3.944  -28.523 0.1250000000
128424  29.230  -1.418  -28.695 0.6250000000
66673  28.479  -1.053  -29.051 0.6250000000
67802  25.986  -0.403  -29.431 0.6250000000
70985  24.866  2.508  -28.330 0.7500000000
69959  24.627  0.887  -29.985 0.5000000000
72787  26.259  4.875  -25.476 0.7500000000
68904  24.534  1.372  -31.792 0.3750000000
74832  27.127  6.432  -24.533 0.7500000000
72802  25.532  4.597  -27.125 0.6250000000
73838  25.963  5.833  -26.374 0.7500000000
69960  23.564  2.320  -30.835 0.5000000000
71009  24.776  2.918  -31.775 0.1250000000
69969  25.327  2.043  -31.977 0.1250000000
68903  25.080  1.254  -32.085 0.2500000000
69973  25.945  1.003  -32.327 0.1250000000
76770  27.111  8.277  -24.968 0.7500000000
73853  25.385  5.497  -28.669 0.3750000000
71923  24.009  4.478  -30.819 0.1250000000
77670  26.490  9.455  -25.817 0.3750000000
73852  25.642  5.723  -28.351 0.3750000000
71913  24.695  5.025  -29.710 0.1250000000
73858  25.407  5.553  -28.688 0.1250000000
71912  26.255  4.537  -29.050 0.1250000000
118790  25.643  7.666  -27.855 0.3750000000
73851  26.869  5.977  -27.898 0.1250000000
73857  26.044  5.756  -28.418 0.1250000000
137100  26.255  12.276  -25.706 0.3750000000
74856  26.481  6.563  -28.073 0.1250000000
75792  26.305  7.245  -28.312 0.1250000000
80359  26.055  12.198  -26.419 0.3750000000
78625  24.771  9.459  -29.116 0.3750000000
75799  26.515  7.874  -28.508 0.1250000000
74855  27.786  6.262  -27.480 0.1250000000
80383  25.036  12.270  -29.425 0.2500000000
125748  24.486  10.983  -30.156 0.2500000000
77680  24.647  8.822  -29.417 0.1250000000
77684  25.285  8.837  -30.118 0.1250000000
76797  25.560  8.457  -29.320 0.1250000000
77683  26.372  9.050  -30.032 0.1250000000
80388  24.355  12.047  -30.422 0.1250000000
77685  24.468  9.089  -30.226 0.1250000000
76795  28.179  8.961  -29.263 0.1250000000
76798  24.900  8.634  -29.560 0.1250000000
80403  22.573  12.466  -33.274 0.1250000000
130522  23.416  12.528  -32.173 0.1250000000
55378  18.997  -11.155  -15.243 0.7500000000
56617  19.876  -10.616  -16.677 0.7500000000
55377  20.080  -11.036  -16.040 0.7500000000
56603  17.691  -10.268  -15.420 0.7500000000
56587  18.220  -10.808  -14.970 0.7500000000
60134  16.417  -7.397  -16.682 0.5000000000
58940  17.060  -7.929  -17.224 0.6250000000
58975  23.421  -8.394  -20.390 0.6250000000
61313  24.930  -7.114  -19.963 0.5000000000
63530  28.300  -4.973  -29.239 0.1250000000
61380  28.587  -6.135  -29.108 0.1250000000
127493  28.450  -4.748  -28.795 0.1250000000
71008  26.005  2.429  -31.125 0.1250000000
135978  28.281  8.545  -28.514 0.1250000000
56588  17.451  -10.482  -14.718 0.7500000000
58908  16.390  -8.362  -15.482 0.5000000000
54130  20.188  -12.172  -15.144 0.6250000000
55376  20.577  -11.634  -15.850 0.6250000000
55386  22.477  -11.362  -16.296 0.3750000000
55387  21.741  -11.592  -16.585 0.6250000000
57736  23.655  -10.298  -16.291 0.2500000000
139105  22.763  -10.760  -17.278 0.3750000000
133161  19.789  -11.430  -15.499 0.6250000000
57765  23.029  -9.904  -18.217 0.5000000000
57785  22.872  -9.286  -18.940 0.5000000000
139465  23.714  -8.777  -19.538 0.3750000000
55359  22.701  -11.396  -15.265 0.5000000000
55374  22.004  -11.823  -15.799 0.6250000000
60181  24.367  -7.848  -20.158 0.5000000000
142159  20.150  -13.188  -14.239 0.6250000000
57726  16.346  -8.745  -14.763 0.3750000000
56589  16.886  -10.059  -14.467 0.3750000000
54119  19.844  -12.661  -14.547 0.6250000000
55362  19.454  -11.898  -14.868 0.6250000000
55347  22.497  -11.934  -13.850 0.3750000000
54116  21.902  -12.328  -14.441 0.5000000000
54118  20.475  -12.761  -14.701 0.6250000000
128562  23.091  -11.213  -14.449 0.3750000000
57749  24.101  -9.725  -16.763 0.2500000000
56600  23.190  -10.821  -15.798 0.2500000000
61299  15.937  -5.948  -18.229 0.3750000000
57764  23.800  -9.580  -17.754 0.2500000000
58954  24.270  -8.665  -18.906 0.3750000000
138458  24.978  -8.259  -18.510 0.2500000000
60180  24.976  -7.628  -19.515 0.2500000000
61312  25.903  -6.276  -19.328 0.2500000000
72765  19.160  5.831  -23.636 0.2500000000
63425  27.761  -4.592  -18.554 0.2500000000
123063  21.513  4.661  -21.751 0.3750000000
72764  20.030  6.066  -23.463 0.2500000000
78567  23.831  10.650  -21.538 0.2500000000
71861  15.872  4.348  -22.775 0.1250000000
70926  15.186  3.046  -20.795 0.2500000000
62356  15.532  -5.495  -17.510 0.2500000000
56604  17.069  -9.959  -15.155 0.5000000000
57738  16.846  -9.205  -15.548 0.5000000000
55375  21.308  -11.840  -15.912 0.6250000000
56614  22.248  -11.128  -17.164 0.5000000000
135693  22.556  -10.543  -17.711 0.5000000000
62365  26.942  -5.062  -18.976 0.2500000000
60120  16.085  -7.631  -15.795 0.3750000000
61283  15.693  -6.041  -17.315 0.2500000000
58953  24.653  -8.143  -19.364 0.2500000000
54129  20.883  -12.273  -15.278 0.6250000000
55361  21.542  -12.180  -15.239 0.5000000000
56613  22.950  -10.827  -16.730 0.2500000000
57735  24.424  -9.835  -15.829 0.2500000000
57750  23.270  -10.278  -17.285 0.3750000000
58937  23.568  -9.169  -18.819 0.3750000000
55360  22.138  -11.955  -15.094 0.5000000000
117749  22.547  -11.695  -14.480 0.3750000000
125083  16.694  -9.571  -14.862 0.3750000000
54117  21.124  -12.711  -14.701 0.5000000000
58936  24.280  -9.125  -18.134 0.2500000000
60164  25.278  -7.713  -18.687 0.2500000000
71839  14.727  3.449  -20.281 0.1250000000
54095  18.577  -12.931  -12.788 0.5000000000
54105  21.374  -12.930  -13.922 0.2500000000
52988  20.875  -13.533  -13.420 0.3750000000
54108  18.846  -12.659  -13.511 0.5000000000
55336  17.569  -11.840  -12.725 0.5000000000
55348  18.433  -11.905  -13.876 0.5000000000
54109  18.158  -12.255  -13.165 0.5000000000
55364  17.974  -11.130  -14.245 0.3750000000
55363  18.707  -11.539  -14.569 0.5000000000
52969  17.114  -13.208  -11.031 0.1250000000
52980  18.223  -13.271  -12.118 0.3750000000
56575  17.269  -10.643  -13.814 0.2500000000
50827  17.146  -15.341  -10.152 0.1250000000
52968  17.762  -13.640  -11.426 0.2500000000
52967  18.506  -13.947  -11.778 0.3750000000
52976  21.220  -13.777  -12.591 0.2500000000
51931  19.846  -14.618  -12.413 0.3750000000
125488  19.358  -13.807  -12.828 0.5000000000
51908  16.555  -14.528  -10.262 0.1250000000
51932  19.242  -14.258  -12.271 0.3750000000
54070  16.812  -12.186  -11.356 0.1250000000
56558  16.714  -10.507  -12.285 0.1250000000
65682  27.830  -3.226  -30.403 0.1250000000
54106  20.659  -13.193  -14.162 0.3750000000
54120  19.145  -12.323  -14.218 0.5000000000
54107  19.561  -13.133  -13.842 0.5000000000
118472  16.683  -9.977  -13.716 0.2500000000
57725  16.520  -9.461  -14.227 0.2500000000
54104  22.135  -12.465  -13.495 0.2500000000
52991  19.150  -13.329  -13.140 0.5000000000
52989  20.145  -13.653  -13.597 0.3750000000
52977  20.367  -14.171  -12.814 0.3750000000
52979  18.869  -13.618  -12.495 0.3750000000
54096  17.910  -12.570  -12.452 0.2500000000
55350  17.228  -11.015  -12.912 0.1250000000
55349  17.753  -11.484  -13.487 0.1250000000
51923  17.210  -14.037  -10.712 0.1250000000
52952  16.635  -13.715  -10.454 0.1250000000
130166  16.561  -12.820  -10.673 0.1250000000
134718  17.564  -12.837  -11.745 0.1250000000
50828  16.523  -15.131  -10.108 0.1250000000
51907  17.188  -14.721  -10.430 0.1250000000
51922  17.926  -14.304  -11.017 0.3750000000
51929  20.808  -14.421  -12.139 0.2500000000
54097  17.405  -12.161  -12.069 0.1250000000
55337  17.044  -11.431  -12.109 0.1250000000
51921  18.737  -14.534  -11.393 0.2500000000
51920  19.451  -14.854  -11.814 0.2500000000
60135  15.725  -6.862  -16.103 0.2500000000
50837  18.027  -14.955  -10.567 0.1250000000
50836  18.987  -15.054  -10.971 0.1250000000
61260  15.400  -6.415  -15.666 0.1250000000
135853  25.621  6.953  -20.861 0.1250000000
75765  25.573  7.667  -20.919 0.1250000000
76751  25.510  8.488  -21.045 0.1250000000
77636  24.298  9.509  -21.309 0.1250000000
119112  24.538  8.676  -20.991 0.1250000000
77637  23.095  9.527  -21.479 0.1250000000
76754  22.336  8.796  -21.432 0.1250000000
121284  24.959  6.369  -21.095 0.1250000000
73820  19.586  6.698  -24.063 0.1250000000
57710  16.248  -8.825  -13.946 0.1250000000
60108  15.480  -7.233  -14.743 0.1250000000
72753  20.838  5.949  -21.990 0.1250000000
74817  24.123  5.993  -21.202 0.1250000000
118394  24.870  7.146  -20.703 0.1250000000
76752  23.943  8.328  -20.716 0.1250000000
76735  22.906  8.735  -21.080 0.1250000000
124529  21.574  8.760  -22.032 0.1250000000
77638  21.971  9.198  -21.881 0.1250000000
73801  23.822  5.436  -21.375 0.1250000000
129490  15.459  -4.919  -17.661 0.1250000000
60149  16.059  -6.597  -16.996 0.1250000000
58909  15.874  -7.797  -15.020 0.1250000000
136242  20.496  6.204  -23.058 0.1250000000
62344  15.370  -5.620  -16.724 0.1250000000
61269  15.530  -6.174  -16.425 0.1250000000
60121  15.470  -7.052  -15.309 0.1250000000
62329  15.343  -6.221  -15.549 0.1250000000
60122  15.281  -6.602  -14.970 0.1250000000
75766  24.732  7.949  -20.763 0.1250000000
76753  23.350  8.780  -21.079 0.1250000000
139631  22.696  9.000  -21.422 0.1250000000
76737  20.804  8.311  -20.855 0.1250000000
55346  23.049  -11.435  -13.818 0.1250000000
56574  23.709  -10.894  -13.924 0.1250000000
56586  23.457  -10.794  -14.853 0.1250000000
56599  23.940  -10.329  -15.350 0.1250000000
57748  24.904  -9.285  -16.273 0.1250000000
58920  24.603  -9.208  -17.245 0.1250000000
58935  24.990  -8.647  -17.782 0.1250000000
60131  27.076  -7.304  -16.714 0.1250000000
60132  26.283  -7.726  -17.106 0.1250000000
60146  25.506  -7.963  -17.817 0.1250000000
61280  27.314  -6.670  -17.082 0.1250000000
61295  26.111  -6.507  -18.463 0.1250000000
124989  28.199  -5.546  -17.374 0.1250000000
140887  26.991  -5.864  -17.875 0.1250000000
62354  27.431  -5.365  -18.027 0.1250000000
131033  19.930  -15.022  -12.051 0.1250000000
52966  21.587  -13.911  -11.726 0.1250000000
52975  22.007  -13.224  -12.145 0.1250000000
54092  23.263  -12.259  -12.260 0.1250000000
141097  24.064  -10.940  -13.362 0.1250000000
55345  23.655  -11.310  -13.266 0.1250000000
56585  24.250  -10.442  -14.452 0.1250000000
57723  25.514  -9.696  -14.652 0.1250000000
58907  25.784  -8.903  -15.788 0.1250000000
58919  25.373  -8.757  -16.759 0.1250000000
58917  26.849  -7.849  -16.443 0.1250000000
61279  28.100  -6.184  -16.843 0.1250000000
63424  28.702  -4.328  -18.356 0.1250000000
63411  29.313  -4.681  -17.767 0.1250000000
132992  28.935  -5.168  -17.369 0.1250000000
64526  29.128  -3.806  -18.860 0.1250000000
55335  22.940  -11.887  -13.093 0.1250000000
62366  26.598  -5.825  -18.479 0.1250000000
57724  24.738  -9.986  -14.965 0.1250000000
61281  25.886  -7.131  -17.920 0.1250000000
54094  21.670  -13.092  -13.039 0.1250000000
54093  22.447  -12.582  -12.603 0.1250000000
51919  20.406  -14.929  -11.723 0.1250000000
56584  25.101  -10.216  -14.159 0.1250000000
57734  25.216  -9.506  -15.427 0.1250000000
60133  25.699  -8.306  -17.170 0.1250000000
60145  26.637  -7.047  -17.288 0.1250000000
58918  26.252  -8.336  -16.415 0.1250000000
60130  27.929  -6.954  -16.484 0.1250000000
62355  26.670  -6.397  -17.747 0.1250000000
63412  28.365  -4.878  -17.828 0.1250000000
62353  28.981  -5.704  -16.894 0.1250000000
51918  21.194  -14.586  -11.315 0.1250000000
52965  22.403  -13.466  -11.363 0.1250000000
56572  25.571  -10.568  -13.452 0.1250000000
62364  31.037  -4.831  -18.390 0.1250000000
51930  20.199  -14.711  -12.288 0.1250000000
52978  19.783  -14.077  -12.901 0.5000000000
52990  19.609  -13.644  -13.295 0.5000000000
55334  24.367  -11.179  -12.935 0.1250000000
55388  21.041  -11.540  -16.608 0.7500000000
57769  19.771  -9.771  -17.557 0.7500000000
58905  27.078  -8.218  -15.898 0.1250000000
58955  22.131  -9.086  -18.796 0.7500000000
58979  19.700  -8.161  -18.860 0.8750000000
60165  23.874  -8.463  -20.103 0.6250000000
61296  25.505  -7.017  -19.053 0.2500000000
61320  18.142  -6.544  -19.891 1.0000000000
61335  24.816  -6.416  -20.573 0.5000000000
61336  24.496  -6.177  -20.764 0.6250000000
61338  18.028  -5.936  -20.312 1.0000000000
62352  29.805  -5.242  -17.257 0.1250000000
62398  24.513  -5.554  -21.487 0.8750000000
62400  22.224  -4.926  -19.615 1.0000000000
62458  29.081  -5.843  -29.630 0.1250000000
63410  30.233  -4.709  -17.947 0.1250000000
63435  28.188  -3.985  -19.102 0.1250000000
63449  26.970  -4.032  -22.301 0.7500000000
63450  26.313  -4.675  -22.063 0.7500000000
63469  24.628  -4.955  -22.754 0.7500000000
63471  18.386  -4.420  -21.355 1.0000000000
63481  26.283  -4.165  -23.345 0.8750000000
63516  30.635  -5.687  -26.291 0.1250000000
64550  22.930  -4.015  -19.998 1.0000000000
64567  27.323  -3.403  -22.206 0.7500000000
64571  19.775  -3.546  -21.143 1.0000000000
64584  27.129  -3.092  -22.554 0.8750000000
64586  25.879  -3.878  -23.434 1.0000000000
64601  31.073  -3.543  -24.386 0.1250000000
64621  30.668  -3.931  -27.146 0.1250000000
65574  28.941  -2.633  -21.100 0.6250000000
65592  30.025  -2.416  -22.053 0.6250000000
65610  30.120  -2.256  -22.663 0.5000000000
65615  18.570  -2.322  -22.432 1.0000000000
65637  30.680  -2.714  -24.070 0.6250000000
65648  30.935  -2.791  -24.917 0.5000000000
65649  30.649  -2.220  -25.457 0.6250000000
65672  29.827  -3.094  -28.131 0.5000000000
65673  29.207  -3.044  -28.903 0.3750000000
65686  27.359  -2.885  -30.980 0.2500000000
66587  24.877  -1.730  -20.553 1.0000000000
66590  20.654  -2.090  -20.627 1.0000000000
66600  27.029  -1.438  -21.834 1.0000000000
66616  27.766  -1.468  -22.747 1.0000000000
66619  18.334  -1.658  -22.703 1.0000000000
66621  17.425  -1.918  -22.300 1.0000000000
66629  29.374  -1.384  -23.714 0.8750000000
66631  27.870  -0.973  -23.571 1.0000000000
66639  29.215  -1.144  -24.357 0.8750000000
66654  29.982  -1.845  -26.839 0.7500000000
66689  25.714  -0.537  -31.787 0.2500000000
66692  27.938  -1.414  -32.150 0.1250000000
67711  25.373  -0.992  -20.522 1.0000000000
67713  23.491  -0.730  -20.534 1.0000000000
67716  15.413  -0.378  -20.673 0.6250000000
67725  27.089  -0.529  -21.386 1.0000000000
67730  19.250  -1.330  -22.463 1.0000000000
67741  18.264  -0.994  -22.980 1.0000000000
67752  27.723  -0.320  -23.641 1.0000000000
67754  18.243  -0.296  -23.400 1.0000000000
67772  28.412  -0.677  -25.427 1.0000000000
67799  28.990  -0.694  -28.065 0.6250000000
67816  24.967  -0.662  -30.640 0.5000000000
67825  25.148  -0.526  -31.284 0.3750000000
67830  26.571  -0.500  -32.304 0.2500000000
68820  27.021  0.434  -21.281 1.0000000000
68821  26.427  0.770  -20.781 1.0000000000
68822  22.605  1.124  -21.199 1.0000000000
68823  21.883  0.728  -21.417 1.0000000000
68836  19.443  0.504  -23.258 1.0000000000
68837  17.296  -0.095  -23.135 1.0000000000
68847  17.490  0.698  -23.449 0.8750000000
68859  26.404  1.147  -25.993 1.0000000000
68867  26.539  0.762  -26.547 1.0000000000
68874  26.631  0.384  -27.822 0.7500000000
68889  24.711  0.317  -30.573 0.5000000000
68901  24.412  1.139  -31.228 0.5000000000
69874  25.113  1.426  -20.413 1.0000000000
69886  22.305  1.933  -21.028 1.0000000000
69888  15.773  1.582  -21.713 0.3750000000
69889  15.096  1.452  -20.914 0.3750000000
69896  20.889  1.837  -21.994 1.0000000000
69897  20.314  1.498  -22.714 1.0000000000
69907  18.442  1.249  -23.622 0.7500000000
69975  23.876  2.371  -32.236 0.2500000000
70907  25.653  2.187  -20.420 1.0000000000
70939  16.203  3.257  -22.676 0.3750000000
71003  23.299  3.185  -30.555 0.5000000000
71019  23.952  2.787  -32.375 0.2500000000
71870  16.768  3.978  -23.706 0.5000000000
71871  16.370  4.638  -23.320 0.2500000000
71880  26.744  3.328  -24.726 1.0000000000
71903  27.165  4.551  -28.408 0.1250000000
71915  22.967  4.222  -30.703 0.5000000000
71924  23.736  4.541  -30.416 0.3750000000
71929  23.690  3.623  -31.825 0.2500000000
71930  22.958  4.121  -31.413 0.1250000000
72766  18.091  5.426  -23.324 0.2500000000
72810  24.932  5.364  -28.947 0.3750000000
73808  27.399  5.753  -22.747 1.0000000000
76738  20.217  8.411  -21.312 0.1250000000
76755  20.998  8.670  -22.508 0.1250000000
79489  20.399  10.151  -23.342 0.1250000000
80324  22.228  13.557  -23.398 0.2500000000
80389  23.772  12.140  -31.348 0.1250000000
81151  21.137  13.964  -23.888 0.2500000000
82029  25.415  14.654  -27.249 0.2500000000
116868  29.796  -7.266  -26.593 0.1250000000
117183  29.508  -6.663  -27.419 0.1250000000
118722  19.324  -0.235  -23.001 1.0000000000
122080  24.943  -0.141  -20.572 1.0000000000
122123  17.650  -1.498  -22.632 1.0000000000
123252  17.314  3.334  -23.662 0.5000000000
123826  23.849  -11.695  -12.583 0.1250000000
127604  24.770  3.532  -28.819 0.7500000000
127925  27.738  -1.858  -22.655 0.8750000000
128919  30.263  -1.816  -26.073 0.6250000000
129358  25.476  13.834  -28.266 0.3750000000
130746  27.695  0.646  -23.656 1.0000000000
131082  31.269  -4.088  -23.866 0.1250000000
132153  30.396  -2.446  -26.749 0.6250000000
132708  17.858  -2.108  -22.521 1.0000000000
132720  21.348  -8.132  -19.174 0.7500000000
134285  27.428  -5.994  -17.456 0.1250000000
135529  26.865  2.308  -21.142 1.0000000000
135789  27.357  -2.471  -22.452 0.7500000000
136595  26.514  10.957  -26.303 0.3750000000
137419  23.256  0.026  -20.837 1.0000000000
138915  20.428  -4.725  -20.317 1.0000000000
138936  25.615  11.602  -22.655 0.7500000000
139952  27.622  -3.033  -22.020 0.8750000000
140111  31.230  -4.100  -23.024 0.1250000000
140238  28.320  -5.729  -29.077 0.1250000000
140264  25.801  8.073  -27.241 0.3750000000
140347  25.464  0.569  -28.675 0.8750000000
140387  25.426  -6.727  -19.626 0.5000000000
141089  14.373  1.333  -20.029 0.1250000000
141152  18.705  -4.919  -21.048 1.0000000000
