#!ascii label  , from subject sub_0001 vox2ras=TkReg
709
58922  16.796  -8.394  -16.334 0.0000000000
65593  29.241  -2.267  -22.013 0.0000000000
120450  27.249  4.227  -23.515 0.0000000000
70937  19.322  3.210  -22.872 0.0000000000
54107  19.561  -13.133  -13.842 0.0000000000
57736  23.655  -10.298  -16.291 0.0000000000
61317  21.369  -6.575  -19.472 0.0000000000
66605  19.308  -1.977  -22.266 0.0000000000
67773  27.824  -0.275  -25.714 0.0000000000
71009  24.776  2.918  -31.775 0.0000000000
138855  27.236  10.038  -23.047 0.0000000000
56587  18.220  -10.808  -14.970 0.0000000000
55361  21.542  -12.180  -15.239 0.0000000000
56634  20.173  -10.325  -17.315 0.0000000000
65580  16.600  -2.358  -20.882 0.0000000000
68811  15.397  0.308  -20.964 0.0000000000
70920  25.248  3.059  -20.449 0.0000000000
68808  24.544  0.678  -20.608 0.0000000000
69926  26.406  1.588  -25.478 0.0000000000
68888  24.949  -0.256  -30.169 0.0000000000
70978  25.179  3.195  -27.795 0.0000000000
79487  22.660  11.372  -22.121 0.0000000000
78565  26.134  10.284  -21.458 0.0000000000
80321  25.481  11.996  -23.745 0.0000000000
62415  24.745  -5.350  -22.415 0.0000000000
61313  24.930  -7.114  -19.963 0.0000000000
64536  28.695  -3.475  -19.608 0.0000000000
120071  26.441  5.121  -21.515 0.0000000000
123315  30.085  -4.815  -27.562 0.0000000000
61283  15.693  -6.041  -17.315 0.0000000000
123258  18.203  -7.595  -18.833 0.0000000000
62384  17.077  -5.701  -19.885 0.0000000000
64553  19.441  -4.160  -21.284 0.0000000000
64570  24.260  -3.573  -20.989 0.0000000000
68845  18.700  0.413  -23.516 0.0000000000
67712  24.441  -0.866  -20.457 0.0000000000
121104  29.899  -1.248  -24.811 0.0000000000
65677  27.773  -2.781  -30.087 0.0000000000
75764  26.472  7.287  -21.278 0.0000000000
74826  27.324  6.987  -23.508 0.0000000000
80368  25.706  11.885  -27.265 0.0000000000
120181  26.249  8.581  -26.547 0.0000000000
73838  25.963  5.833  -26.374 0.0000000000
73858  25.407  5.553  -28.688 0.0000000000
138576  22.758  -8.826  -19.437 0.0000000000
60120  16.085  -7.631  -15.795 0.0000000000
57726  16.346  -8.745  -14.763 0.0000000000
57737  17.375  -9.757  -15.715 0.0000000000
56618  18.796  -10.150  -16.538 0.0000000000
57770  18.657  -9.445  -17.121 0.0000000000
70934  27.662  3.105  -22.323 0.0000000000
70946  27.757  2.356  -23.052 0.0000000000
70959  26.612  2.600  -24.890 0.0000000000
69934  25.524  2.202  -27.115 0.0000000000
71894  25.900  3.566  -26.610 0.0000000000
80323  23.347  13.122  -23.172 0.0000000000
79510  24.889  11.956  -22.900 0.0000000000
136944  24.916  13.356  -23.785 0.0000000000
140607  26.558  -4.321  -23.036 0.0000000000
120418  27.078  -4.207  -20.953 0.0000000000
136408  29.769  -2.924  -20.621 0.0000000000
139476  24.146  4.297  -21.016 0.0000000000
73800  24.604  5.588  -21.341 0.0000000000
54109  18.158  -12.255  -13.165 0.0000000000
52991  19.150  -13.329  -13.140 0.0000000000
52977  20.367  -14.171  -12.814 0.0000000000
52988  20.875  -13.533  -13.420 0.0000000000
55386  22.477  -11.362  -16.296 0.0000000000
117749  22.547  -11.695  -14.480 0.0000000000
62367  16.271  -5.784  -18.930 0.0000000000
63438  16.120  -4.999  -18.932 0.0000000000
65599  17.457  -2.527  -21.917 0.0000000000
64573  17.878  -3.377  -21.726 0.0000000000
140497  18.548  -3.009  -22.055 0.0000000000
132021  21.851  -3.345  -19.914 0.0000000000
65578  21.127  -2.643  -20.243 0.0000000000
125590  16.677  2.838  -23.322 0.0000000000
123830  18.923  1.983  -23.328 0.0000000000
68833  27.783  0.309  -22.774 0.0000000000
124678  24.032  -0.011  -20.741 0.0000000000
67738  27.817  -0.612  -22.925 0.0000000000
140615  27.423  -1.599  -22.443 0.0000000000
67780  29.054  -0.900  -25.972 0.0000000000
66663  29.656  -1.347  -27.577 0.0000000000
66673  28.479  -1.053  -29.051 0.0000000000
68904  24.534  1.372  -31.792 0.0000000000
66694  26.137  -1.298  -31.553 0.0000000000
78576  26.825  10.500  -21.876 0.0000000000
76750  27.124  8.893  -21.524 0.0000000000
76761  27.562  9.131  -22.152 0.0000000000
139808  27.316  6.573  -22.511 0.0000000000
121057  27.294  8.408  -23.894 0.0000000000
75778  26.323  7.377  -26.261 0.0000000000
75785  25.722  7.087  -27.511 0.0000000000
73844  25.590  5.793  -27.624 0.0000000000
61319  19.083  -6.729  -19.663 0.0000000000
58957  20.295  -8.614  -18.656 0.0000000000
60184  22.100  -7.664  -19.446 0.0000000000
62366  26.598  -5.825  -18.479 0.0000000000
60164  25.278  -7.713  -18.687 0.0000000000
55364  17.974  -11.130  -14.245 0.0000000000
55362  19.454  -11.898  -14.868 0.0000000000
54118  20.475  -12.761  -14.701 0.0000000000
133161  19.789  -11.430  -15.499 0.0000000000
137783  20.500  -11.189  -16.489 0.0000000000
56632  21.778  -10.684  -17.694 0.0000000000
66577  15.147  -1.454  -19.645 0.0000000000
66607  15.979  -0.952  -20.901 0.0000000000
67743  17.066  -0.750  -22.561 0.0000000000
70923  21.942  2.768  -21.219 0.0000000000
69887  21.537  1.966  -21.403 0.0000000000
70908  24.679  2.274  -20.432 0.0000000000
69905  27.720  1.330  -22.870 0.0000000000
124324  27.121  0.420  -25.999 0.0000000000
67801  26.970  -0.195  -28.834 0.0000000000
125122  25.660  0.789  -27.879 0.0000000000
69951  24.452  2.016  -29.413 0.0000000000
71011  22.741  3.444  -31.537 0.0000000000
77637  23.095  9.527  -21.479 0.0000000000
78578  24.959  11.287  -21.507 0.0000000000
79497  26.208  11.229  -22.403 0.0000000000
127680  26.380  11.009  -23.551 0.0000000000
62380  22.970  -5.781  -19.760 0.0000000000
61315  23.625  -6.909  -20.227 0.0000000000
62379  25.230  -5.819  -21.017 0.0000000000
128280  26.355  -5.574  -19.419 0.0000000000
71848  20.445  5.100  -22.330 0.0000000000
71847  22.416  3.689  -21.388 0.0000000000
120125  25.748  3.863  -20.579 0.0000000000
72763  27.351  4.516  -22.174 0.0000000000
54116  21.902  -12.328  -14.441 0.0000000000
64609  31.072  -3.747  -25.277 0.0000000000
122749  30.826  -3.305  -22.886 0.0000000000
60134  16.417  -7.397  -16.682 0.0000000000
58939  17.613  -8.347  -17.584 0.0000000000
60168  16.830  -6.844  -18.444 0.0000000000
60188  17.626  -6.772  -19.383 0.0000000000
140001  18.662  -6.077  -20.120 0.0000000000
64555  16.863  -3.884  -20.350 0.0000000000
63455  17.837  -4.623  -20.898 0.0000000000
62402  20.146  -5.083  -20.334 0.0000000000
63452  22.609  -4.420  -19.836 0.0000000000
141212  24.293  -4.795  -22.031 0.0000000000
64585  26.532  -3.650  -23.074 0.0000000000
68838  16.815  0.788  -23.038 0.0000000000
67740  18.773  -1.004  -22.790 0.0000000000
68834  20.833  1.005  -22.592 0.0000000000
68825  20.390  -0.339  -22.125 0.0000000000
66603  20.754  -1.386  -21.006 0.0000000000
65575  24.485  -2.640  -20.746 0.0000000000
65614  26.434  -3.102  -22.739 0.0000000000
66614  29.937  -1.722  -23.239 0.0000000000
141900  30.623  -2.498  -26.115 0.0000000000
64634  29.105  -3.944  -28.523 0.0000000000
66684  26.385  -2.081  -30.468 0.0000000000
73798  26.666  5.727  -21.583 0.0000000000
73797  27.245  5.801  -22.104 0.0000000000
72776  27.351  5.206  -23.315 0.0000000000
137100  26.255  12.276  -25.706 0.0000000000
126563  26.585  10.994  -25.549 0.0000000000
78615  26.106  10.348  -27.080 0.0000000000
77666  26.654  9.559  -24.917 0.0000000000
75777  26.927  7.647  -25.430 0.0000000000
140222  26.561  6.301  -25.589 0.0000000000
72787  26.259  4.875  -25.476 0.0000000000
72802  25.532  4.597  -27.125 0.0000000000
72818  24.612  4.958  -29.633 0.0000000000
71913  24.695  5.025  -29.710 0.0000000000
58959  19.114  -8.689  -18.025 0.0000000000
57786  21.445  -9.413  -18.448 0.0000000000
57765  23.029  -9.904  -18.217 0.0000000000
58975  23.421  -8.394  -20.390 0.0000000000
58954  24.270  -8.665  -18.906 0.0000000000
58908  16.390  -8.362  -15.482 0.0000000000
57738  16.846  -9.205  -15.548 0.0000000000
57752  17.483  -9.234  -16.342 0.0000000000
57751  18.164  -9.558  -16.637 0.0000000000
57771  17.964  -8.957  -17.042 0.0000000000
71857  27.513  3.923  -22.615 0.0000000000
71868  27.582  3.287  -23.241 0.0000000000
71879  27.116  3.522  -23.993 0.0000000000
71887  26.353  3.191  -25.652 0.0000000000
130154  26.540  3.954  -25.353 0.0000000000
80322  24.542  12.630  -23.350 0.0000000000
64566  27.965  -2.896  -21.494 0.0000000000
64548  27.558  -3.489  -21.217 0.0000000000
65573  29.854  -2.666  -21.322 0.0000000000
54108  18.846  -12.659  -13.511 0.0000000000
54095  18.577  -12.931  -12.788 0.0000000000
125488  19.358  -13.807  -12.828 0.0000000000
52989  20.145  -13.653  -13.597 0.0000000000
142159  20.150  -13.188  -14.239 0.0000000000
56613  22.950  -10.827  -16.730 0.0000000000
56600  23.190  -10.821  -15.798 0.0000000000
57735  24.424  -9.835  -15.829 0.0000000000
63426  15.608  -4.487  -18.220 0.0000000000
65616  18.164  -2.093  -22.573 0.0000000000
136164  18.104  -2.738  -22.248 0.0000000000
65598  19.287  -2.787  -21.761 0.0000000000
65579  20.216  -2.763  -20.854 0.0000000000
66604  19.982  -2.023  -21.388 0.0000000000
70938  18.147  3.188  -23.453 0.0000000000
68844  27.648  0.008  -24.372 0.0000000000
68819  27.673  -0.071  -21.952 0.0000000000
67763  27.984  -0.410  -24.936 0.0000000000
67751  27.868  -0.737  -24.209 0.0000000000
67781  28.353  -0.566  -26.276 0.0000000000
67789  29.111  -0.718  -26.979 0.0000000000
67790  28.320  -0.399  -27.263 0.0000000000
69974  24.781  1.908  -32.078 0.0000000000
68903  25.080  1.254  -32.085 0.0000000000
78575  27.375  9.945  -22.411 0.0000000000
133932  27.271  9.680  -21.785 0.0000000000
77665  27.329  9.348  -23.192 0.0000000000
76765  27.413  8.412  -22.847 0.0000000000
118790  25.643  7.666  -27.855 0.0000000000
119073  25.743  6.672  -28.241 0.0000000000
61318  20.227  -6.578  -19.602 0.0000000000
60185  20.890  -7.443  -19.322 0.0000000000
140887  26.991  -5.864  -17.875 0.0000000000
62355  26.670  -6.397  -17.747 0.0000000000
56588  17.451  -10.482  -14.718 0.0000000000
55363  18.707  -11.539  -14.569 0.0000000000
55378  18.997  -11.155  -15.243 0.0000000000
56635  19.404  -9.952  -17.174 0.0000000000
56617  19.876  -10.616  -16.677 0.0000000000
56616  20.670  -11.015  -17.037 0.0000000000
56615  21.407  -11.236  -17.186 0.0000000000
56633  20.939  -10.610  -17.527 0.0000000000
67717  14.839  0.050  -20.288 0.0000000000
67703  15.098  -0.781  -20.161 0.0000000000
140666  15.920  -0.414  -21.211 0.0000000000
67731  16.517  -0.927  -21.750 0.0000000000
67732  16.171  -0.071  -21.919 0.0000000000
70922  22.948  2.799  -20.825 0.0000000000
70909  23.817  2.294  -20.646 0.0000000000
69917  26.820  1.796  -24.733 0.0000000000
69895  27.418  2.082  -22.005 0.0000000000
69916  27.506  1.622  -23.797 0.0000000000
129283  27.443  0.940  -24.494 0.0000000000
69925  26.900  1.010  -25.260 0.0000000000
130116  26.354  0.720  -27.157 0.0000000000
69940  25.909  1.288  -26.891 0.0000000000
70985  24.866  2.508  -28.330 0.0000000000
69941  25.183  1.506  -27.956 0.0000000000
69960  23.564  2.320  -30.835 0.0000000000
70994  24.193  3.294  -29.615 0.0000000000
79501  21.620  11.762  -23.073 0.0000000000
79488  21.279  10.835  -22.809 0.0000000000
78568  22.312  10.276  -21.921 0.0000000000
78567  23.831  10.650  -21.538 0.0000000000
79499  24.083  11.854  -21.831 0.0000000000
79498  25.342  11.578  -21.970 0.0000000000
79509  25.832  11.597  -23.284 0.0000000000
79516  26.107  11.547  -24.194 0.0000000000
142243  24.228  -5.204  -21.010 0.0000000000
61337  23.977  -5.853  -20.528 0.0000000000
62397  24.867  -5.721  -21.490 0.0000000000
64537  27.798  -3.673  -20.068 0.0000000000
62377  26.457  -4.941  -20.298 0.0000000000
63436  27.328  -4.364  -19.583 0.0000000000
63425  27.761  -4.592  -18.554 0.0000000000
72764  20.030  6.066  -23.463 0.0000000000
123063  21.513  4.661  -21.751 0.0000000000
120096  21.673  3.644  -21.658 0.0000000000
134912  22.089  4.206  -21.668 0.0000000000
71845  25.046  4.540  -20.876 0.0000000000
72749  25.969  4.658  -21.107 0.0000000000
72748  26.921  4.538  -21.514 0.0000000000
54129  20.883  -12.273  -15.278 0.0000000000
54117  21.124  -12.711  -14.701 0.0000000000
55346  23.049  -11.435  -13.818 0.0000000000
64620  30.996  -3.883  -26.255 0.0000000000
61269  15.530  -6.174  -16.425 0.0000000000
60149  16.059  -6.597  -16.996 0.0000000000
60148  16.643  -7.140  -17.609 0.0000000000
61282  16.242  -6.463  -17.972 0.0000000000
61322  16.730  -6.044  -19.360 0.0000000000
61321  17.193  -6.202  -19.650 0.0000000000
134800  17.623  -6.281  -19.926 0.0000000000
61339  17.506  -5.798  -20.157 0.0000000000
119929  16.364  -3.025  -20.229 0.0000000000
64538  16.209  -3.620  -19.707 0.0000000000
63470  18.771  -4.111  -21.570 0.0000000000
129683  18.028  -4.057  -21.533 0.0000000000
63454  19.078  -4.600  -21.296 0.0000000000
126253  19.344  -5.053  -20.784 0.0000000000
120875  19.907  -4.612  -20.769 0.0000000000
128682  21.575  -4.453  -19.750 0.0000000000
63453  20.746  -4.439  -20.193 0.0000000000
128029  23.187  -3.437  -20.147 0.0000000000
64549  24.132  -4.237  -20.933 0.0000000000
64569  24.558  -4.307  -22.408 0.0000000000
63483  25.167  -4.447  -23.222 0.0000000000
64568  25.189  -3.904  -23.051 0.0000000000
69908  17.703  1.567  -23.576 0.0000000000
69909  17.054  1.776  -23.360 0.0000000000
68846  18.108  0.515  -23.598 0.0000000000
67755  17.838  -0.090  -23.450 0.0000000000
67753  18.749  -0.314  -23.263 0.0000000000
135050  21.903  1.365  -21.338 0.0000000000
123851  21.408  1.191  -21.825 0.0000000000
125913  23.494  0.778  -20.934 0.0000000000
67727  21.806  -0.061  -21.235 0.0000000000
67714  22.597  -0.433  -20.766 0.0000000000
67728  20.945  -0.553  -21.474 0.0000000000
67715  21.702  -0.919  -20.820 0.0000000000
124300  22.640  -1.471  -20.360 0.0000000000
66588  23.886  -1.656  -20.298 0.0000000000
66630  28.457  -1.171  -23.902 0.0000000000
66617  27.011  -2.047  -22.464 0.0000000000
120448  28.185  -1.354  -23.241 0.0000000000
66615  29.091  -1.489  -23.204 0.0000000000
66638  29.939  -1.468  -24.042 0.0000000000
65638  30.492  -1.900  -24.608 0.0000000000
66646  30.299  -1.600  -25.304 0.0000000000
132270  29.194  -2.219  -29.116 0.0000000000
66672  29.622  -2.210  -28.352 0.0000000000
65676  28.520  -2.912  -29.520 0.0000000000
130318  28.270  -3.977  -29.174 0.0000000000
64638  28.055  -3.531  -29.849 0.0000000000
67802  25.986  -0.403  -29.431 0.0000000000
67814  26.294  -1.356  -29.898 0.0000000000
67815  25.312  -1.060  -30.165 0.0000000000
77635  25.570  9.426  -21.244 0.0000000000
76749  26.953  8.017  -21.628 0.0000000000
118647  26.361  8.235  -21.270 0.0000000000
74815  26.101  6.396  -21.208 0.0000000000
74814  26.958  6.509  -21.671 0.0000000000
73818  27.336  6.101  -23.413 0.0000000000
80360  25.735  12.785  -26.967 0.0000000000
80359  26.055  12.198  -26.419 0.0000000000
79541  26.461  11.621  -25.979 0.0000000000
79553  26.176  11.376  -26.768 0.0000000000
77674  26.165  9.375  -26.832 0.0000000000
78616  25.537  10.116  -28.211 0.0000000000
77670  26.490  9.455  -25.817 0.0000000000
76768  26.694  8.854  -25.432 0.0000000000
76770  27.111  8.277  -24.968 0.0000000000
76771  26.599  8.091  -25.922 0.0000000000
74841  26.103  6.662  -26.482 0.0000000000
74840  26.831  6.986  -25.478 0.0000000000
73830  26.617  5.654  -25.050 0.0000000000
72795  26.105  4.231  -26.182 0.0000000000
125068  25.590  5.166  -26.723 0.0000000000
73852  25.642  5.723  -28.351 0.0000000000
73853  25.385  5.497  -28.669 0.0000000000
73859  24.953  5.466  -29.125 0.0000000000
141146  25.360  5.372  -29.066 0.0000000000
58960  17.823  -8.022  -18.266 0.0000000000
58938  18.404  -8.704  -17.696 0.0000000000
141275  18.474  -8.283  -18.325 0.0000000000
58956  21.176  -8.745  -18.809 0.0000000000
57787  20.531  -9.265  -18.308 0.0000000000
57766  22.185  -9.919  -18.272 0.0000000000
57785  22.872  -9.286  -18.940 0.0000000000
61314  24.328  -7.087  -20.376 0.0000000000
60182  23.779  -7.993  -20.680 0.0000000000
60181  24.367  -7.848  -20.158 0.0000000000
60146  25.506  -7.963  -17.817 0.0000000000
138458  24.978  -8.259  -18.510 0.0000000000
58935  24.990  -8.647  -17.782 0.0000000000
58936  24.280  -9.125  -18.134 0.0000000000
56604  17.069  -9.959  -15.155 0.0000000000
56603  17.691  -10.268  -15.420 0.0000000000
56602  18.467  -10.531  -15.713 0.0000000000
56619  17.960  -9.942  -16.080 0.0000000000
70935  27.198  3.040  -21.415 0.0000000000
137078  26.356  2.929  -20.633 0.0000000000
70958  27.199  2.638  -24.039 0.0000000000
70967  26.234  2.197  -25.462 0.0000000000
69933  25.914  1.781  -26.090 0.0000000000
70977  25.889  2.546  -26.249 0.0000000000
142129  25.646  3.042  -27.007 0.0000000000
79500  22.877  12.084  -22.497 0.0000000000
80313  23.638  12.412  -22.675 0.0000000000
80336  25.495  12.846  -23.923 0.0000000000
63468  25.981  -4.695  -23.108 0.0000000000
62396  25.370  -5.256  -22.242 0.0000000000
64547  28.336  -3.138  -20.524 0.0000000000
64546  29.273  -3.118  -20.138 0.0000000000
137005  24.343  5.003  -21.411 0.0000000000
72750  25.095  5.110  -21.298 0.0000000000
55336  17.569  -11.840  -12.725 0.0000000000
51929  20.808  -14.421  -12.139 0.0000000000
52976  21.220  -13.777  -12.591 0.0000000000
55374  22.004  -11.823  -15.799 0.0000000000
55360  22.138  -11.955  -15.094 0.0000000000
55359  22.701  -11.396  -15.265 0.0000000000
62356  15.532  -5.495  -17.510 0.0000000000
61299  15.937  -5.948  -18.229 0.0000000000
134567  15.813  -5.348  -18.279 0.0000000000
62385  16.611  -5.465  -19.543 0.0000000000
64574  17.235  -3.182  -21.054 0.0000000000
64572  18.328  -3.588  -21.766 0.0000000000
126513  18.954  -3.590  -21.695 0.0000000000
64552  20.305  -4.096  -20.650 0.0000000000
131800  20.728  -3.432  -20.364 0.0000000000
65577  22.205  -2.511  -20.069 0.0000000000
70947  17.883  2.344  -23.627 0.0000000000
69906  19.114  1.043  -23.518 0.0000000000
68807  25.620  0.543  -20.546 0.0000000000
67726  26.472  -0.036  -20.775 0.0000000000
137484  25.769  -0.340  -20.584 0.0000000000
122241  26.340  -1.087  -20.906 0.0000000000
66601  25.687  -1.704  -20.900 0.0000000000
67724  27.623  -0.962  -22.210 0.0000000000
67762  28.416  -0.874  -24.651 0.0000000000
67771  29.159  -0.941  -25.117 0.0000000000
66647  29.756  -1.242  -25.607 0.0000000000
66655  29.655  -1.252  -26.481 0.0000000000
128424  29.230  -1.418  -28.695 0.0000000000
66682  28.608  -1.887  -29.539 0.0000000000
68900  24.797  0.221  -31.263 0.0000000000
66688  25.433  -1.406  -30.875 0.0000000000
129887  25.180  0.337  -31.983 0.0000000000
128947  25.940  0.336  -32.418 0.0000000000
77634  26.691  9.685  -21.408 0.0000000000
75763  27.188  7.358  -21.906 0.0000000000
76760  27.429  8.251  -21.976 0.0000000000
75769  27.331  7.557  -22.661 0.0000000000
75771  27.353  7.770  -23.472 0.0000000000
76774  25.913  7.797  -26.902 0.0000000000
74851  25.732  6.357  -27.561 0.0000000000
136684  25.759  6.094  -28.169 0.0000000000
134661  18.984  -7.625  -19.186 0.0000000000
60166  19.010  -8.207  -18.625 0.0000000000
60186  19.877  -7.477  -19.316 0.0000000000
58978  20.519  -8.144  -19.072 0.0000000000
58977  22.115  -8.472  -19.208 0.0000000000
61312  25.903  -6.276  -19.328 0.0000000000
60180  24.976  -7.628  -19.515 0.0000000000
61295  26.111  -6.507  -18.463 0.0000000000
61281  25.886  -7.131  -17.920 0.0000000000
55349  17.753  -11.484  -13.487 0.0000000000
55348  18.433  -11.905  -13.876 0.0000000000
54120  19.145  -12.323  -14.218 0.0000000000
54119  19.844  -12.661  -14.547 0.0000000000
54130  20.188  -12.172  -15.144 0.0000000000
55376  20.577  -11.634  -15.850 0.0000000000
56601  19.360  -10.764  -15.925 0.0000000000
55377  20.080  -11.036  -16.040 0.0000000000
55375  21.308  -11.840  -15.912 0.0000000000
55387  21.741  -11.592  -16.585 0.0000000000
56614  22.248  -11.128  -17.164 0.0000000000
139105  22.763  -10.760  -17.278 0.0000000000
65581  15.676  -2.240  -19.984 0.0000000000
66591  15.835  -1.586  -20.498 0.0000000000
66606  16.732  -1.708  -21.561 0.0000000000
123947  17.125  -1.432  -22.248 0.0000000000
66620  18.039  -1.578  -22.762 0.0000000000
70924  21.140  2.744  -21.642 0.0000000000
70936  20.361  2.659  -22.380 0.0000000000
69885  23.214  1.700  -20.863 0.0000000000
69875  24.147  1.510  -20.647 0.0000000000
140495  26.352  2.058  -20.686 0.0000000000
138279  26.803  1.437  -21.174 0.0000000000
69873  26.023  1.404  -20.540 0.0000000000
69884  27.403  0.927  -21.996 0.0000000000
68852  27.550  0.295  -25.141 0.0000000000
67782  27.702  -0.111  -26.573 0.0000000000
67791  27.499  -0.031  -27.576 0.0000000000
68866  27.009  0.363  -26.915 0.0000000000
68880  26.061  0.286  -28.692 0.0000000000
68881  25.282  0.126  -29.456 0.0000000000
68882  25.062  0.913  -28.813 0.0000000000
69959  24.627  0.887  -29.985 0.0000000000
68890  24.187  1.406  -30.847 0.0000000000
69970  23.372  2.389  -31.848 0.0000000000
71010  23.006  3.263  -32.238 0.0000000000
78566  25.184  10.392  -21.443 0.0000000000
78577  25.919  11.080  -21.602 0.0000000000
78582  26.879  10.532  -22.823 0.0000000000
77657  26.770  10.102  -23.943 0.0000000000
62381  21.804  -5.651  -19.503 0.0000000000
61316  22.558  -6.719  -19.601 0.0000000000
141990  24.148  -6.531  -20.470 0.0000000000
134888  25.328  -6.405  -20.131 0.0000000000
126910  25.766  -5.290  -21.206 0.0000000000
62378  25.783  -5.704  -20.198 0.0000000000
62365  26.942  -5.062  -18.976 0.0000000000
140363  20.173  3.841  -22.550 0.0000000000
71859  20.879  3.772  -22.056 0.0000000000
70921  24.114  3.230  -20.628 0.0000000000
71846  23.271  3.953  -21.159 0.0000000000
140888  24.861  3.833  -20.582 0.0000000000
71844  26.727  3.855  -21.010 0.0000000000
71858  27.394  3.839  -21.771 0.0000000000
54106  20.659  -13.193  -14.162 0.0000000000
54105  21.374  -12.930  -13.922 0.0000000000
55347  22.497  -11.934  -13.850 0.0000000000
64595  30.465  -2.587  -23.211 0.0000000000
64583  30.518  -2.825  -22.415 0.0000000000
64594  30.920  -3.398  -23.573 0.0000000000
58940  17.060  -7.929  -17.224 0.0000000000
58921  17.407  -8.585  -16.929 0.0000000000
60147  17.235  -7.592  -18.018 0.0000000000
60167  17.437  -7.182  -18.687 0.0000000000
61298  16.478  -6.267  -18.770 0.0000000000
61297  17.017  -6.514  -19.092 0.0000000000
60187  18.352  -7.093  -19.430 0.0000000000
62383  19.546  -5.767  -20.130 0.0000000000
64539  15.762  -3.833  -18.946 0.0000000000
63437  16.433  -4.493  -19.654 0.0000000000
63456  17.138  -4.860  -20.287 0.0000000000
64554  17.605  -4.017  -21.031 0.0000000000
62405  17.505  -5.258  -20.368 0.0000000000
62404  18.062  -5.171  -20.690 0.0000000000
62403  18.703  -5.460  -20.542 0.0000000000
62382  20.682  -5.690  -19.818 0.0000000000
62401  21.051  -4.902  -19.857 0.0000000000
62399  23.351  -5.089  -20.209 0.0000000000
62416  24.359  -5.136  -22.001 0.0000000000
64551  21.456  -3.999  -19.948 0.0000000000
63451  23.982  -4.662  -20.717 0.0000000000
135516  25.224  -4.964  -23.064 0.0000000000
63482  25.760  -4.430  -23.359 0.0000000000
63467  26.806  -3.880  -23.006 0.0000000000
65594  28.022  -2.418  -22.187 0.0000000000
68827  15.672  0.751  -21.608 0.0000000000
68826  16.218  0.775  -22.319 0.0000000000
130377  16.698  0.071  -22.646 0.0000000000
67742  17.826  -0.845  -23.083 0.0000000000
66618  18.747  -1.724  -22.615 0.0000000000
132150  19.753  2.040  -22.881 0.0000000000
69898  19.697  1.272  -23.186 0.0000000000
130330  20.163  0.939  -22.970 0.0000000000
68809  22.611  0.387  -21.068 0.0000000000
68824  21.079  0.336  -21.921 0.0000000000
68835  20.144  0.264  -22.673 0.0000000000
67739  19.632  -0.630  -22.515 0.0000000000
67729  20.014  -1.169  -21.903 0.0000000000
66589  21.479  -1.812  -20.415 0.0000000000
65576  23.447  -2.585  -20.217 0.0000000000
65597  24.854  -3.421  -21.979 0.0000000000
65595  26.276  -2.206  -21.807 0.0000000000
66602  25.311  -2.512  -21.355 0.0000000000
65596  25.672  -3.262  -22.600 0.0000000000
65613  26.976  -2.520  -22.523 0.0000000000
65612  28.647  -1.805  -22.690 0.0000000000
65611  29.561  -1.981  -22.637 0.0000000000
134775  30.322  -2.002  -23.800 0.0000000000
65656  30.874  -3.019  -25.754 0.0000000000
129477  30.723  -3.138  -26.576 0.0000000000
66662  30.038  -2.350  -27.515 0.0000000000
65664  30.411  -3.138  -27.375 0.0000000000
64631  29.942  -3.918  -27.831 0.0000000000
67800  28.012  -0.514  -28.358 0.0000000000
67813  27.554  -0.868  -29.283 0.0000000000
139488  25.839  -1.781  -30.480 0.0000000000
65681  27.028  -2.514  -30.557 0.0000000000
124233  26.363  8.974  -21.202 0.0000000000
73799  25.672  5.557  -21.315 0.0000000000
72747  27.047  5.121  -21.918 0.0000000000
72762  27.335  5.145  -22.530 0.0000000000
139271  27.423  4.592  -22.826 0.0000000000
72786  26.902  4.957  -24.325 0.0000000000
81158  25.818  13.033  -24.705 0.0000000000
80335  25.973  12.280  -24.472 0.0000000000
80352  26.112  12.602  -25.193 0.0000000000
79527  26.397  11.782  -25.114 0.0000000000
129274  26.414  10.924  -24.594 0.0000000000
134256  25.937  11.048  -27.556 0.0000000000
78606  26.442  10.217  -26.099 0.0000000000
78594  26.493  10.188  -25.098 0.0000000000
124403  26.935  9.096  -24.372 0.0000000000
75773  27.272  7.495  -24.508 0.0000000000
74832  27.127  6.432  -24.533 0.0000000000
73829  27.124  5.669  -24.089 0.0000000000
129324  26.827  4.151  -24.566 0.0000000000
71895  25.534  3.908  -27.544 0.0000000000
73845  25.437  5.387  -27.824 0.0000000000
72803  25.333  4.941  -28.150 0.0000000000
71904  25.026  4.354  -28.697 0.0000000000
71914  24.044  4.462  -29.842 0.0000000000
71923  24.009  4.478  -30.819 0.0000000000
71002  25.093  3.524  -30.967 0.0000000000
72817  26.253  5.184  -28.624 0.0000000000
71912  26.255  4.537  -29.050 0.0000000000
71922  25.544  4.089  -29.952 0.0000000000
71001  26.524  2.935  -30.113 0.0000000000
57789  19.199  -9.295  -17.561 0.0000000000
58958  19.733  -8.682  -18.347 0.0000000000
57788  19.786  -9.252  -17.890 0.0000000000
57768  20.383  -9.891  -17.764 0.0000000000
57767  21.209  -9.969  -17.976 0.0000000000
135693  22.556  -10.543  -17.711 0.0000000000
57750  23.270  -10.278  -17.285 0.0000000000
60183  23.099  -7.903  -20.360 0.0000000000
58976  22.892  -8.432  -19.973 0.0000000000
122535  23.315  -8.743  -19.774 0.0000000000
58953  24.653  -8.143  -19.364 0.0000000000
139465  23.714  -8.777  -19.538 0.0000000000
58937  23.568  -9.169  -18.819 0.0000000000
57764  23.800  -9.580  -17.754 0.0000000000
57749  24.101  -9.725  -16.763 0.0000000000
64565  30.542  -2.974  -21.645 0.0000000000
124507  30.416  -3.165  -20.851 0.0000000000
52978  19.783  -14.077  -12.901 0.0000000000
52990  19.609  -13.644  -13.295 0.0000000000
55388  21.041  -11.540  -16.608 0.0000000000
57769  19.771  -9.771  -17.557 0.0000000000
58909  15.874  -7.797  -15.020 0.0000000000
58955  22.131  -9.086  -18.796 0.0000000000
58979  19.700  -8.161  -18.860 0.0000000000
60165  23.874  -8.463  -20.103 0.0000000000
61296  25.505  -7.017  -19.053 0.0000000000
61320  18.142  -6.544  -19.891 0.0000000000
61335  24.816  -6.416  -20.573 0.0000000000
61336  24.496  -6.177  -20.764 0.0000000000
61338  18.028  -5.936  -20.312 0.0000000000
62398  24.513  -5.554  -21.487 0.0000000000
62400  22.224  -4.926  -19.615 0.0000000000
63449  26.970  -4.032  -22.301 0.0000000000
63450  26.313  -4.675  -22.063 0.0000000000
63469  24.628  -4.955  -22.754 0.0000000000
63471  18.386  -4.420  -21.355 0.0000000000
63481  26.283  -4.165  -23.345 0.0000000000
64550  22.930  -4.015  -19.998 0.0000000000
64567  27.323  -3.403  -22.206 0.0000000000
64571  19.775  -3.546  -21.143 0.0000000000
64584  27.129  -3.092  -22.554 0.0000000000
64586  25.879  -3.878  -23.434 0.0000000000
64601  31.073  -3.543  -24.386 0.0000000000
64621  30.668  -3.931  -27.146 0.0000000000
65574  28.941  -2.633  -21.100 0.0000000000
65592  30.025  -2.416  -22.053 0.0000000000
65610  30.120  -2.256  -22.663 0.0000000000
65615  18.570  -2.322  -22.432 0.0000000000
65637  30.680  -2.714  -24.070 0.0000000000
65648  30.935  -2.791  -24.917 0.0000000000
65649  30.649  -2.220  -25.457 0.0000000000
65672  29.827  -3.094  -28.131 0.0000000000
65673  29.207  -3.044  -28.903 0.0000000000
66587  24.877  -1.730  -20.553 0.0000000000
66590  20.654  -2.090  -20.627 0.0000000000
66600  27.029  -1.438  -21.834 0.0000000000
66616  27.766  -1.468  -22.747 0.0000000000
66619  18.334  -1.658  -22.703 0.0000000000
66621  17.425  -1.918  -22.300 0.0000000000
66629  29.374  -1.384  -23.714 0.0000000000
66631  27.870  -0.973  -23.571 0.0000000000
66639  29.215  -1.144  -24.357 0.0000000000
66654  29.982  -1.845  -26.839 0.0000000000
66689  25.714  -0.537  -31.787 0.0000000000
67711  25.373  -0.992  -20.522 0.0000000000
67713  23.491  -0.730  -20.534 0.0000000000
67716  15.413  -0.378  -20.673 0.0000000000
67725  27.089  -0.529  -21.386 0.0000000000
67730  19.250  -1.330  -22.463 0.0000000000
67741  18.264  -0.994  -22.980 0.0000000000
67752  27.723  -0.320  -23.641 0.0000000000
67754  18.243  -0.296  -23.400 0.0000000000
67772  28.412  -0.677  -25.427 0.0000000000
67799  28.990  -0.694  -28.065 0.0000000000
67816  24.967  -0.662  -30.640 0.0000000000
67825  25.148  -0.526  -31.284 0.0000000000
67830  26.571  -0.500  -32.304 0.0000000000
68820  27.021  0.434  -21.281 0.0000000000
68821  26.427  0.770  -20.781 0.0000000000
68822  22.605  1.124  -21.199 0.0000000000
68823  21.883  0.728  -21.417 0.0000000000
68836  19.443  0.504  -23.258 0.0000000000
68837  17.296  -0.095  -23.135 0.0000000000
68847  17.490  0.698  -23.449 0.0000000000
68859  26.404  1.147  -25.993 0.0000000000
68867  26.539  0.762  -26.547 0.0000000000
68874  26.631  0.384  -27.822 0.0000000000
68889  24.711  0.317  -30.573 0.0000000000
68901  24.412  1.139  -31.228 0.0000000000
69874  25.113  1.426  -20.413 0.0000000000
69886  22.305  1.933  -21.028 0.0000000000
69889  15.096  1.452  -20.914 0.0000000000
69896  20.889  1.837  -21.994 0.0000000000
69897  20.314  1.498  -22.714 0.0000000000
69907  18.442  1.249  -23.622 0.0000000000
69975  23.876  2.371  -32.236 0.0000000000
70907  25.653  2.187  -20.420 0.0000000000
71003  23.299  3.185  -30.555 0.0000000000
71019  23.952  2.787  -32.375 0.0000000000
71880  26.744  3.328  -24.726 0.0000000000
71915  22.967  4.222  -30.703 0.0000000000
71924  23.736  4.541  -30.416 0.0000000000
71929  23.690  3.623  -31.825 0.0000000000
71930  22.958  4.121  -31.413 0.0000000000
72810  24.932  5.364  -28.947 0.0000000000
73808  27.399  5.753  -22.747 0.0000000000
73857  26.044  5.756  -28.418 0.0000000000
118722  19.324  -0.235  -23.001 0.0000000000
122080  24.943  -0.141  -20.572 0.0000000000
122123  17.650  -1.498  -22.632 0.0000000000
127604  24.770  3.532  -28.819 0.0000000000
127925  27.738  -1.858  -22.655 0.0000000000
128919  30.263  -1.816  -26.073 0.0000000000
130746  27.695  0.646  -23.656 0.0000000000
132153  30.396  -2.446  -26.749 0.0000000000
132708  17.858  -2.108  -22.521 0.0000000000
132720  21.348  -8.132  -19.174 0.0000000000
134285  27.428  -5.994  -17.456 0.0000000000
135529  26.865  2.308  -21.142 0.0000000000
135789  27.357  -2.471  -22.452 0.0000000000
136595  26.514  10.957  -26.303 0.0000000000
137419  23.256  0.026  -20.837 0.0000000000
138915  20.428  -4.725  -20.317 0.0000000000
138936  25.615  11.602  -22.655 0.0000000000
139952  27.622  -3.033  -22.020 0.0000000000
140347  25.464  0.569  -28.675 0.0000000000
140387  25.426  -6.727  -19.626 0.0000000000
141152  18.705  -4.919  -21.048 0.0000000000
