#!ascii label  , from subject sub_0001 vox2ras=TkReg
932
130243  37.247  -59.231  6.563 0.3000000119
13733  34.950  -57.281  -0.664 0.6000000238
15938  35.883  -53.347  -0.551 0.6999999881
16794  35.805  -52.354  -0.820 0.6999999881
12333  36.534  -58.911  6.939 0.4000000060
134078  34.356  -57.684  3.090 0.4000000060
138439  37.111  -57.399  6.747 0.5000000000
12332  37.415  -58.220  6.631 0.5000000000
13066  36.463  -57.343  -1.251 0.6999999881
14440  35.268  -55.901  -0.535 0.6999999881
14449  35.725  -56.287  -1.104 0.5000000000
15955  36.574  -53.601  -2.083 0.6000000238
15945  36.263  -53.272  -1.584 0.6000000238
16804  36.483  -52.604  -2.016 0.6999999881
17669  35.601  -50.990  -1.760 0.6999999881
137966  35.930  -57.695  7.151 0.5000000000
13710  34.623  -56.891  3.606 0.4000000060
13004  36.568  -57.920  7.062 0.6000000238
13050  34.731  -58.137  1.457 0.4000000060
13053  35.343  -58.168  0.591 0.5000000000
120365  36.367  -57.020  6.807 0.6000000238
12360  34.617  -58.553  0.798 0.6000000238
13058  36.004  -58.266  -0.032 0.6000000238
130141  37.199  -56.638  6.494 0.6000000238
13064  37.166  -57.626  -0.764 0.6000000238
14448  36.437  -55.721  -1.487 0.6000000238
125486  37.034  -54.263  -2.281 0.6000000238
17681  37.452  -51.397  -2.965 0.6999999881
16812  36.714  -52.264  -2.394 0.6999999881
134521  36.871  -51.647  -2.732 0.6999999881
17682  36.372  -51.273  -2.560 0.6999999881
18518  35.782  -50.265  -2.317 0.6999999881
18516  36.719  -50.951  -2.995 0.6999999881
18524  36.666  -50.192  -3.087 0.6999999881
19357  36.177  -49.928  -2.672 0.6999999881
19364  37.319  -49.654  -3.414 0.6999999881
12984  35.183  -57.982  7.194 0.5000000000
13689  34.550  -56.590  5.517 0.5000000000
13037  33.867  -57.293  5.016 0.5000000000
13718  34.888  -57.332  2.513 0.4000000060
13675  35.651  -56.378  6.439 0.5000000000
13724  35.526  -57.313  1.454 0.5000000000
13057  36.547  -57.761  -0.340 0.6000000238
13674  36.500  -56.101  6.406 0.6000000238
14374  35.882  -55.687  6.169 0.5000000000
15121  35.587  -54.656  5.110 0.5000000000
130221  37.718  -57.177  -1.116 0.6999999881
15190  37.076  -55.569  -1.982 0.6000000238
14453  37.039  -56.748  -1.545 0.6999999881
15957  38.174  -53.395  -2.408 0.6000000238
15954  37.832  -54.120  -2.292 0.6000000238
17680  38.326  -51.787  -2.778 0.6000000238
15958  37.285  -53.289  -2.421 0.6000000238
18522  38.574  -50.370  -3.192 0.6000000238
18523  37.506  -50.475  -3.255 0.6999999881
19358  35.777  -49.644  -2.225 0.6999999881
139362  39.033  -49.706  -3.452 0.6000000238
19365  36.704  -49.474  -3.084 0.6999999881
20163  36.336  -49.195  -2.650 0.6999999881
132963  38.175  -49.710  -3.563 0.6999999881
130042  35.430  -56.574  2.419 0.4000000060
13676  34.800  -56.717  6.225 0.5000000000
13697  34.418  -56.629  4.610 0.4000000060
14430  35.874  -56.212  1.913 0.5000000000
13729  37.021  -57.297  -0.125 0.6000000238
14384  34.800  -55.859  5.097 0.4000000060
13056  37.140  -57.606  -0.810 0.6000000238
13688  35.221  -55.912  5.795 0.4000000060
14407  35.259  -55.382  3.804 0.4000000060
15133  35.508  -54.587  4.327 0.4000000060
15894  35.800  -54.004  3.901 0.4000000060
14447  38.110  -56.885  -0.964 0.6999999881
15189  38.159  -55.181  -1.843 0.6000000238
15953  38.759  -54.315  -1.959 0.6000000238
17679  39.195  -52.026  -2.503 0.6000000238
16810  38.656  -52.645  -2.514 0.6000000238
18515  39.217  -51.158  -2.727 0.6000000238
20164  36.073  -48.760  -2.190 0.6999999881
20170  36.898  -48.628  -3.079 0.6999999881
123621  37.996  -49.042  -3.723 0.6000000238
20169  37.324  -48.916  -3.451 0.6000000238
13709  35.101  -56.292  3.250 0.4000000060
139654  35.993  -55.577  2.219 0.4000000060
14438  37.821  -56.537  -0.295 0.6999999881
15158  36.096  -54.983  2.545 0.4000000060
14446  38.990  -56.285  -1.017 0.8000000119
137040  35.998  -53.785  4.741 0.5000000000
14452  38.994  -55.928  -1.325 0.6999999881
15952  39.894  -54.300  -1.523 0.6000000238
122951  40.265  -51.889  -2.336 0.5000000000
15956  39.250  -53.474  -2.080 0.6000000238
127871  35.622  -49.084  -1.842 0.6999999881
131052  41.020  -48.701  -3.583 0.6000000238
18521  39.710  -50.235  -2.982 0.6000000238
20966  36.613  -48.174  -2.608 0.8000000119
20959  36.265  -47.615  -2.096 0.8000000119
20167  40.158  -48.444  -3.799 0.6000000238
20168  38.990  -48.989  -3.842 0.6000000238
14421  36.494  -55.524  1.543 0.5000000000
14439  37.001  -56.341  0.556 0.6000000238
15157  36.610  -54.412  2.097 0.5000000000
15910  37.716  -53.172  2.034 0.6999999881
15911  36.910  -53.544  2.458 0.4000000060
14445  39.645  -55.594  -1.082 0.6999999881
17678  41.808  -51.859  -2.183 0.6000000238
16803  40.508  -53.428  -1.688 0.6000000238
18513  42.200  -50.948  -2.521 0.6000000238
18520  41.117  -50.169  -3.007 0.6000000238
20971  37.105  -47.543  -3.197 0.6999999881
21759  37.017  -46.431  -3.425 0.6999999881
20172  39.444  -48.053  -4.226 0.6999999881
20975  38.887  -47.543  -4.406 0.6999999881
129780  37.491  -48.062  -3.557 0.6999999881
15165  37.713  -54.535  0.871 0.5000000000
15174  38.437  -55.548  0.116 0.6000000238
16774  38.541  -53.185  1.795 0.6999999881
15926  38.095  -53.738  1.330 0.6000000238
14437  38.881  -56.204  -0.702 0.6999999881
16773  39.560  -53.072  1.943 0.6999999881
16759  37.420  -52.869  2.907 0.6999999881
14436  39.676  -55.593  -0.804 0.6999999881
121251  41.187  -54.078  -1.190 0.6999999881
16802  41.779  -53.201  -1.422 0.6000000238
21752  35.087  -46.360  -1.007 0.5000000000
18519  42.582  -50.101  -2.895 0.6000000238
21757  36.175  -46.383  -2.210 0.6000000238
22539  35.451  -45.890  -1.834 0.5000000000
19362  41.690  -49.364  -3.363 0.6000000238
22544  36.389  -45.915  -2.999 0.5000000000
22552  35.913  -45.131  -3.447 0.5000000000
135093  41.158  -48.080  -3.839 0.6999999881
20171  40.597  -47.637  -4.232 0.6999999881
20974  39.977  -47.087  -4.502 0.6999999881
20976  38.425  -47.044  -4.374 0.6999999881
22550  37.488  -45.875  -4.120 0.5000000000
140414  39.120  -45.389  -5.170 0.6000000238
15173  39.438  -55.264  -0.187 0.6000000238
15925  39.088  -53.674  1.236 0.6999999881
15937  38.696  -54.451  0.607 0.6000000238
16772  40.998  -53.027  2.093 0.6999999881
15181  40.393  -54.932  -0.841 0.6999999881
117980  42.158  -53.471  -0.998 0.6999999881
15180  41.042  -54.431  -0.859 0.6999999881
16807  42.517  -52.475  -1.647 0.6000000238
22540  34.606  -45.518  -1.545 0.4000000060
17677  43.325  -51.597  -1.933 0.5000000000
23339  35.454  -44.557  -3.885 0.4000000060
20166  42.279  -48.400  -3.663 0.6000000238
19361  43.057  -49.319  -3.230 0.6000000238
22557  37.037  -45.169  -4.513 0.5000000000
23338  36.209  -44.805  -4.151 0.5000000000
21765  38.460  -46.172  -4.678 0.5000000000
23343  37.659  -44.750  -5.228 0.4000000060
119128  41.189  -46.761  -4.648 0.6000000238
21763  40.759  -46.106  -5.082 0.6999999881
22555  39.855  -45.729  -5.136 0.6000000238
22558  40.345  -44.817  -5.649 0.5000000000
15924  40.222  -53.588  1.269 0.6000000238
123127  40.645  -54.019  0.560 0.6999999881
15172  40.469  -54.712  -0.249 0.6999999881
16771  41.933  -52.756  1.537 0.6999999881
15923  41.304  -53.411  1.036 0.6999999881
15171  41.304  -54.312  -0.426 0.6000000238
15951  42.756  -53.134  -0.627 0.6000000238
19355  44.380  -50.143  -2.205 0.6000000238
135134  44.124  -50.833  -1.969 0.5000000000
19356  43.639  -49.959  -2.712 0.6000000238
20968  43.097  -47.590  -3.724 0.6000000238
20165  43.605  -48.506  -3.301 0.6000000238
23344  36.560  -44.570  -4.956 0.4000000060
24202  36.165  -43.924  -5.287 0.5000000000
23345  35.717  -44.291  -4.606 0.4000000060
128761  42.040  -46.560  -4.580 0.6000000238
24208  36.891  -43.395  -5.837 0.4000000060
123499  41.437  -45.665  -5.000 0.6000000238
15934  42.268  -53.291  0.575 0.6999999881
118510  42.096  -53.851  -0.036 0.6000000238
17646  42.519  -52.369  0.589 0.6999999881
16793  43.095  -52.621  -0.317 0.6000000238
17636  42.032  -51.957  1.546 0.6999999881
17654  43.473  -52.057  -0.803 0.5000000000
20151  44.396  -49.273  -2.159 0.6000000238
19343  44.379  -49.834  -1.758 0.6000000238
20161  44.147  -48.670  -2.696 0.6000000238
125820  43.938  -47.797  -3.272 0.5000000000
21760  42.942  -46.569  -3.928 0.6000000238
21762  41.804  -46.097  -4.984 0.6000000238
23342  40.477  -44.614  -5.383 0.5000000000
123064  42.674  -52.100  0.107 0.6999999881
18490  42.633  -51.455  -0.515 0.6999999881
135847  43.767  -50.162  -1.405 0.6000000238
19344  43.437  -49.324  -1.581 0.5000000000
20954  43.603  -48.033  -2.293 0.6000000238
20152  44.092  -48.834  -1.950 0.6000000238
21755  43.541  -46.639  -3.071 0.6000000238
22548  42.567  -45.515  -3.372 0.6000000238
23341  41.268  -45.283  -4.802 0.5000000000
15107  37.261  -54.188  6.493 0.5000000000
15883  36.652  -52.887  4.622 0.5000000000
16693  37.672  -52.520  6.209 0.5000000000
16708  37.316  -52.512  5.415 0.5000000000
16738  37.929  -52.407  3.540 0.6999999881
17614  39.151  -52.034  4.546 0.6999999881
137322  38.317  -52.162  4.172 0.5000000000
16720  38.181  -52.192  4.994 0.5000000000
16757  40.092  -52.704  2.796 0.6999999881
16737  39.208  -52.243  3.562 0.6999999881
11715  37.649  -59.942  6.247 0.3000000119
123795  36.081  -51.928  -1.563 0.6999999881
15182  36.545  -54.530  -1.945 0.6000000238
17683  35.897  -50.819  -2.275 0.6999999881
124336  36.680  -53.251  3.209 0.6000000238
18514  40.658  -51.013  -2.584 0.6000000238
20969  38.088  -47.774  -4.085 0.6999999881
20970  37.708  -46.973  -3.909 0.6999999881
22551  36.694  -45.495  -3.723 0.6000000238
21764  39.335  -46.610  -4.680 0.6999999881
22545  35.704  -45.495  -2.651 0.5000000000
125795  34.908  -45.213  -2.426 0.5000000000
22559  39.021  -44.782  -5.473 0.5000000000
17668  43.326  -52.218  -1.273 0.5000000000
141165  42.925  -52.431  0.013 0.6999999881
18503  44.033  -50.665  -1.450 0.5000000000
21758  43.291  -46.557  -3.437 0.6000000238
22549  42.066  -45.643  -4.225 0.6000000238
18489  43.613  -51.463  -0.944 0.6000000238
20965  43.584  -47.241  -2.698 0.6000000238
18504  43.324  -50.828  -1.096 0.5000000000
17602  40.301  -51.462  4.913 0.6000000238
131477  40.688  -49.127  5.568 0.6000000238
120398  39.834  -49.238  5.532 0.4000000060
18441  41.463  -49.670  4.286 0.5000000000
17613  40.190  -51.865  4.073 0.6000000238
131700  33.094  -58.603  1.233 0.5000000000
19250  39.065  -49.508  6.191 0.4000000060
12365  35.031  -58.407  0.013 0.5000000000
13725  33.965  -57.052  0.557 0.5000000000
18442  41.137  -49.596  5.145 0.5000000000
19265  37.339  -49.519  5.702 0.4000000060
13730  34.476  -57.630  -0.073 0.5000000000
14431  34.368  -55.888  0.901 0.5000000000
19262  41.013  -49.451  4.915 0.6000000238
14441  34.679  -56.560  -0.126 0.5000000000
18450  42.166  -49.990  3.903 0.5000000000
16736  40.666  -52.226  3.389 0.6000000238
20074  36.212  -49.067  6.838 0.4000000060
20062  35.887  -48.567  7.474 0.4000000060
19279  39.497  -49.363  4.787 0.4000000060
15159  33.503  -54.414  2.514 0.5000000000
19278  41.299  -49.416  4.176 0.5000000000
15168  34.020  -55.154  1.812 0.5000000000
15929  34.063  -53.696  1.872 0.5000000000
17600  41.865  -50.511  3.734 0.6000000238
17611  42.085  -51.196  3.175 0.6000000238
16756  41.149  -52.519  2.787 0.6000000238
15183  36.198  -54.439  -1.136 0.5000000000
15928  34.875  -53.439  1.079 0.5000000000
16776  33.641  -52.695  2.022 0.4000000060
19302  41.655  -49.567  3.267 0.5000000000
19290  41.678  -49.492  3.680 0.5000000000
18468  42.046  -50.121  3.016 0.6000000238
18478  41.731  -50.936  2.313 0.6000000238
16734  42.022  -51.762  2.683 0.6000000238
17637  41.559  -51.466  1.366 0.6000000238
16755  41.781  -52.338  2.380 0.6000000238
19264  38.544  -49.558  5.466 0.4000000060
20089  36.261  -49.089  5.878 0.4000000060
16786  34.831  -52.364  0.466 0.5000000000
16775  34.122  -52.486  1.382 0.5000000000
17615  32.013  -51.735  2.396 0.4000000060
15939  35.491  -53.359  0.297 0.6000000238
16760  33.197  -52.524  2.372 0.4000000060
19292  39.991  -49.386  3.394 0.6000000238
18470  39.987  -50.090  2.252 0.6000000238
18479  40.656  -50.802  1.580 0.6000000238
123673  35.133  -47.953  6.212 0.4000000060
16787  33.828  -51.787  0.663 0.5000000000
17627  32.389  -51.676  1.640 0.4000000060
17629  31.056  -51.845  2.258 0.4000000060
19280  38.009  -49.322  4.050 0.6000000238
134263  38.557  -49.442  4.653 0.4000000060
19304  39.365  -49.555  2.711 0.6000000238
129797  40.369  -49.324  4.137 0.6000000238
19303  40.742  -49.458  2.921 0.5000000000
18480  39.211  -50.455  1.330 0.6000000238
18471  38.641  -49.915  1.926 0.5000000000
17648  40.666  -51.364  0.421 0.6000000238
20886  35.150  -48.083  7.132 0.4000000060
122734  36.858  -49.030  4.987 0.4000000060
137305  34.787  -51.231  -0.737 0.6000000238
16777  32.946  -51.609  0.691 0.5000000000
16778  31.308  -51.953  1.120 0.5000000000
16743  29.678  -52.677  3.091 0.5000000000
20104  37.224  -48.935  3.855 0.4000000060
136379  36.722  -48.604  4.252 0.4000000060
20113  37.585  -49.124  3.244 0.5000000000
19315  37.680  -49.491  1.675 0.5000000000
18487  38.898  -50.436  0.579 0.6000000238
18486  39.614  -50.834  0.071 0.6000000238
17656  41.452  -51.674  -0.076 0.6000000238
21700  34.564  -46.609  5.442 0.4000000060
20090  35.624  -48.416  5.763 0.4000000060
20899  34.754  -47.270  5.817 0.4000000060
22479  34.249  -46.564  6.288 0.4000000060
19348  35.466  -50.074  -1.952 0.6000000238
21699  35.062  -47.029  5.020 0.4000000060
20898  35.357  -47.763  5.372 0.4000000060
139415  33.324  -50.925  -0.657 0.6000000238
17651  31.864  -51.726  -0.336 0.5000000000
16762  30.629  -52.309  1.576 0.4000000060
20907  36.212  -47.971  3.986 0.4000000060
20119  37.069  -48.898  2.353 0.5000000000
19321  38.238  -50.090  1.129 0.5000000000
122840  38.245  -49.869  0.358 0.6000000238
18492  39.889  -50.403  -0.610 0.6000000238
18491  41.065  -50.908  -0.624 0.6000000238
22485  34.185  -45.827  5.435 0.4000000060
119815  34.996  -50.213  -1.540 0.6000000238
19349  34.281  -50.320  -1.157 0.6000000238
135791  32.726  -51.168  -0.469 0.5000000000
15931  29.796  -53.692  0.498 0.5000000000
21706  35.296  -46.758  4.227 0.4000000060
20914  36.156  -47.814  3.104 0.4000000060
140179  36.459  -48.270  2.557 0.5000000000
20126  37.004  -48.864  1.336 0.5000000000
135654  39.208  -49.757  -0.739 0.5000000000
22486  33.749  -45.075  5.795 0.4000000060
19329  34.395  -49.877  -1.304 0.6000000238
19331  32.745  -50.302  -0.643 0.5000000000
141272  31.518  -51.103  -0.588 0.5000000000
20127  36.447  -48.293  1.790 0.5000000000
20131  37.219  -48.624  0.571 0.4000000060
20136  38.358  -48.550  -0.583 0.4000000060
19346  39.883  -49.610  -1.191 0.4000000060
18505  40.834  -50.193  -1.194 0.6000000238
20154  42.166  -48.977  -1.565 0.4000000060
23278  33.572  -44.366  5.285 0.4000000060
21707  34.721  -46.287  4.733 0.4000000060
127826  35.189  -49.615  -1.627 0.6000000238
21713  34.992  -45.997  3.933 0.4000000060
20960  35.784  -48.165  -1.612 0.5000000000
132857  33.873  -49.537  -0.835 0.5000000000
19324  32.282  -49.662  -0.091 0.5000000000
123360  30.955  -51.841  -0.598 0.4000000060
19323  33.097  -49.455  -0.195 0.4000000060
20926  36.119  -47.567  1.463 0.5000000000
20932  36.421  -47.292  0.763 0.5000000000
20931  37.044  -47.743  0.359 0.6000000238
19347  39.192  -48.960  -1.124 0.4000000060
140807  39.925  -49.009  -1.374 0.4000000060
119706  41.560  -48.190  -1.627 0.4000000060
20938  38.258  -47.622  -0.572 0.5000000000
20940  35.305  -47.547  -0.934 0.5000000000
20139  33.842  -48.777  -0.288 0.6000000238
21736  34.507  -46.967  -0.379 0.4000000060
20956  41.030  -47.256  -1.613 0.5000000000
20153  43.028  -48.374  -1.822 0.5000000000
21734  37.514  -46.578  -0.264 0.5000000000
20939  37.568  -47.297  -0.203 0.5000000000
20958  38.951  -46.991  -0.860 0.5000000000
20957  39.838  -47.195  -1.324 0.5000000000
23285  34.020  -44.567  4.576 0.4000000060
22547  43.055  -45.968  -3.130 0.5000000000
20955  42.573  -47.289  -2.091 0.4000000060
21733  38.813  -46.121  -0.731 0.5000000000
125696  37.967  -45.975  -0.436 0.5000000000
22525  34.169  -45.922  -0.671 0.4000000060
22543  42.428  -45.141  -2.683 0.4000000060
22536  42.030  -45.286  -2.145 0.4000000060
134911  42.842  -46.164  -2.584 0.5000000000
21749  41.782  -46.282  -1.900 0.5000000000
21750  40.622  -46.377  -1.505 0.5000000000
21732  39.652  -46.286  -1.163 0.5000000000
22521  39.556  -45.381  -1.067 0.5000000000
119347  40.472  -45.517  -1.414 0.4000000060
16795  35.206  -51.878  -0.358 0.6000000238
138690  35.470  -55.043  -0.141 0.6000000238
17670  34.918  -50.809  -1.222 0.6000000238
12363  34.582  -58.506  0.551 0.5000000000
21751  35.799  -46.953  -1.524 0.5000000000
137802  41.933  -50.719  -1.056 0.6000000238
118627  40.841  -49.203  -1.481 0.4000000060
15167  34.711  -54.679  1.190 0.5000000000
15176  35.330  -54.360  0.509 0.5000000000
135955  33.223  -52.025  1.627 0.4000000060
17616  31.464  -51.755  2.786 0.4000000060
19293  38.684  -49.362  3.306 0.6000000238
17628  31.700  -51.719  1.855 0.4000000060
20908  35.602  -47.538  4.533 0.4000000060
134120  35.172  -50.522  -1.528 0.6000000238
17660  33.918  -50.864  -0.695 0.6000000238
17638  32.081  -51.689  0.605 0.5000000000
15913  29.342  -53.570  2.288 0.5000000000
130629  29.066  -53.449  3.138 0.5000000000
15930  30.185  -53.030  0.903 0.5000000000
18494  33.483  -50.664  -0.735 0.5000000000
129413  30.845  -52.600  0.400 0.5000000000
18495  32.311  -50.993  -0.615 0.5000000000
19328  37.815  -49.098  0.060 0.5000000000
16789  30.822  -52.584  -0.244 0.5000000000
20927  35.717  -47.024  1.989 0.5000000000
20138  34.538  -49.164  -1.035 0.6000000238
20155  40.117  -48.256  -1.439 0.3000000119
22537  41.450  -44.767  -1.728 0.4000000060
5788  36.409  -68.373  13.263 0.3000000119
5787  38.214  -69.138  13.505 0.3000000119
119394  37.339  -68.687  13.428 0.3000000119
5785  39.475  -68.444  13.478 0.3000000119
118632  38.797  -69.433  13.507 0.3000000119
6418  39.208  -67.920  13.663 0.3000000119
5802  40.081  -68.221  11.984 0.3000000119
6432  40.093  -68.035  13.069 0.3000000119
7719  39.608  -65.185  14.078 0.3000000119
7061  40.155  -66.618  13.664 0.3000000119
6416  40.391  -67.199  13.034 0.3000000119
7069  40.729  -66.780  11.882 0.3000000119
135060  40.069  -65.814  13.904 0.3000000119
9070  40.655  -63.933  12.736 0.3000000119
137048  40.719  -65.373  13.104 0.3000000119
7738  41.036  -66.003  12.414 0.4000000060
7737  41.295  -65.649  11.576 0.4000000060
8438  41.866  -65.185  9.905 0.4000000060
8463  41.737  -65.249  9.262 0.3000000119
117963  41.290  -62.423  10.525 0.3000000119
9082  41.265  -64.101  11.141 0.4000000060
9101  41.800  -64.486  10.156 0.4000000060
8414  41.637  -64.984  10.570 0.4000000060
10357  41.415  -61.715  11.714 0.3000000119
123075  41.937  -64.744  9.361 0.4000000060
11040  43.232  -60.635  10.370 0.4000000060
128062  41.727  -61.542  10.892 0.4000000060
8488  41.562  -64.488  8.300 0.4000000060
9134  41.539  -63.852  7.830 0.3000000119
10380  41.667  -61.634  10.181 0.4000000060
9743  41.690  -63.751  9.730 0.4000000060
11041  42.258  -60.915  10.018 0.4000000060
9763  41.435  -62.899  8.399 0.5000000000
129818  41.774  -64.062  8.748 0.4000000060
13003  37.797  -57.259  6.368 0.5000000000
11057  43.928  -60.198  9.997 0.4000000060
11731  38.469  -59.763  5.333 0.3000000119
12345  38.777  -58.681  5.330 0.4000000060
9805  40.147  -62.616  4.954 0.3000000119
12361  33.463  -58.890  1.559 0.4000000060
12362  32.824  -59.170  1.852 0.4000000060
15872  36.612  -53.292  5.465 0.4000000060
139206  36.272  -54.743  5.876 0.4000000060
11059  42.001  -60.805  9.359 0.4000000060
123787  41.643  -61.490  9.607 0.3000000119
10397  41.461  -61.709  8.947 0.5000000000
15108  36.672  -54.466  6.095 0.4000000060
14373  37.407  -55.661  6.301 0.4000000060
11058  43.040  -60.424  9.664 0.4000000060
12331  38.318  -57.966  6.028 0.4000000060
9776  41.256  -62.871  7.484 0.4000000060
13002  38.554  -57.101  5.899 0.5000000000
9788  41.032  -62.761  6.606 0.5000000000
12344  39.566  -58.534  4.798 0.4000000060
9789  40.749  -62.672  5.720 0.3000000119
11739  39.023  -60.159  4.406 0.4000000060
13054  32.610  -57.874  1.800 0.4000000060
16739  36.950  -52.711  3.751 0.4000000060
11077  42.797  -60.271  8.917 0.4000000060
15106  37.892  -54.783  6.628 0.4000000060
13673  38.036  -56.419  6.235 0.5000000000
125143  42.333  -59.985  8.072 0.4000000060
11078  41.654  -60.769  8.574 0.4000000060
13672  38.836  -56.416  6.039 0.5000000000
11678  43.533  -59.683  8.513 0.4000000060
11691  43.215  -59.403  7.501 0.4000000060
138024  41.375  -60.743  7.473 0.4000000060
127496  41.148  -61.137  6.595 0.5000000000
14371  39.358  -55.829  6.468 0.5000000000
12314  44.371  -58.299  7.185 0.4000000060
10446  41.181  -61.020  5.645 0.5000000000
13001  39.298  -57.076  5.630 0.4000000060
10432  40.722  -61.749  4.991 0.4000000060
11737  40.253  -60.118  3.970 0.4000000060
124452  40.102  -59.711  3.937 0.4000000060
12351  39.985  -59.274  4.191 0.4000000060
15097  37.784  -53.980  6.903 0.4000000060
16677  38.077  -52.768  6.710 0.3000000119
11089  42.132  -59.879  6.991 0.4000000060
11103  42.171  -59.869  5.926 0.4000000060
14357  38.788  -54.976  6.962 0.4000000060
15897  29.148  -53.019  3.932 0.4000000060
12313  44.816  -57.697  6.556 0.4000000060
11690  43.769  -58.771  6.853 0.4000000060
127719  41.737  -60.258  5.239 0.5000000000
125271  41.641  -59.987  4.803 0.5000000000
14356  39.799  -54.988  7.148 0.5000000000
132472  40.016  -56.351  6.197 0.4000000060
13000  45.176  -57.261  6.119 0.4000000060
11132  40.844  -60.312  4.477 0.4000000060
13023  39.898  -57.769  5.144 0.4000000060
12350  40.535  -59.382  4.244 0.4000000060
13022  40.893  -57.775  4.992 0.4000000060
16707  38.174  -52.067  5.854 0.4000000060
15096  38.362  -54.147  7.169 0.3000000119
11712  43.392  -58.623  5.727 0.4000000060
15095  39.119  -54.163  7.403 0.3000000119
12341  43.901  -57.883  5.457 0.4000000060
141495  43.846  -57.457  5.329 0.4000000060
12342  42.979  -58.591  4.955 0.4000000060
137695  42.121  -59.255  4.715 0.5000000000
13666  45.328  -56.075  5.750 0.4000000060
13683  45.036  -56.458  5.490 0.4000000060
13020  42.792  -57.808  4.763 0.4000000060
13021  41.948  -57.795  4.789 0.4000000060
13670  40.802  -56.514  6.184 0.4000000060
17603  39.103  -51.843  5.510 0.4000000060
126031  43.275  -57.970  4.886 0.4000000060
7097  37.183  -66.939  10.524 0.3000000119
8384  40.158  -64.209  14.011 0.3000000119
9710  40.880  -62.302  12.433 0.3000000119
10356  42.344  -61.139  11.449 0.4000000060
11676  44.235  -59.143  9.005 0.4000000060
134736  44.082  -59.510  8.939 0.4000000060
12304  44.141  -58.562  8.176 0.4000000060
12983  44.616  -57.729  7.361 0.4000000060
16676  38.796  -52.675  7.092 0.3000000119
13653  45.431  -56.293  6.761 0.4000000060
16692  38.473  -52.257  6.467 0.4000000060
15843  39.374  -53.209  7.486 0.4000000060
139568  40.367  -54.593  7.332 0.4000000060
14365  45.513  -55.229  5.939 0.4000000060
13684  44.275  -56.861  5.392 0.4000000060
127628  43.477  -56.854  5.321 0.4000000060
13668  42.885  -56.311  5.723 0.4000000060
121344  41.155  -55.941  6.533 0.3000000119
14355  40.894  -55.149  7.016 0.4000000060
14366  45.453  -55.097  5.855 0.4000000060
17595  39.120  -51.716  6.179 0.4000000060
4634  38.257  -70.393  13.120 0.3000000119
122986  38.164  -68.108  13.546 0.3000000119
5803  39.744  -68.879  12.979 0.3000000119
6465  37.995  -67.776  10.481 0.3000000119
7096  38.345  -66.946  10.623 0.3000000119
6417  39.844  -67.571  13.532 0.3000000119
8393  40.493  -64.566  13.292 0.3000000119
7754  41.210  -66.285  11.151 0.4000000060
9069  41.118  -64.295  11.997 0.3000000119
9723  41.050  -62.856  11.394 0.3000000119
8401  41.380  -64.989  11.384 0.4000000060
11039  44.098  -60.464  10.738 0.4000000060
10406  41.155  -61.777  8.081 0.4000000060
10431  40.995  -61.869  6.092 0.5000000000
11133  40.260  -61.101  4.178 0.3000000119
10421  41.017  -61.809  7.120 0.5000000000
11677  44.136  -59.120  8.056 0.4000000060
13036  41.415  -58.968  4.478 0.4000000060
13669  41.780  -56.504  6.036 0.4000000060
17573  41.633  -49.790  6.511 0.4000000060
17586  41.024  -50.130  5.970 0.4000000060
18427  42.204  -48.952  6.986 0.4000000060
117897  40.969  -48.958  6.245 0.3000000119
19248  40.856  -49.326  5.546 0.5000000000
17593  40.996  -50.393  5.133 0.4000000060
16638  40.538  -52.262  9.557 0.3000000119
17535  40.970  -51.263  9.766 0.3000000119
20039  39.201  -47.850  9.657 0.3000000119
139100  39.215  -48.476  8.307 0.3000000119
20050  37.593  -48.602  8.163 0.3000000119
19243  36.970  -49.469  6.635 0.3000000119
18406  40.530  -50.427  10.108 0.3000000119
19206  39.730  -48.797  10.386 0.3000000119
20028  39.503  -48.128  10.190 0.3000000119
16639  39.764  -52.429  9.534 0.3000000119
120736  39.902  -51.517  9.701 0.3000000119
121691  38.571  -48.108  8.717 0.3000000119
20052  35.532  -47.876  8.000 0.3000000119
18392  40.109  -49.585  10.317 0.3000000119
20853  37.777  -47.084  9.652 0.3000000119
20860  37.664  -47.766  8.886 0.3000000119
19208  37.919  -48.548  11.021 0.3000000119
19207  38.809  -48.586  10.648 0.3000000119
21663  37.076  -46.654  9.606 0.3000000119
20013  37.546  -47.914  11.261 0.3000000119
21653  36.933  -46.399  10.304 0.3000000119
18394  38.101  -50.339  10.238 0.3000000119
20862  36.067  -47.286  8.652 0.3000000119
20863  35.214  -47.150  8.311 0.3000000119
21684  33.896  -46.125  7.022 0.3000000119
21672  36.492  -46.730  9.148 0.3000000119
21674  34.745  -46.459  8.386 0.3000000119
20835  37.147  -47.076  11.083 0.3000000119
22446  35.808  -45.747  9.558 0.3000000119
22459  35.202  -45.859  8.983 0.3000000119
22447  34.998  -45.079  9.401 0.3000000119
129656  33.537  -45.073  6.475 0.3000000119
22471  33.999  -45.857  7.903 0.3000000119
124563  33.585  -45.447  7.119 0.3000000119
23272  33.347  -44.434  6.140 0.3000000119
22492  34.058  -45.019  5.132 0.3000000119
24113  33.105  -43.560  5.654 0.3000000119
135832  33.345  -43.473  4.944 0.3000000119
24123  33.542  -43.190  4.271 0.3000000119
19249  40.104  -49.044  6.353 0.3000000119
18434  41.164  -49.271  6.367 0.4000000060
19242  37.751  -49.316  7.342 0.3000000119
20873  34.878  -47.434  7.626 0.3000000119
17572  42.252  -49.789  7.037 0.5000000000
18407  39.541  -50.557  10.126 0.3000000119
20852  38.533  -47.544  9.523 0.3000000119
20049  39.469  -48.108  8.988 0.3000000119
19233  38.554  -48.872  7.909 0.3000000119
19241  38.928  -49.362  7.032 0.3000000119
18393  39.043  -49.705  10.480 0.3000000119
20051  36.580  -48.141  8.318 0.3000000119
20846  37.784  -47.372  10.651 0.3000000119
22437  35.686  -45.353  10.303 0.3000000119
23247  34.697  -44.277  9.882 0.3000000119
21673  35.725  -46.481  8.945 0.3000000119
140913  36.503  -47.115  11.562 0.3000000119
22460  34.571  -45.687  8.649 0.3000000119
127156  40.930  -54.113  7.485 0.3000000119
15093  41.748  -54.743  7.044 0.4000000060
138429  45.395  -52.304  6.581 0.4000000060
15839  44.118  -52.734  7.092 0.4000000060
15842  40.281  -53.099  7.654 0.3000000119
16671  44.846  -51.449  6.951 0.4000000060
16670  46.021  -51.487  6.729 0.3000000119
15841  41.386  -52.957  7.627 0.4000000060
16672  43.366  -51.860  7.461 0.4000000060
129097  44.070  -50.402  7.352 0.3000000119
126240  40.692  -52.250  7.563 0.3000000119
134411  42.167  -52.087  7.600 0.4000000060
129751  42.811  -51.190  7.527 0.4000000060
130230  41.164  -51.189  7.241 0.3000000119
16674  41.359  -51.951  7.589 0.4000000060
17571  42.940  -50.258  7.052 0.4000000060
16675  39.899  -52.141  7.335 0.3000000119
17574  40.564  -51.103  6.750 0.3000000119
138061  40.087  -51.259  6.334 0.3000000119
16691  39.393  -51.875  6.755 0.3000000119
16673  42.000  -51.106  7.478 0.4000000060
15840  42.709  -52.982  7.474 0.4000000060
128127  42.256  -61.170  12.400 0.3000000119
14368  43.457  -55.496  5.999 0.3000000119
122117  42.098  -61.711  14.821 0.3000000119
10330  42.708  -61.425  14.286 0.3000000119
11010  43.216  -60.942  12.938 0.3000000119
10355  43.341  -60.837  11.107 0.3000000119
15105  42.834  -54.748  6.676 0.3000000119
14367  44.728  -55.393  5.672 0.3000000119
127561  44.073  -59.511  13.632 0.3000000119
11009  43.949  -60.443  12.465 0.3000000119
10990  43.825  -60.428  13.522 0.3000000119
11038  44.617  -60.013  11.142 0.3000000119
11660  44.271  -59.552  9.666 0.3000000119
122667  44.245  -54.672  6.155 0.3000000119
12216  43.478  -58.881  14.359 0.3000000119
11582  44.268  -58.937  12.834 0.3000000119
12223  43.949  -58.819  13.589 0.3000000119
11008  44.453  -59.930  11.923 0.3000000119
11606  44.468  -59.242  12.203 0.3000000119
127538  44.525  -59.229  10.270 0.3000000119
12247  42.960  -58.148  12.632 0.3000000119
12263  43.553  -58.087  11.863 0.3000000119
12261  44.433  -58.768  11.227 0.3000000119
12245  44.298  -58.558  11.957 0.3000000119
130079  44.220  -58.805  9.010 0.3000000119
12972  44.297  -57.975  8.074 0.3000000119
13654  44.887  -56.859  7.303 0.3000000119
122485  42.271  -58.276  13.048 0.3000000119
12292  43.640  -58.566  9.368 0.3000000119
12277  43.983  -58.446  10.383 0.3000000119
130242  45.323  -54.629  5.919 0.3000000119
11624  42.413  -58.182  11.999 0.3000000119
125315  41.427  -58.553  12.145 0.3000000119
11640  42.627  -58.329  11.213 0.3000000119
11661  42.791  -58.567  10.216 0.3000000119
118675  43.929  -58.391  8.559 0.3000000119
13636  43.952  -56.273  7.701 0.3000000119
13652  45.585  -55.647  6.195 0.3000000119
15104  46.027  -53.854  6.128 0.3000000119
15838  46.206  -52.547  6.413 0.3000000119
14369  42.081  -55.595  6.490 0.3000000119
11662  41.777  -58.672  9.906 0.3000000119
12305  42.698  -58.189  8.682 0.3000000119
13655  44.035  -57.261  7.709 0.3000000119
14340  45.392  -54.903  7.551 0.3000000119
11022  43.249  -60.857  11.987 0.3000000119
10329  43.417  -60.908  14.428 0.3000000119
10991  43.180  -61.073  13.742 0.3000000119
5221  38.255  -69.898  13.355 0.3000000119
5786  38.962  -68.805  13.706 0.3000000119
5820  37.599  -68.453  10.144 0.3000000119
6431  40.379  -67.495  12.053 0.3000000119
7060  40.660  -66.536  12.973 0.3000000119
7062  39.475  -66.989  13.728 0.3000000119
7729  40.535  -65.959  13.411 0.4000000060
7753  41.518  -65.712  10.551 0.4000000060
7776  41.568  -65.811  9.723 0.3000000119
8394  40.213  -65.134  13.780 0.3000000119
8402  41.060  -65.002  12.407 0.3000000119
9083  40.864  -63.371  12.120 0.3000000119
9150  41.161  -63.585  7.031 0.5000000000
9753  41.438  -62.560  9.443 0.4000000060
10379  42.403  -61.068  10.667 0.4000000060
10458  40.018  -62.000  4.311 0.3000000119
10989  44.279  -59.732  12.776 0.3000000119
11021  44.070  -60.511  11.533 0.3000000119
11056  44.457  -59.843  10.431 0.4000000060
11076  43.773  -60.010  9.245 0.4000000060
11104  41.550  -60.455  6.341 0.5000000000
11121  41.083  -60.742  4.814 0.4000000060
11623  44.610  -59.267  11.550 0.3000000119
11639  44.651  -59.271  10.858 0.3000000119
11641  41.639  -58.645  10.658 0.3000000119
11663  40.955  -58.732  10.038 0.3000000119
11713  42.847  -59.300  6.330 0.4000000060
11714  38.062  -58.977  6.164 0.3000000119
11729  42.478  -59.441  5.144 0.5000000000
11730  39.272  -59.377  4.594 0.4000000060
11738  39.692  -60.063  3.925 0.4000000060
11747  33.061  -59.360  2.015 0.4000000060
12224  43.098  -58.447  13.451 0.3000000119
12246  43.839  -58.363  12.738 0.3000000119
12248  42.066  -58.270  12.562 0.3000000119
12262  44.093  -58.422  11.204 0.3000000119
12276  44.366  -58.760  10.626 0.3000000119
12291  44.342  -58.850  9.769 0.3000000119
12330  44.323  -58.153  6.207 0.4000000060
12340  44.794  -57.544  5.827 0.4000000060
12343  40.528  -58.555  4.563 0.4000000060
12349  42.380  -58.430  4.659 0.5000000000
12359  35.222  -58.392  0.275 0.6000000238
12364  33.919  -58.680  0.787 0.5000000000
12981  45.375  -56.596  6.142 0.4000000060
12982  45.147  -57.137  6.739 0.4000000060
12999  45.161  -56.910  5.663 0.4000000060
13005  35.401  -57.177  6.801 0.5000000000
13019  44.600  -57.195  5.512 0.4000000060
13024  39.047  -57.806  5.410 0.4000000060
13025  34.001  -57.282  5.962 0.5000000000
13059  34.504  -58.334  0.207 0.5000000000
13060  33.773  -58.130  0.496 0.5000000000
13061  36.526  -57.882  -0.587 0.6000000238
13062  36.011  -57.848  -0.891 0.6999999881
13063  35.149  -57.991  -0.511 0.5000000000
13065  36.745  -57.736  -0.965 0.6000000238
13667  44.022  -56.187  5.519 0.4000000060
13671  39.509  -56.532  5.971 0.5000000000
13685  42.550  -57.167  5.221 0.4000000060
13686  41.358  -57.171  5.496 0.4000000060
13687  40.220  -57.022  5.651 0.4000000060
13723  36.126  -57.732  0.346 0.6000000238
13726  33.288  -57.550  1.168 0.4000000060
13728  37.615  -57.319  -0.833 0.6000000238
13731  37.562  -57.462  -0.992 0.6000000238
13732  35.593  -57.210  -1.072 0.6000000238
13734  37.233  -57.496  -1.129 0.6000000238
14352  46.006  -54.570  6.352 0.3000000119
14353  45.750  -55.298  6.783 0.3000000119
14370  40.315  -55.812  6.626 0.4000000060
14372  38.379  -55.684  6.399 0.5000000000
14380  45.262  -55.752  5.702 0.4000000060
14381  44.983  -56.000  5.461 0.4000000060
14382  36.526  -55.225  6.143 0.6000000238
14383  35.795  -55.078  5.699 0.5000000000
14393  35.146  -55.241  4.708 0.4000000060
14394  34.815  -55.985  4.226 0.4000000060
14422  35.610  -55.665  2.808 0.4000000060
14428  37.365  -55.495  0.661 0.6000000238
14429  36.283  -56.721  0.926 0.5000000000
14450  35.168  -56.675  -0.817 0.5000000000
14454  36.217  -56.678  -1.369 0.6999999881
15091  45.125  -53.569  6.334 0.4000000060
15092  43.503  -53.833  6.927 0.3000000119
15094  39.939  -54.051  7.546 0.4000000060
15103  46.374  -53.650  6.449 0.3000000119
15120  36.231  -54.229  5.568 0.4000000060
15144  36.210  -53.997  3.064 0.4000000060
15145  35.712  -54.753  3.415 0.4000000060
15166  37.019  -54.707  1.336 0.5000000000
15175  35.749  -54.280  -0.284 0.5000000000
15187  40.319  -54.908  -1.129 0.6999999881
15188  39.383  -55.220  -1.443 0.6999999881
15844  38.163  -53.380  7.050 0.3000000119
15845  37.494  -53.310  6.564 0.5000000000
15857  36.809  -53.694  6.107 0.4000000060
15871  37.066  -52.954  6.050 0.5000000000
15893  36.239  -53.322  3.898 0.5000000000
15912  33.433  -53.271  2.569 0.4000000060
15927  37.258  -53.928  1.638 0.6000000238
15935  41.490  -54.036  0.210 0.6999999881
15936  39.752  -54.296  0.527 0.6000000238
15940  30.261  -53.109  0.124 0.5000000000
15943  42.702  -53.342  -0.057 0.6000000238
15944  41.947  -53.819  -0.572 0.6000000238
16637  41.654  -52.020  9.585 0.3000000119
16690  46.727  -51.861  6.687 0.3000000119
16721  37.479  -52.389  4.411 0.5000000000
16735  41.763  -51.998  3.049 0.6000000238
16742  30.406  -52.160  2.631 0.4000000060
16754  42.034  -52.093  1.958 0.6000000238
16758  38.593  -52.695  2.610 0.6999999881
16761  32.634  -52.068  2.404 0.4000000060
16770  42.284  -52.537  1.028 0.6999999881
16785  42.788  -52.795  0.311 0.6999999881
16788  31.445  -52.258  -0.116 0.5000000000
16792  43.179  -52.610  -0.826 0.5000000000
16796  31.160  -52.103  -0.431 0.5000000000
16801  42.754  -52.896  -1.146 0.6000000238
16808  41.140  -52.605  -1.886 0.6000000238
16809  39.790  -52.681  -2.185 0.6000000238
16811  37.572  -52.366  -2.641 0.6000000238
16813  36.228  -51.555  -2.101 0.6999999881
17594  40.184  -51.126  5.819 0.4000000060
17601  41.185  -50.826  4.348 0.6000000238
17604  30.852  -51.845  3.170 0.4000000060
17612  41.266  -51.438  3.715 0.6000000238
17626  42.006  -51.191  2.704 0.6000000238
17647  41.985  -51.880  0.687 0.6999999881
17649  33.396  -51.416  -0.229 0.5000000000
17650  32.605  -51.530  -0.224 0.5000000000
17655  43.267  -52.085  -0.372 0.6000000238
17657  40.382  -51.134  -0.214 0.6000000238
17658  35.419  -51.460  -1.092 0.6000000238
17659  34.342  -51.552  -0.198 0.6000000238
17661  31.618  -51.604  -0.451 0.5000000000
17667  43.751  -51.208  -1.449 0.5000000000
17671  34.523  -50.514  -1.171 0.6000000238
17684  38.165  -51.042  -3.010 0.6000000238
18408  38.750  -50.632  10.091 0.3000000119
18451  41.606  -50.000  4.383 0.5000000000
18459  42.047  -50.308  3.343 0.6000000238
18469  41.365  -49.984  2.611 0.6000000238
18493  38.956  -50.220  -0.148 0.5000000000
18496  30.910  -51.311  -0.586 0.4000000060
18502  44.349  -50.371  -1.856 0.5000000000
18506  35.520  -50.450  -1.905 0.6000000238
18512  43.571  -50.683  -2.394 0.6000000238
18517  36.191  -50.575  -2.664 0.6999999881
19232  40.041  -48.557  8.159 0.3000000119
19251  38.050  -49.654  6.411 0.4000000060
19263  40.571  -49.276  4.885 0.6000000238
19277  41.773  -49.593  3.859 0.5000000000
19281  37.745  -49.371  4.876 0.4000000060
19291  40.895  -49.236  3.475 0.5000000000
19301  41.958  -49.732  3.533 0.5000000000
19305  38.104  -49.405  2.549 0.6000000238
19322  37.581  -49.458  0.850 0.5000000000
19327  38.536  -49.456  -0.414 0.5000000000
19330  33.607  -50.100  -1.003 0.5000000000
19342  44.570  -49.880  -2.002 0.6000000238
19345  42.298  -49.976  -1.411 0.4000000060
19359  44.427  -49.543  -2.235 0.6000000238
19360  44.016  -49.382  -2.706 0.6000000238
19363  40.166  -49.356  -3.427 0.6000000238
20029  38.847  -47.808  10.303 0.3000000119
20030  38.252  -47.964  10.859 0.3000000119
20038  39.867  -48.234  9.585 0.3000000119
20061  36.752  -48.998  7.543 0.4000000060
20075  35.619  -48.605  6.539 0.4000000060
20105  36.046  -48.368  4.952 0.4000000060
20114  36.740  -48.522  3.326 0.4000000060
20132  36.547  -48.153  0.968 0.5000000000
20137  37.658  -48.171  -0.108 0.5000000000
20156  39.055  -47.927  -1.066 0.5000000000
20157  35.225  -48.670  -1.271 0.5000000000
20162  44.097  -48.243  -2.592 0.6000000238
20173  38.501  -48.356  -4.084 0.6000000238
20845  38.307  -47.470  10.295 0.3000000119
20861  36.986  -47.208  9.010 0.3000000119
20887  34.659  -47.405  6.741 0.4000000060
20941  34.628  -48.149  -0.541 0.6000000238
20964  43.872  -47.400  -3.136 0.5000000000
20967  43.463  -47.063  -3.605 0.6000000238
20972  42.705  -46.853  -4.180 0.6000000238
20973  41.920  -47.380  -4.241 0.6999999881
21643  36.511  -46.494  11.048 0.3000000119
21652  37.448  -46.789  10.245 0.3000000119
21654  36.316  -45.920  10.298 0.3000000119
21664  36.476  -46.212  9.595 0.3000000119
21683  34.376  -46.736  7.429 0.3000000119
21728  36.992  -46.872  0.178 0.6000000238
21756  36.675  -46.983  -2.713 0.6000000238
21761  42.407  -46.279  -4.398 0.6000000238
22461  34.030  -45.121  8.622 0.3000000119
22480  33.817  -45.711  6.345 0.3000000119
22491  34.455  -45.392  4.478 0.4000000060
22538  40.555  -44.540  -1.379 0.4000000060
22553  42.768  -46.085  -3.778 0.6000000238
22554  40.855  -45.288  -5.266 0.5000000000
22556  38.029  -45.396  -4.889 0.5000000000
23259  34.148  -44.453  9.242 0.3000000119
23332  35.147  -44.929  -3.232 0.5000000000
25015  33.151  -42.845  5.007 0.3000000119
25016  32.779  -42.563  5.701 0.3000000119
119143  43.531  -58.304  11.003 0.3000000119
119879  34.000  -57.457  3.912 0.4000000060
120509  37.174  -54.863  6.312 0.4000000060
121103  41.117  -59.658  4.493 0.4000000060
121116  42.136  -53.940  7.307 0.4000000060
122006  38.104  -49.404  10.705 0.3000000119
122533  43.403  -57.419  5.083 0.4000000060
122743  39.237  -52.151  9.547 0.3000000119
123728  41.387  -63.547  10.552 0.4000000060
123969  33.255  -44.658  7.013 0.3000000119
124426  35.871  -45.968  11.098 0.3000000119
125575  45.818  -54.471  6.111 0.4000000060
126276  38.155  -46.773  -0.521 0.5000000000
126557  35.009  -55.418  0.329 0.6000000238
127691  36.075  -47.700  2.274 0.5000000000
127830  33.583  -43.931  4.684 0.3000000119
127915  39.702  -50.835  0.727 0.6000000238
128377  40.731  -51.443  4.260 0.6000000238
130240  39.168  -49.397  4.045 0.6000000238
130384  38.086  -56.404  -1.369 0.6999999881
130476  29.951  -52.814  1.967 0.5000000000
131856  35.891  -55.302  -0.806 0.6000000238
132750  41.289  -45.628  -1.691 0.4000000060
134374  41.455  -58.309  4.603 0.4000000060
135870  35.689  -58.218  -0.277 0.5000000000
136081  36.749  -53.219  -2.263 0.6000000238
136301  34.113  -58.808  0.982 0.4000000060
136895  41.637  -58.550  11.446 0.3000000119
137716  35.281  -55.319  5.300 0.4000000060
137772  45.227  -50.711  7.095 0.3000000119
137848  39.483  -48.876  7.606 0.3000000119
138161  41.858  -64.860  8.805 0.4000000060
138316  37.863  -48.454  -3.790 0.6000000238
139892  38.967  -47.791  9.258 0.3000000119
139944  43.600  -46.897  -3.297 0.6000000238
140142  37.271  -49.085  4.390 0.4000000060
140562  44.200  -47.987  -2.995 0.5000000000
140641  38.716  -53.498  7.334 0.3000000119
140704  33.364  -43.854  5.122 0.3000000119
141350  34.726  -47.010  7.990 0.3000000119
141457  35.518  -52.626  -0.104 0.6000000238
