#!ascii label  , from subject sub_0001 vox2ras=TkReg
812
15864  24.111  -53.127  6.231 0.6000000238
17610  15.944  -51.437  3.809 0.6999999881
16769  16.318  -51.803  2.377 0.6999999881
16717  19.140  -51.988  5.216 0.8999999762
16716  20.574  -51.955  5.416 0.8000000119
17596  21.368  -51.947  5.572 0.8000000119
15877  23.597  -54.163  5.564 0.6000000238
15113  25.220  -55.217  5.907 0.6999999881
130846  16.351  -51.056  4.452 0.6999999881
17591  16.306  -51.719  5.972 0.6999999881
17625  15.817  -50.986  2.910 0.6999999881
17635  16.998  -51.232  1.863 0.6000000238
16768  17.312  -52.409  1.867 0.6999999881
15920  18.178  -53.370  2.194 0.6999999881
141264  18.925  -52.571  3.202 0.8000000119
16730  19.409  -52.214  3.948 0.8000000119
17609  19.849  -51.927  4.990 0.8000000119
16715  20.912  -52.332  4.965 0.8000000119
131343  22.216  -53.199  5.104 0.6000000238
15126  22.980  -55.245  4.842 0.6000000238
15125  24.030  -55.314  5.468 0.6999999881
15124  26.224  -55.374  5.956 0.6999999881
18436  16.826  -50.963  6.523 0.5000000000
17562  16.144  -51.207  8.098 0.6000000238
18448  16.952  -50.347  4.605 0.4000000060
18458  16.301  -50.643  3.598 0.6000000238
18477  17.096  -50.278  1.944 0.5000000000
16784  18.627  -51.582  1.355 0.6000000238
16752  18.766  -52.833  2.131 0.8000000119
16751  19.445  -52.563  2.466 0.6999999881
124410  20.050  -52.593  2.787 0.6999999881
15888  21.200  -53.848  3.489 0.6999999881
15127  22.124  -55.116  4.120 0.5000000000
14389  23.411  -56.124  4.636 0.6000000238
14398  24.930  -56.841  4.528 0.6000000238
14387  25.554  -56.228  5.472 0.6000000238
14386  27.089  -55.242  5.555 0.5000000000
18428  17.155  -49.895  7.896 0.5000000000
18421  16.660  -50.535  8.390 0.6000000238
17545  16.353  -51.286  9.452 0.6000000238
18435  17.316  -50.162  6.990 0.5000000000
17645  18.634  -50.673  1.334 0.5000000000
17644  19.122  -51.278  1.067 0.6000000238
16782  20.048  -52.194  1.082 0.6000000238
15905  21.255  -53.876  2.537 0.6000000238
15139  21.729  -54.657  2.862 0.5000000000
15138  22.139  -55.416  3.261 0.5000000000
14400  23.053  -56.381  3.752 0.6000000238
14399  23.887  -56.639  4.212 0.6000000238
14397  26.033  -56.777  4.743 0.5000000000
121274  27.366  -56.535  4.216 0.5000000000
15914  28.750  -54.288  2.668 0.5000000000
15136  27.562  -55.584  4.703 0.5000000000
18413  16.770  -50.630  9.047 0.5000000000
17526  16.720  -51.767  9.994 0.5000000000
19273  17.645  -49.672  5.277 0.5000000000
19289  17.712  -49.495  3.694 0.4000000060
20118  19.383  -48.120  3.008 0.3000000119
19299  18.813  -48.753  2.649 0.4000000060
19311  19.670  -49.600  1.643 0.3000000119
19298  19.417  -48.672  2.414 0.3000000119
123376  19.576  -50.364  1.148 0.5000000000
17633  20.589  -51.854  0.898 0.5000000000
16764  21.256  -52.970  1.593 0.5000000000
15919  21.630  -54.013  2.362 0.5000000000
15153  22.332  -55.238  2.864 0.5000000000
14401  22.561  -55.992  3.195 0.6000000238
13702  23.534  -56.497  3.668 0.6000000238
13700  25.547  -57.350  3.750 0.5000000000
14411  27.480  -57.019  3.388 0.5000000000
15148  28.332  -55.092  3.224 0.5000000000
17544  17.168  -51.115  9.579 0.5000000000
19234  17.642  -49.167  7.998 0.5000000000
20084  17.914  -48.641  6.771 0.5000000000
20098  18.819  -48.482  5.351 0.4000000060
19272  18.173  -49.074  4.528 0.5000000000
20109  19.762  -48.152  3.803 0.4000000060
20117  19.884  -48.341  3.144 0.3000000119
18465  20.598  -50.243  1.726 0.3000000119
17631  21.514  -52.642  1.496 0.4000000060
15918  22.090  -54.502  2.472 0.4000000060
13714  25.400  -57.412  2.921 0.5000000000
13052  26.130  -57.498  2.107 0.5000000000
13712  26.831  -57.568  2.850 0.5000000000
121615  29.653  -53.772  1.255 0.5000000000
15160  28.968  -54.523  1.597 0.4000000060
14410  27.812  -56.161  2.716 0.5000000000
17543  18.111  -51.064  9.749 0.5000000000
19223  17.755  -49.628  8.628 0.5000000000
20067  18.174  -47.976  6.970 0.5000000000
20082  18.785  -47.918  6.386 0.4000000060
117445  20.106  -48.140  4.790 0.4000000060
20108  20.517  -48.339  4.068 0.3000000119
19296  21.074  -49.796  2.844 0.3000000119
17623  21.507  -51.815  1.482 0.4000000060
17622  22.272  -52.269  2.184 0.4000000060
16748  22.744  -53.089  2.684 0.4000000060
16749  21.861  -53.521  1.958 0.4000000060
15904  22.622  -54.093  2.547 0.4000000060
15917  22.588  -55.098  2.695 0.5000000000
15152  23.540  -55.524  2.983 0.5000000000
134946  23.110  -56.084  3.111 0.6000000238
14426  26.981  -57.248  1.507 0.4000000060
14425  27.578  -56.412  1.504 0.5000000000
129301  18.468  -49.679  9.088 0.4000000060
20066  18.843  -47.610  7.095 0.4000000060
20055  18.412  -48.311  7.790 0.4000000060
20902  20.294  -48.007  5.728 0.4000000060
20107  21.332  -48.474  4.677 0.4000000060
19286  21.199  -49.013  3.896 0.4000000060
19295  21.763  -49.759  3.639 0.4000000060
18463  21.856  -50.884  2.824 0.4000000060
15903  23.530  -54.385  2.846 0.5000000000
15151  24.846  -55.631  3.213 0.5000000000
14427  26.069  -57.207  1.744 0.5000000000
14435  26.575  -56.760  1.120 0.4000000060
13727  26.530  -57.280  1.536 0.4000000060
18410  19.260  -50.236  9.689 0.4000000060
20883  19.795  -47.551  7.216 0.4000000060
139370  19.271  -48.300  8.364 0.4000000060
20901  21.013  -47.973  5.795 0.4000000060
19285  22.059  -49.135  4.599 0.4000000060
18462  22.805  -51.216  3.433 0.4000000060
17621  23.229  -52.151  3.279 0.4000000060
126033  23.633  -53.109  3.112 0.4000000060
15902  24.641  -54.575  3.114 0.5000000000
128473  25.634  -54.630  3.185 0.4000000060
15163  26.003  -56.517  1.785 0.6000000238
20042  19.726  -48.623  9.065 0.4000000060
20868  20.149  -47.646  7.870 0.4000000060
20893  20.615  -47.705  6.579 0.4000000060
20095  21.582  -48.227  5.447 0.4000000060
140655  21.791  -48.545  5.022 0.4000000060
19284  23.002  -49.675  4.762 0.4000000060
18455  23.346  -50.501  4.313 0.5000000000
17608  23.747  -51.291  3.976 0.4000000060
17620  24.197  -52.023  3.735 0.3000000119
16747  24.778  -52.766  3.479 0.4000000060
126869  26.172  -54.536  3.009 0.4000000060
15916  26.241  -55.026  2.343 0.4000000060
15150  25.624  -55.735  2.743 0.5000000000
19212  20.080  -49.921  10.009 0.4000000060
20081  22.295  -48.091  5.983 0.4000000060
20094  22.246  -48.555  5.350 0.4000000060
19271  23.480  -49.282  5.423 0.3000000119
18447  23.799  -50.059  5.067 0.3000000119
128989  24.701  -51.301  4.264 0.3000000119
16727  25.265  -51.923  3.880 0.3000000119
16746  25.801  -52.768  3.587 0.3000000119
15915  26.796  -54.298  2.036 0.4000000060
15932  26.436  -54.631  1.089 0.4000000060
20867  20.951  -47.571  8.325 0.3000000119
126955  21.483  -47.566  7.084 0.3000000119
142026  22.918  -47.978  6.341 0.3000000119
20093  23.056  -48.498  5.773 0.3000000119
19270  24.316  -49.611  5.626 0.3000000119
18454  24.950  -50.789  4.776 0.4000000060
17607  25.816  -51.161  4.513 0.4000000060
16726  26.248  -51.971  3.853 0.3000000119
16745  26.572  -52.798  3.349 0.3000000119
15899  27.090  -53.346  2.401 0.4000000060
124693  27.070  -53.444  1.737 0.4000000060
16790  25.505  -53.486  -0.149 0.4000000060
18445  25.451  -50.429  5.107 0.4000000060
18461  28.002  -50.734  3.712 0.4000000060
17606  26.747  -51.432  4.194 0.4000000060
17618  27.665  -51.468  3.342 0.3000000119
16763  27.373  -52.580  2.427 0.4000000060
132124  26.175  -51.653  1.030 0.4000000060
17641  25.133  -51.500  0.469 0.4000000060
16780  26.405  -52.731  1.028 0.4000000060
16781  25.248  -52.419  0.157 0.4000000060
17617  28.104  -50.999  2.859 0.4000000060
137671  27.683  -50.788  1.778 0.5000000000
18482  26.006  -50.729  1.033 0.4000000060
18483  24.917  -50.717  0.661 0.4000000060
17665  24.592  -51.893  -0.602 0.3000000119
18484  24.127  -50.791  0.193 0.3000000119
16713  23.070  -52.872  5.718 0.6999999881
16731  18.696  -52.475  4.248 0.8000000119
15887  21.799  -54.083  4.317 0.6000000238
16729  20.268  -52.343  4.285 0.6999999881
16728  21.481  -52.847  4.783 0.6999999881
14396  26.944  -56.356  4.886 0.6000000238
19300  17.822  -49.602  2.764 0.4000000060
19313  18.355  -49.460  2.048 0.4000000060
16766  19.424  -52.469  1.531 0.6999999881
16750  20.151  -52.566  1.623 0.6999999881
130601  21.749  -54.764  3.468 0.6999999881
19257  17.701  -49.527  6.383 0.5000000000
15906  20.850  -53.124  1.925 0.5000000000
18474  20.246  -50.772  1.111 0.4000000060
15164  22.689  -55.705  2.872 0.6000000238
14413  24.870  -56.943  3.035 0.5000000000
120059  24.968  -56.544  3.005 0.6000000238
18456  22.481  -50.166  3.946 0.3000000119
132844  25.348  -53.642  3.346 0.4000000060
20041  20.594  -48.389  9.455 0.4000000060
137829  27.428  -52.111  3.025 0.3000000119
17640  27.230  -51.556  1.552 0.3000000119
17653  24.237  -51.322  -0.200 0.3000000119
15082  21.983  -54.756  9.229 0.6000000238
15073  22.624  -54.513  9.791 0.6000000238
15033  25.146  -54.232  12.364 0.6000000238
142342  26.597  -53.669  12.366 0.6000000238
13643  21.129  -56.164  8.696 0.5000000000
15083  21.487  -55.162  8.636 0.6000000238
15832  20.680  -53.842  8.003 0.6999999881
15084  21.165  -54.634  8.273 0.6999999881
14347  21.695  -55.424  9.112 0.6000000238
15819  22.998  -53.544  9.877 0.6000000238
15806  23.601  -53.514  10.377 0.6000000238
16623  24.639  -52.426  10.538 0.6000000238
16605  25.010  -53.032  11.154 0.6000000238
117684  26.177  -53.202  12.029 0.6000000238
15786  26.931  -53.135  11.987 0.6000000238
15056  28.945  -53.836  11.118 0.6999999881
14361  20.761  -55.926  7.058 0.6000000238
123503  19.315  -55.184  5.988 0.6999999881
14349  21.071  -56.148  7.853 0.5000000000
15114  20.103  -54.973  6.766 0.6999999881
14360  21.123  -55.632  7.947 0.6999999881
15831  21.313  -53.520  8.526 0.6999999881
15830  22.171  -53.417  9.170 0.6999999881
16645  23.607  -52.245  9.626 0.5000000000
16621  26.070  -52.024  11.075 0.6000000238
135973  27.651  -52.006  11.054 0.6000000238
16601  28.085  -52.618  11.378 0.6999999881
16619  28.752  -51.979  10.299 0.6999999881
15071  29.959  -54.121  9.985 0.6999999881
141757  30.385  -53.759  9.463 0.6999999881
124316  33.918  -58.788  1.513 0.4000000060
13711  32.106  -57.379  3.340 0.5000000000
13690  32.171  -56.348  4.853 0.6000000238
14376  31.729  -55.486  6.662 0.6000000238
15081  30.962  -54.501  8.684 0.6999999881
13041  16.505  -57.539  4.612 0.5000000000
13693  17.975  -57.038  4.785 0.5000000000
13703  18.077  -56.493  4.500 0.6000000238
135507  18.708  -56.811  5.858 0.5000000000
141444  18.816  -55.358  5.283 0.6999999881
13691  19.109  -56.034  5.617 0.5000000000
14377  19.907  -55.910  6.326 0.6000000238
15115  18.987  -54.025  6.455 0.6999999881
138508  19.583  -53.601  7.121 0.6999999881
15851  20.110  -53.102  7.684 0.6999999881
16663  23.211  -51.942  9.103 0.6999999881
17520  25.739  -51.722  10.506 0.6000000238
17519  26.403  -51.662  10.518 0.6000000238
17538  28.322  -51.589  9.682 0.6999999881
16618  29.461  -52.493  10.126 0.6999999881
15817  30.348  -53.158  9.094 0.6999999881
14358  31.526  -55.163  7.489 0.6000000238
15828  31.263  -53.966  8.273 0.6000000238
15142  14.558  -54.715  4.628 0.5000000000
13707  14.569  -56.774  4.464 0.4000000060
13716  16.893  -56.248  3.628 0.5000000000
127805  15.038  -55.287  4.270 0.5000000000
13704  17.592  -56.845  4.398 0.5000000000
15155  16.792  -54.818  2.801 0.6000000238
14403  17.622  -56.125  3.936 0.6000000238
15890  18.046  -53.987  3.703 0.6999999881
15128  18.265  -54.858  4.531 0.6000000238
15879  18.180  -53.532  4.963 0.6999999881
16687  19.672  -52.501  7.091 0.6999999881
16664  22.524  -52.169  8.820 0.6999999881
17542  23.937  -51.670  9.047 0.6999999881
16644  24.331  -51.962  9.847 0.6999999881
128979  25.892  -51.514  9.736 0.6999999881
17556  26.821  -51.484  9.344 0.6999999881
17554  28.613  -51.702  8.933 0.8000000119
16657  30.146  -52.633  8.540 0.6999999881
14409  32.709  -55.651  3.576 0.5000000000
14375  32.126  -54.828  6.091 0.6000000238
15847  31.055  -53.364  7.869 0.6000000238
15882  13.648  -53.925  5.782 0.4000000060
119829  15.348  -53.665  3.739 0.6000000238
15156  15.933  -54.641  3.328 0.6000000238
15909  16.028  -53.831  2.872 0.6000000238
15908  17.046  -53.987  2.272 0.6000000238
15140  17.833  -54.240  2.583 0.6000000238
16718  18.463  -52.637  5.162 0.6999999881
15866  18.524  -53.248  5.867 0.6999999881
16686  20.378  -52.161  7.503 0.6999999881
16685  21.001  -51.976  7.811 0.6999999881
17578  21.675  -51.445  6.926 0.8000000119
17560  22.289  -51.695  8.035 0.8000000119
17558  24.593  -51.478  8.589 0.6000000238
136359  26.206  -51.509  8.924 0.6000000238
16660  27.964  -51.949  8.370 0.8000000119
16658  29.416  -52.066  8.628 0.6999999881
14424  32.965  -56.164  2.893 0.5000000000
14395  32.477  -55.308  4.447 0.6000000238
16678  31.069  -53.138  7.242 0.6999999881
15867  14.636  -53.232  5.534 0.5000000000
15833  14.128  -53.340  7.906 0.4000000060
15821  13.409  -53.583  9.190 0.4000000060
15880  14.837  -52.964  4.996 0.5000000000
15881  14.555  -53.480  5.296 0.5000000000
16753  15.401  -52.893  3.366 0.6000000238
126653  16.150  -52.902  2.632 0.6000000238
15921  17.647  -53.394  2.032 0.6000000238
15907  18.395  -53.217  3.038 0.6999999881
16703  19.398  -52.061  6.264 0.8000000119
17590  20.976  -51.648  6.293 0.8000000119
17588  23.235  -51.543  6.990 0.6000000238
16684  24.847  -51.947  7.258 0.6000000238
16683  26.524  -52.279  7.828 0.6999999881
16682  27.338  -52.508  7.682 0.6999999881
16695  30.343  -52.782  6.463 0.6999999881
15122  32.228  -54.250  5.377 0.6000000238
16710  31.358  -52.846  5.541 0.6000000238
16722  31.820  -52.541  4.163 0.6000000238
15147  32.801  -54.606  3.879 0.6000000238
15884  32.201  -53.302  4.587 0.6000000238
17592  15.871  -52.307  6.479 0.5000000000
16688  14.920  -52.994  7.556 0.5000000000
16649  13.954  -53.024  8.856 0.5000000000
15810  13.402  -53.727  10.148 0.5000000000
16705  15.717  -52.238  5.510 0.5000000000
16706  15.218  -52.793  5.733 0.5000000000
16732  15.560  -52.005  3.180 0.6000000238
16701  22.776  -51.821  6.314 0.6999999881
16700  23.648  -52.094  6.493 0.6000000238
16699  25.058  -53.115  6.710 0.6000000238
15862  25.942  -53.462  6.759 0.6000000238
16698  27.922  -52.966  7.113 0.6999999881
15860  27.465  -53.667  6.622 0.6000000238
16696  29.404  -52.943  6.524 0.6000000238
16711  30.753  -52.584  5.645 0.6999999881
15168  34.020  -55.154  1.812 0.5000000000
15895  32.878  -52.779  2.997 0.4000000060
17581  15.671  -52.144  7.650 0.5000000000
16648  14.511  -52.322  9.348 0.5000000000
16630  14.577  -52.552  10.116 0.5000000000
15794  14.516  -53.859  11.135 0.5000000000
15036  14.259  -55.138  12.317 0.5000000000
14282  13.995  -56.037  13.783 0.5000000000
15863  24.638  -54.212  6.014 0.6000000238
15861  26.669  -53.707  6.701 0.6000000238
15876  27.796  -54.179  6.060 0.4000000060
15875  28.804  -53.474  5.714 0.5000000000
130810  30.316  -52.411  4.862 0.4000000060
16740  32.109  -52.123  3.220 0.4000000060
16723  31.145  -52.364  4.718 0.5000000000
17563  15.627  -51.585  8.677 0.6000000238
16629  15.330  -52.386  10.321 0.5000000000
15808  14.969  -53.111  10.739 0.5000000000
15047  14.844  -54.501  11.835 0.5000000000
15035  15.095  -54.875  12.649 0.5000000000
130394  14.813  -55.794  14.260 0.5000000000
13567  14.614  -56.516  15.745 0.4000000060
12901  14.302  -57.143  16.194 0.5000000000
12889  14.761  -57.481  17.034 0.4000000060
12197  14.486  -58.339  18.370 0.4000000060
12187  13.831  -59.069  18.210 0.4000000060
15111  26.878  -54.481  6.256 0.6000000238
15123  27.993  -54.477  5.189 0.4000000060
15885  29.429  -52.806  4.864 0.4000000060
16741  31.289  -52.014  3.682 0.4000000060
15807  15.946  -53.080  10.887 0.5000000000
15793  15.559  -53.844  11.452 0.4000000060
128700  15.779  -54.655  13.050 0.4000000060
14281  15.380  -55.299  13.896 0.5000000000
14269  15.787  -55.661  15.667 0.4000000060
13566  15.319  -56.165  16.129 0.5000000000
14259  15.979  -55.791  16.598 0.4000000060
13544  15.762  -56.425  17.874 0.5000000000
13556  15.009  -56.796  16.585 0.5000000000
12844  15.140  -56.784  19.089 0.3000000119
12862  14.990  -57.611  18.862 0.3000000119
12829  13.878  -58.070  19.786 0.3000000119
15135  28.168  -54.780  4.236 0.4000000060
16609  16.910  -52.991  11.003 0.5000000000
15776  16.269  -54.024  12.046 0.5000000000
15025  16.500  -54.582  13.679 0.4000000060
16627  17.275  -52.347  10.575 0.4000000060
15791  17.462  -53.361  11.704 0.4000000060
15775  17.104  -53.861  12.371 0.4000000060
15015  17.832  -54.232  14.669 0.4000000060
16626  18.225  -52.291  10.721 0.4000000060
15790  18.331  -53.162  11.843 0.4000000060
15774  17.797  -53.858  13.000 0.4000000060
16625  19.139  -52.226  10.897 0.4000000060
15752  18.337  -53.773  14.629 0.4000000060
15004  18.281  -53.797  15.361 0.4000000060
14996  17.597  -54.251  16.478 0.4000000060
137373  18.670  -53.232  12.500 0.4000000060
18399  19.081  -51.061  9.926 0.3000000119
15751  18.680  -53.230  15.111 0.4000000060
15739  18.463  -53.148  15.913 0.4000000060
16535  17.583  -52.777  16.833 0.4000000060
17523  19.650  -51.656  10.636 0.4000000060
16521  16.509  -53.127  17.565 0.4000000060
16536  16.394  -52.626  17.076 0.4000000060
17522  20.405  -51.367  10.974 0.3000000119
17500  20.271  -51.925  12.174 0.4000000060
16581  19.783  -52.186  13.590 0.4000000060
16551  19.061  -52.041  15.042 0.4000000060
16534  18.194  -52.564  16.267 0.4000000060
17452  17.022  -52.365  16.746 0.4000000060
17465  17.658  -51.635  15.695 0.3000000119
16719  15.229  -52.449  4.648 0.5000000000
15112  26.068  -54.470  6.375 0.6000000238
15886  28.689  -53.717  4.632 0.4000000060
15788  24.553  -53.962  11.550 0.6000000238
15803  29.522  -53.425  10.506 0.6999999881
16643  29.135  -51.887  9.495 0.6999999881
130254  32.449  -58.659  2.013 0.5000000000
129422  32.575  -57.157  2.660 0.5000000000
128161  31.971  -57.086  4.121 0.5000000000
137735  32.545  -56.538  3.284 0.4000000060
127502  32.268  -55.230  5.269 0.6000000238
13706  15.701  -57.105  4.450 0.5000000000
17559  23.170  -51.647  8.394 0.6999999881
15109  31.953  -53.870  6.149 0.6000000238
136806  17.630  -55.274  3.306 0.6000000238
17541  24.869  -51.602  9.384 0.6999999881
16661  26.942  -51.821  8.477 0.8000000119
16679  30.496  -52.849  7.771 0.6999999881
15869  13.416  -53.830  6.259 0.4000000060
127421  23.593  -51.500  7.708 0.6000000238
17575  25.175  -51.595  8.007 0.6000000238
16697  28.887  -52.752  7.168 0.6999999881
16680  29.244  -52.292  7.871 0.6999999881
14423  33.439  -55.676  2.359 0.5000000000
14432  33.694  -56.383  1.479 0.5000000000
120064  30.594  -52.852  7.045 0.6999999881
15873  31.904  -53.376  5.403 0.6000000238
135098  24.387  -52.311  6.752 0.6999999881
15850  25.758  -52.388  7.439 0.6999999881
15849  26.562  -52.935  7.237 0.6999999881
16712  29.891  -52.721  5.715 0.6000000238
137754  32.710  -53.747  4.091 0.6000000238
15146  33.107  -53.797  3.330 0.6000000238
16667  14.488  -52.729  8.495 0.5000000000
15820  13.996  -53.021  9.715 0.5000000000
15795  13.791  -53.904  10.829 0.4000000060
128642  25.424  -54.144  6.345 0.6000000238
15859  28.396  -53.382  6.555 0.6000000238
12198  13.927  -58.590  17.403 0.3000000119
16725  29.904  -52.399  4.071 0.4000000060
128705  15.560  -55.480  14.753 0.5000000000
12874  15.043  -57.661  17.933 0.4000000060
11541  14.049  -58.902  19.126 0.4000000060
16606  19.603  -52.375  11.628 0.4000000060
16593  19.239  -52.893  12.983 0.4000000060
7779  39.806  -66.017  10.334 0.3000000119
8466  39.353  -64.475  9.166 0.3000000119
11681  31.961  -59.858  8.365 0.4000000060
138880  33.492  -58.824  7.150 0.4000000060
11694  34.036  -59.804  8.061 0.4000000060
11092  34.502  -60.513  8.098 0.4000000060
121854  31.437  -59.831  6.581 0.4000000060
117976  30.432  -59.902  7.565 0.4000000060
11699  29.619  -59.706  7.823 0.4000000060
12319  29.420  -59.068  7.419 0.5000000000
12308  28.457  -58.795  8.516 0.5000000000
129592  28.250  -58.402  9.039 0.5000000000
13026  33.173  -58.020  5.497 0.4000000060
12335  32.745  -59.159  6.688 0.5000000000
11682  31.011  -59.982  7.821 0.5000000000
119127  27.977  -58.204  10.588 0.5000000000
12334  33.458  -58.173  6.445 0.5000000000
130453  33.141  -59.466  7.633 0.5000000000
13006  34.479  -57.536  6.657 0.5000000000
122732  34.078  -59.234  7.631 0.4000000060
12316  34.953  -58.942  7.447 0.4000000060
11091  34.985  -60.941  7.842 0.4000000060
11090  35.732  -60.675  7.384 0.4000000060
10422  36.384  -61.059  7.247 0.3000000119
10407  37.794  -61.998  7.497 0.4000000060
12352  32.660  -59.208  3.755 0.4000000060
11735  30.981  -59.419  5.439 0.4000000060
12336  30.506  -59.060  5.977 0.4000000060
13038  33.297  -58.366  4.184 0.4000000060
12347  32.047  -59.606  5.058 0.4000000060
11733  31.588  -59.652  5.253 0.4000000060
11720  30.667  -59.524  6.284 0.4000000060
12318  29.990  -58.908  6.670 0.5000000000
12988  28.917  -58.566  7.984 0.5000000000
119879  34.000  -57.457  3.912 0.4000000060
123128  32.589  -58.935  5.821 0.4000000060
11718  31.888  -59.777  6.009 0.4000000060
12986  30.245  -57.767  7.087 0.5000000000
12976  29.187  -57.689  8.218 0.5000000000
12967  28.391  -57.594  9.410 0.5000000000
13613  28.525  -56.832  10.134 0.6000000238
14324  29.114  -55.365  10.545 0.6000000238
13606  28.366  -56.211  11.634 0.6000000238
14335  30.458  -54.657  9.302 0.6000000238
132588  29.640  -55.297  9.890 0.6000000238
14316  28.514  -55.494  11.653 0.5000000000
11692  35.659  -59.601  7.233 0.4000000060
15785  27.687  -53.209  11.842 0.5000000000
11716  36.558  -60.112  6.728 0.4000000060
10434  36.618  -60.996  6.615 0.4000000060
10433  37.154  -61.651  6.572 0.4000000060
13047  31.509  -58.907  3.822 0.4000000060
13027  31.251  -58.016  5.101 0.5000000000
13007  31.072  -57.584  5.902 0.5000000000
13657  30.751  -56.749  7.606 0.5000000000
13641  29.629  -56.771  8.643 0.5000000000
13656  31.284  -56.143  7.171 0.5000000000
13626  29.272  -56.341  9.346 0.6000000238
14345  30.780  -55.301  8.621 0.6000000238
14346  30.055  -55.786  9.057 0.6000000238
130923  39.545  -67.006  10.447 0.3000000119
118928  39.931  -64.009  7.480 0.3000000119
9205  39.013  -62.710  3.671 0.3000000119
13045  33.808  -58.378  3.129 0.4000000060
12356  33.570  -58.955  2.369 0.4000000060
11745  32.960  -59.457  2.430 0.4000000060
11741  31.937  -59.456  3.530 0.4000000060
135619  32.018  -58.706  2.562 0.4000000060
13039  31.581  -57.941  3.837 0.4000000060
13677  31.468  -56.534  6.318 0.5000000000
128344  28.848  -54.877  11.266 0.6000000238
15042  28.262  -54.806  12.061 0.5000000000
12358  32.293  -59.074  2.385 0.4000000060
11719  31.198  -59.861  6.003 0.4000000060
119305  28.307  -56.819  10.934 0.5000000000
140834  38.202  -63.037  4.447 0.3000000119
128574  32.315  -59.403  3.612 0.4000000060
13028  30.767  -58.654  5.500 0.5000000000
12975  30.036  -57.288  7.933 0.5000000000
13640  30.451  -56.287  8.333 0.6000000238
15901  26.160  -53.699  3.287 0.3000000119
9806  38.518  -62.508  3.888 0.3000000119
10447  37.939  -62.308  4.644 0.3000000119
11693  34.773  -60.148  7.715 0.4000000060
11696  31.561  -59.867  7.369 0.4000000060
11697  30.914  -59.852  6.883 0.4000000060
11698  30.135  -59.589  7.038 0.4000000060
11717  32.107  -59.657  7.026 0.5000000000
11734  31.527  -59.350  4.578 0.4000000060
11740  31.908  -59.566  4.396 0.4000000060
11742  32.846  -59.448  3.007 0.4000000060
11743  32.546  -59.460  2.934 0.4000000060
11744  32.233  -59.361  2.797 0.4000000060
11746  32.682  -59.381  2.384 0.4000000060
12297  28.105  -59.058  9.101 0.5000000000
12315  35.821  -58.449  7.223 0.4000000060
12317  34.247  -58.349  7.181 0.4000000060
12346  32.596  -59.070  4.759 0.4000000060
12348  31.113  -58.954  4.751 0.4000000060
12353  32.208  -59.482  4.285 0.4000000060
12354  33.262  -59.137  3.129 0.4000000060
12355  31.824  -59.098  2.946 0.4000000060
12357  33.291  -59.237  2.009 0.4000000060
12861  15.435  -57.013  18.339 0.3000000119
12875  14.497  -58.054  17.452 0.4000000060
12956  28.177  -57.572  10.291 0.5000000000
12977  28.607  -58.034  8.637 0.5000000000
12985  30.935  -57.173  6.769 0.5000000000
12987  29.534  -58.275  7.477 0.5000000000
13008  30.520  -58.236  6.272 0.5000000000
13029  17.344  -57.470  4.754 0.5000000000
13030  16.707  -57.841  4.852 0.5000000000
13040  31.355  -58.331  4.392 0.5000000000
13046  31.757  -58.401  3.108 0.4000000060
13048  26.311  -57.588  2.357 0.5000000000
13049  25.902  -57.521  2.388 0.5000000000
13051  32.153  -58.064  2.523 0.5000000000
13055  26.325  -57.473  1.907 0.5000000000
13545  15.336  -57.003  17.457 0.5000000000
13555  15.600  -56.355  17.010 0.4000000060
13627  28.745  -56.806  9.522 0.6000000238
13628  21.591  -55.842  9.320 0.5000000000
13642  28.858  -57.165  8.902 0.5000000000
13659  20.025  -56.332  6.687 0.6000000238
13678  19.299  -56.409  6.021 0.6000000238
13692  18.623  -56.688  5.192 0.5000000000
13698  31.647  -57.441  4.624 0.5000000000
13699  26.697  -57.262  3.908 0.5000000000
13701  24.486  -56.911  3.597 0.5000000000
13705  16.715  -56.888  4.150 0.5000000000
13713  26.076  -57.696  3.019 0.5000000000
13715  17.259  -56.521  3.966 0.5000000000
13717  16.226  -56.293  3.892 0.5000000000
13719  33.137  -56.833  2.089 0.5000000000
13720  26.704  -57.478  1.998 0.4000000060
13721  26.104  -57.378  1.931 0.5000000000
13722  25.709  -57.276  2.295 0.5000000000
14270  15.026  -55.973  15.221 0.5000000000
14294  14.674  -55.448  13.267 0.5000000000
14325  28.659  -55.964  10.877 0.6000000238
14336  28.971  -56.111  10.043 0.6000000238
14337  22.233  -55.383  9.756 0.6000000238
14344  31.303  -54.840  8.191 0.6000000238
14348  21.293  -55.795  8.530 0.6000000238
14359  31.086  -55.752  7.949 0.5000000000
14385  31.992  -55.906  5.814 0.6000000238
14388  24.456  -56.231  5.174 0.6000000238
14390  18.612  -56.021  4.747 0.6000000238
14402  17.986  -55.741  4.025 0.6000000238
14404  15.303  -56.133  4.244 0.5000000000
14408  33.083  -55.031  3.088 0.6000000238
14412  25.483  -56.978  2.306 0.6000000238
14414  23.759  -56.374  3.542 0.6000000238
14415  22.981  -56.221  3.306 0.6000000238
14416  22.657  -55.939  2.962 0.6000000238
14417  18.007  -54.973  3.421 0.6000000238
14418  17.219  -55.653  3.331 0.6000000238
14419  16.543  -55.569  3.320 0.5000000000
14420  15.728  -55.425  3.830 0.6000000238
14434  26.971  -56.773  0.919 0.4000000060
14988  17.286  -54.001  17.335 0.4000000060
15024  17.200  -54.193  13.261 0.4000000060
15026  15.795  -54.896  13.640 0.5000000000
15027  15.344  -55.046  13.282 0.5000000000
15034  16.407  -54.277  12.771 0.4000000060
15043  27.985  -53.949  12.004 0.5000000000
15046  15.663  -54.388  12.266 0.4000000060
15055  29.361  -54.491  10.573 0.6000000238
15098  31.534  -54.392  7.728 0.6000000238
15099  20.708  -54.960  7.589 0.6999999881
15110  31.777  -54.371  6.949 0.6000000238
15116  18.555  -54.300  5.593 0.6999999881
15129  14.081  -54.215  5.210 0.5000000000
15134  32.472  -54.215  4.646 0.6000000238
15137  22.576  -55.890  3.930 0.6000000238
15141  15.224  -54.553  4.107 0.6000000238
15149  27.797  -55.879  3.795 0.5000000000
15154  17.354  -54.820  2.786 0.6000000238
15161  28.394  -55.378  2.099 0.5000000000
15720  17.197  -53.277  17.380 0.4000000060
15729  18.100  -53.113  16.490 0.4000000060
15730  17.714  -53.492  16.869 0.4000000060
15740  18.089  -53.712  16.170 0.4000000060
15763  18.692  -53.371  14.242 0.4000000060
15764  18.011  -53.972  13.843 0.4000000060
15771  27.283  -53.785  12.293 0.5000000000
15772  25.943  -53.865  12.533 0.6000000238
15773  18.561  -53.448  13.250 0.4000000060
15784  28.366  -53.388  11.531 0.6999999881
15787  25.412  -53.471  11.897 0.6000000238
15792  16.553  -53.558  11.556 0.5000000000
15804  28.877  -52.755  10.950 0.6999999881
15809  14.170  -53.291  10.469 0.4000000060
15818  30.015  -53.160  9.800 0.6999999881
15822  12.842  -54.138  9.479 0.4000000060
15829  30.719  -53.290  8.432 0.6999999881
15834  13.462  -53.658  8.244 0.4000000060
15846  31.450  -53.722  7.508 0.6000000238
15848  27.167  -53.170  7.049 0.6000000238
15852  14.752  -53.226  6.352 0.5000000000
15853  14.208  -53.583  6.880 0.5000000000
15854  13.523  -53.868  7.239 0.4000000060
15858  31.538  -53.458  6.751 0.6000000238
15865  18.990  -52.933  6.590 0.6999999881
15868  14.096  -53.522  5.915 0.5000000000
15874  31.592  -53.237  6.079 0.6000000238
15878  22.578  -54.172  4.973 0.6000000238
15889  20.619  -53.053  3.063 0.6999999881
15891  15.059  -53.020  4.339 0.5000000000
15892  14.836  -53.826  4.641 0.6000000238
15896  32.554  -52.980  3.787 0.4000000060
15898  28.653  -54.003  3.654 0.4000000060
15900  26.668  -53.750  2.829 0.3000000119
15922  16.899  -52.963  2.072 0.6000000238
16537  15.752  -52.578  16.672 0.4000000060
16552  18.658  -52.430  15.550 0.4000000060
16553  16.292  -52.275  16.378 0.4000000060
16569  19.431  -52.137  14.446 0.4000000060
16570  19.017  -52.667  14.759 0.4000000060
16582  19.217  -52.832  13.908 0.4000000060
16592  19.751  -52.410  12.571 0.4000000060
16602  27.305  -52.533  11.550 0.6000000238
16603  26.507  -52.559  11.569 0.6000000238
16604  25.740  -52.705  11.466 0.6000000238
16607  18.724  -52.685  11.363 0.4000000060
16608  17.831  -52.853  11.167 0.4000000060
16620  27.991  -51.682  10.415 0.6999999881
16622  25.348  -52.163  10.871 0.6000000238
16624  23.942  -52.688  10.220 0.5000000000
16628  16.285  -52.361  10.445 0.5000000000
16642  29.813  -52.462  9.294 0.6999999881
16646  22.929  -52.615  9.499 0.6999999881
16647  15.188  -51.757  9.334 0.5000000000
16659  28.763  -51.987  8.316 0.8000000119
16662  25.997  -51.767  8.263 0.6000000238
16665  20.749  -52.741  8.114 0.6999999881
16666  15.045  -52.201  8.571 0.5000000000
16681  28.365  -52.367  7.744 0.6999999881
16694  31.098  -52.901  6.424 0.6000000238
16702  20.238  -51.815  6.668 0.8000000119
16704  18.798  -52.445  5.876 0.6999999881
16709  31.679  -52.839  4.894 0.6000000238
16714  22.169  -52.240  5.621 0.8000000119
16724  30.645  -52.132  4.003 0.4000000060
16733  15.361  -52.509  3.845 0.5000000000
16744  27.111  -52.765  2.973 0.3000000119
16765  20.734  -52.556  1.138 0.6000000238
16767  18.142  -52.803  1.876 0.6999999881
16779  27.418  -52.210  1.831 0.4000000060
16783  19.314  -51.981  1.136 0.6000000238
17450  18.208  -51.999  15.936 0.4000000060
17451  17.643  -52.184  16.300 0.4000000060
17509  26.850  -51.961  11.126 0.6000000238
17511  20.155  -51.870  11.356 0.3000000119
17518  27.190  -51.635  10.527 0.6000000238
17521  25.102  -51.747  10.185 0.6999999881
17524  18.660  -51.703  10.312 0.3000000119
17525  17.682  -51.716  10.156 0.4000000060
17527  15.708  -51.757  9.853 0.6000000238
17539  27.478  -51.469  9.860 0.6999999881
17540  26.745  -51.472  10.017 0.6000000238
17546  15.776  -51.444  9.279 0.6000000238
17555  27.712  -51.559  9.094 0.8000000119
17557  25.432  -51.496  8.832 0.6999999881
17561  21.600  -51.656  7.606 0.6999999881
17576  24.367  -51.511  7.832 0.6000000238
17577  22.804  -51.505  7.555 0.8000000119
17579  20.972  -51.638  7.128 0.6999999881
17580  16.312  -51.538  7.093 0.6000000238
17587  24.042  -51.704  7.144 0.6999999881
17589  21.914  -51.604  6.278 0.6999999881
17597  20.021  -51.814  5.816 0.8000000119
17598  15.976  -51.754  4.794 0.5000000000
17599  15.553  -52.014  3.991 0.5000000000
17605  27.396  -51.159  4.046 0.4000000060
17619  27.067  -51.950  3.561 0.3000000119
17624  16.408  -50.632  2.349 0.6999999881
17630  27.715  -51.757  2.565 0.3000000119
17632  21.131  -52.286  1.005 0.5000000000
17634  17.865  -50.934  1.652 0.5000000000
17639  27.861  -51.266  2.038 0.5000000000
17642  24.445  -51.300  0.160 0.4000000060
17643  19.754  -51.360  0.998 0.6000000238
17652  24.621  -51.838  -0.242 0.3000000119
18398  20.043  -50.804  10.340 0.4000000060
18411  18.477  -50.443  9.531 0.4000000060
18412  17.605  -50.278  9.202 0.5000000000
18420  17.193  -49.970  8.544 0.5000000000
18429  16.702  -50.671  7.585 0.6000000238
18446  24.632  -50.267  5.189 0.4000000060
18449  16.649  -51.064  5.388 0.6999999881
18457  16.937  -49.978  3.362 0.4000000060
18464  21.253  -50.845  1.861 0.4000000060
18466  16.882  -50.085  2.443 0.5000000000
18467  16.327  -50.390  2.815 0.6000000238
18473  20.976  -51.372  1.042 0.4000000060
18475  18.903  -49.820  1.425 0.5000000000
18476  18.024  -50.058  1.755 0.5000000000
18481  27.046  -50.758  1.405 0.4000000060
18485  19.212  -50.653  1.110 0.5000000000
19220  20.322  -49.158  9.714 0.4000000060
19221  19.437  -49.399  9.383 0.4000000060
19222  18.186  -49.102  8.432 0.5000000000
19244  17.601  -49.237  7.323 0.5000000000
19256  18.091  -48.936  5.800 0.5000000000
19287  20.538  -48.885  3.321 0.3000000119
19288  18.343  -49.083  3.478 0.4000000060
19297  20.197  -49.170  2.487 0.3000000119
19312  18.988  -49.057  1.896 0.3000000119
19314  17.556  -49.889  2.133 0.4000000060
19339  23.537  -50.214  -0.139 0.3000000119
20043  18.882  -48.872  8.692 0.4000000060
20053  20.140  -48.021  8.558 0.4000000060
20054  19.380  -47.859  7.771 0.4000000060
20068  17.904  -48.573  7.373 0.5000000000
20083  18.322  -48.317  6.337 0.5000000000
20096  20.858  -48.138  5.035 0.4000000060
20097  19.494  -48.077  5.589 0.4000000060
20110  19.043  -48.432  3.811 0.4000000060
20882  20.709  -47.529  7.475 0.3000000119
20892  21.565  -47.865  6.275 0.4000000060
20894  19.555  -47.710  6.470 0.4000000060
117506  29.861  -52.410  8.010 0.6999999881
119102  24.203  -50.693  4.602 0.4000000060
119205  32.371  -56.380  3.943 0.4000000060
119936  29.880  -52.635  7.281 0.6999999881
120371  34.221  -58.286  2.300 0.4000000060
121205  17.308  -50.372  5.895 0.5000000000
122599  15.397  -52.818  6.789 0.5000000000
123265  30.302  -52.145  3.437 0.4000000060
123435  22.422  -51.442  6.902 0.6000000238
123934  19.100  -52.875  12.115 0.4000000060
124254  17.452  -49.682  4.288 0.4000000060
124775  16.209  -51.114  8.852 0.6000000238
125057  26.264  -53.853  0.723 0.4000000060
126537  30.771  -53.863  8.922 0.6999999881
127256  18.761  -52.332  1.577 0.8000000119
127297  27.304  -57.199  2.278 0.5000000000
128010  21.656  -54.330  8.775 0.6999999881
128736  33.157  -59.371  2.521 0.4000000060
129164  23.908  -51.501  8.347 0.6000000238
129306  19.462  -48.243  4.663 0.4000000060
129307  24.156  -56.283  3.390 0.6000000238
129722  31.606  -56.949  5.447 0.5000000000
130149  14.401  -58.180  19.359 0.3000000119
131921  17.950  -51.945  1.665 0.6000000238
132267  28.482  -54.163  11.600 0.5000000000
132366  17.009  -52.746  17.266 0.4000000060
132769  21.600  -52.340  8.385 0.6999999881
133180  18.010  -53.549  12.413 0.4000000060
134758  20.233  -54.116  7.471 0.6999999881
134824  20.828  -52.839  4.185 0.6999999881
134958  18.250  -53.032  4.329 0.6999999881
134999  38.732  -63.341  4.110 0.3000000119
136706  17.153  -57.158  4.356 0.5000000000
137072  22.150  -51.475  7.382 0.8000000119
137103  19.694  -52.108  11.088 0.4000000060
137277  24.407  -53.635  3.181 0.4000000060
138152  23.360  -52.863  9.986 0.5000000000
138453  26.421  -56.088  5.472 0.6000000238
140465  32.350  -54.738  4.932 0.6000000238
140747  32.193  -53.758  5.010 0.6000000238
140947  22.751  -49.029  5.216 0.3000000119
141302  14.948  -51.986  9.858 0.5000000000
142253  28.313  -52.149  10.872 0.6999999881
