#!ascii label  , from subject sub_0001 vox2ras=TkReg
1734
24056  23.797  -43.495  10.657 0.8999999762
23237  24.256  -44.123  10.286 0.8000000119
24075  24.965  -44.064  10.098 0.8000000119
22450  24.351  -45.334  9.516 0.6999999881
22464  25.533  -45.779  8.878 0.8000000119
24041  22.699  -43.173  11.901 0.8999999762
24074  25.624  -43.583  9.924 1.0000000000
24073  26.473  -43.354  9.553 1.0000000000
23249  26.250  -44.170  9.426 0.8999999762
22448  25.950  -44.990  9.135 0.8000000119
22463  26.566  -45.665  8.656 0.8000000119
22462  27.519  -45.179  8.389 0.8999999762
21677  25.895  -46.430  8.442 0.8000000119
20876  26.988  -47.345  7.702 0.6999999881
20877  26.058  -47.594  7.660 0.6999999881
24929  21.975  -42.849  12.395 0.8000000119
24942  23.283  -42.723  11.156 0.8999999762
25841  22.987  -41.726  11.169 0.8999999762
24944  21.415  -42.127  12.198 0.8999999762
24057  19.625  -43.360  11.204 0.8999999762
24956  25.358  -42.673  10.137 0.8999999762
23261  26.828  -44.696  8.899 0.8999999762
24100  28.098  -43.779  7.909 1.0000000000
23266  28.174  -44.724  7.923 0.8999999762
22473  28.142  -45.723  7.720 0.8999999762
21686  27.613  -46.567  7.737 0.8000000119
20063  27.457  -47.915  7.032 0.6999999881
25853  24.274  -41.477  10.540 0.8999999762
25854  23.484  -41.216  10.806 0.8999999762
25843  21.591  -41.450  11.677 0.8999999762
24959  20.309  -42.050  11.397 0.8999999762
24960  19.872  -42.613  10.760 0.8999999762
24957  24.528  -42.340  10.424 0.8999999762
24973  26.008  -42.159  9.893 0.8999999762
24072  27.551  -43.355  8.534 1.0000000000
22472  28.655  -45.893  6.947 0.8000000119
21685  28.309  -46.561  7.190 0.8000000119
20900  28.483  -47.532  6.066 0.8000000119
20909  28.425  -47.636  5.161 0.8000000119
129598  28.293  -48.168  5.560 0.8000000119
20916  28.276  -47.825  4.250 0.8000000119
26698  21.807  -40.798  11.217 0.8999999762
24975  19.597  -42.326  9.818 0.8999999762
24988  19.030  -42.243  9.055 0.8999999762
135877  24.677  -40.765  10.391 0.8999999762
25868  20.109  -41.593  9.515 0.8999999762
25869  19.677  -41.828  8.901 0.8000000119
135398  18.204  -42.177  8.760 0.8000000119
25852  25.199  -41.655  10.186 0.8999999762
25882  20.332  -41.440  8.386 0.6999999881
25884  18.766  -41.786  8.130 0.6999999881
24997  18.280  -41.746  7.197 0.6999999881
25866  26.682  -41.711  9.488 0.8999999762
25896  19.380  -41.711  7.050 0.6999999881
25912  18.218  -42.149  6.568 0.6999999881
25880  27.324  -41.741  8.917 1.0000000000
25926  19.876  -42.879  5.496 0.6000000238
24987  27.490  -42.500  8.673 1.0000000000
24996  28.003  -42.739  7.806 1.0000000000
23265  28.547  -44.229  7.255 1.0000000000
123652  28.605  -45.099  7.221 0.8999999762
24099  28.474  -43.362  7.176 1.0000000000
23279  28.925  -44.291  5.708 0.8999999762
134794  28.774  -45.320  6.546 0.8000000119
22481  28.727  -45.880  6.080 0.8000000119
21701  28.622  -46.665  5.439 0.8000000119
125663  28.381  -47.018  4.532 0.8000000119
141194  28.179  -47.197  4.035 0.8000000119
20917  27.885  -47.387  3.603 0.8000000119
129606  27.369  -46.059  3.457 0.8000000119
21718  26.175  -46.621  2.625 0.8000000119
25842  22.654  -40.890  11.020 0.8999999762
136517  20.568  -41.432  11.148 0.8999999762
26712  23.168  -40.279  10.636 0.8999999762
26714  21.345  -40.430  10.648 0.8999999762
25856  20.585  -40.966  10.367 0.8999999762
26727  20.626  -40.918  9.075 0.8999999762
26710  25.530  -40.729  10.037 0.8999999762
25883  19.881  -41.664  7.897 0.6999999881
26724  26.446  -40.701  9.565 0.8999999762
125517  20.557  -41.834  6.805 0.6000000238
25910  20.224  -42.292  6.142 0.6000000238
26739  27.449  -41.050  8.492 1.0000000000
25019  20.337  -43.242  4.653 0.5000000000
25894  27.728  -41.802  8.124 1.0000000000
25047  20.223  -42.954  3.873 0.5000000000
25893  28.296  -41.760  7.203 1.0000000000
24995  28.458  -42.611  7.014 1.0000000000
24108  28.750  -43.019  6.411 1.0000000000
119648  28.801  -43.824  6.483 1.0000000000
23286  28.883  -43.982  4.864 0.8999999762
22487  28.655  -45.649  5.180 0.8000000119
23295  28.457  -44.471  4.036 0.8999999762
22493  28.360  -45.302  4.383 0.8000000119
21708  28.377  -46.162  4.521 0.8000000119
138164  27.763  -43.874  2.818 0.8999999762
22502  27.979  -45.072  3.752 0.8000000119
23302  27.091  -44.197  2.633 0.8999999762
22504  26.638  -45.831  2.949 0.8000000119
122871  25.714  -45.911  2.521 0.8000000119
126117  24.725  -44.825  2.103 0.8000000119
125593  24.943  -45.962  2.178 0.8000000119
136518  21.411  -39.792  9.335 0.8999999762
26725  24.934  -39.949  10.227 0.8999999762
27616  24.231  -39.268  10.145 0.8999999762
141322  21.027  -41.022  7.877 0.6999999881
130578  20.864  -41.576  7.363 0.8000000119
27637  26.552  -39.779  9.285 0.8999999762
27614  25.919  -39.158  9.451 0.8999999762
141861  21.513  -41.945  6.584 0.6999999881
25909  21.351  -42.355  6.022 0.6000000238
25925  20.902  -42.867  5.359 0.6000000238
25908  22.323  -42.053  6.019 0.6999999881
25924  21.705  -42.422  5.403 0.6000000238
25018  21.075  -42.832  4.653 0.5000000000
26752  27.911  -40.985  7.730 1.0000000000
25945  20.842  -42.375  4.065 0.5000000000
25956  19.947  -41.936  3.408 0.5000000000
26751  28.296  -40.748  6.925 1.0000000000
25006  28.649  -42.194  6.354 1.0000000000
25922  28.842  -41.820  5.536 1.0000000000
25017  28.942  -42.666  5.618 1.0000000000
117600  28.814  -43.616  4.057 0.8999999762
26779  28.795  -40.952  5.415 1.0000000000
117997  28.973  -41.989  3.958 0.8999999762
25046  29.017  -42.827  4.018 0.8999999762
24138  28.323  -43.844  3.349 0.8999999762
24137  28.653  -43.215  3.450 0.8999999762
24149  27.328  -43.492  2.254 0.8999999762
24150  26.614  -43.891  2.265 0.8999999762
23303  26.320  -44.428  2.446 0.8999999762
25057  27.774  -42.825  2.108 0.8999999762
24159  26.518  -43.404  1.763 0.8999999762
23304  25.451  -44.571  2.224 0.8999999762
25069  26.307  -42.644  1.178 0.8999999762
27601  23.340  -39.437  10.243 0.8999999762
27603  21.675  -39.816  10.124 0.8999999762
27639  21.625  -39.718  8.442 0.8999999762
27617  21.971  -39.304  9.472 0.8999999762
128868  21.863  -40.580  7.331 0.8000000119
28580  24.380  -38.555  9.688 0.8999999762
25895  21.840  -41.541  6.827 0.6999999881
119395  27.459  -40.296  8.056 0.8999999762
137869  26.483  -39.139  8.986 0.8999999762
26763  22.890  -41.378  6.297 0.6999999881
27697  23.467  -40.736  5.157 0.6999999881
25944  21.632  -42.020  4.765 0.5000000000
27656  27.859  -40.287  7.393 1.0000000000
26797  20.651  -41.424  4.060 0.5000000000
26761  28.636  -40.275  6.065 1.0000000000
27695  28.724  -39.409  5.405 1.0000000000
123403  28.749  -40.213  5.196 1.0000000000
25943  28.904  -41.483  4.700 1.0000000000
26794  28.807  -40.659  4.577 1.0000000000
27708  28.775  -39.779  4.452 1.0000000000
26818  28.672  -40.824  3.103 0.8999999762
25966  28.247  -42.209  2.424 0.8999999762
25977  27.483  -41.671  1.288 0.8999999762
24177  24.187  -43.785  -0.743 0.6999999881
24189  23.597  -43.028  -0.810 0.8000000119
24178  22.775  -43.849  -0.528 0.8000000119
25087  22.197  -42.686  -0.315 0.8000000119
28579  25.295  -38.498  9.450 0.8999999762
28601  24.574  -37.864  9.235 1.0000000000
28602  23.593  -38.048  9.229 1.0000000000
121926  22.378  -38.427  8.189 1.0000000000
27658  22.336  -38.997  7.453 0.6999999881
26762  23.010  -40.522  6.493 0.6999999881
27636  27.049  -39.532  8.487 0.8999999762
28599  26.701  -38.734  8.537 0.8999999762
26780  23.531  -40.810  5.699 0.6999999881
26796  21.623  -40.999  4.536 0.6000000238
27676  28.134  -39.890  6.809 1.0000000000
27657  27.607  -39.502  7.551 0.8999999762
28598  27.228  -38.895  8.037 0.8999999762
26809  19.423  -40.706  3.386 0.4000000060
125019  28.449  -39.442  6.219 1.0000000000
27723  28.750  -39.677  3.558 1.0000000000
26827  28.505  -40.325  2.318 1.0000000000
27732  28.650  -39.573  2.792 1.0000000000
25982  21.952  -41.768  0.728 0.8999999762
24186  26.258  -42.882  -1.771 0.6000000238
24188  24.672  -43.078  -1.190 0.6000000238
138769  24.157  -42.548  -1.331 0.8000000119
25097  23.196  -42.240  -1.060 0.8000000119
24179  21.749  -43.421  0.168 0.8999999762
119567  21.665  -42.509  0.414 0.8999999762
124248  26.349  -37.983  8.617 0.8999999762
28600  25.521  -37.871  8.987 0.8999999762
126953  22.867  -39.062  6.485 0.8000000119
27678  23.599  -40.063  5.949 0.6999999881
27696  23.735  -40.143  5.218 0.6999999881
28667  22.318  -39.244  4.656 0.6000000238
28669  19.586  -38.982  3.908 0.4000000060
27677  28.090  -39.033  6.804 1.0000000000
28614  27.610  -38.455  7.434 0.8999999762
28630  28.498  -38.588  6.017 1.0000000000
28651  28.762  -38.535  5.107 1.0000000000
127448  28.840  -39.036  4.651 1.0000000000
28682  28.880  -38.496  3.448 1.0000000000
28692  28.683  -38.745  2.542 1.0000000000
120327  23.596  -42.017  0.911 0.8999999762
123601  23.086  -40.319  0.473 0.8999999762
25991  22.435  -41.037  0.689 0.8999999762
26001  21.789  -41.505  -0.103 0.8999999762
25077  21.602  -41.975  0.189 0.8999999762
26019  27.803  -41.639  -2.444 0.6000000238
25103  26.998  -42.207  -2.358 0.6000000238
25095  25.770  -42.435  -1.988 0.6000000238
25106  25.113  -41.955  -2.086 0.8000000119
26012  24.060  -41.878  -1.734 0.8000000119
133986  21.592  -42.087  0.043 0.8999999762
29443  24.843  -37.198  8.773 0.8999999762
29444  23.790  -37.307  8.764 0.8999999762
28616  22.494  -38.271  7.325 0.6999999881
29455  24.096  -36.579  8.372 0.8999999762
29456  23.115  -36.838  7.964 0.8999999762
28632  23.508  -39.212  5.378 0.6000000238
28615  27.053  -38.190  8.143 1.0000000000
29454  27.050  -37.011  7.483 1.0000000000
29441  26.668  -37.428  8.111 1.0000000000
29487  23.422  -38.313  4.699 0.6000000238
28666  23.345  -38.827  4.650 0.6000000238
140109  22.846  -38.256  4.427 0.5000000000
28631  28.132  -38.258  6.757 1.0000000000
130940  28.017  -37.055  6.468 1.0000000000
29486  28.617  -37.751  5.390 1.0000000000
140744  28.762  -38.041  4.820 1.0000000000
127333  29.005  -37.881  3.731 1.0000000000
29530  29.112  -37.817  2.823 1.0000000000
136522  29.145  -37.320  2.043 1.0000000000
29541  28.298  -38.024  0.874 1.0000000000
27742  28.021  -39.463  1.134 1.0000000000
28702  27.788  -38.783  0.674 1.0000000000
27747  27.369  -39.504  0.445 1.0000000000
28708  26.401  -38.958  -0.269 1.0000000000
27749  25.828  -39.586  -0.194 0.8999999762
26837  26.698  -40.227  0.223 0.8999999762
25990  23.689  -41.171  0.706 0.8999999762
26847  22.241  -40.643  -0.106 0.8999999762
139098  22.142  -41.054  -0.783 0.8999999762
26861  29.264  -40.414  -3.193 0.6000000238
26862  28.161  -41.109  -2.664 0.6000000238
26020  27.235  -41.784  -2.503 0.6000000238
25104  26.644  -41.868  -2.472 0.6000000238
26022  24.454  -41.403  -2.234 0.8000000119
26023  23.518  -41.141  -1.923 0.8000000119
30314  25.164  -36.504  8.357 0.8999999762
30323  23.504  -36.119  7.666 0.6999999881
124558  22.858  -38.232  6.269 0.6000000238
29469  23.378  -38.133  5.334 0.6000000238
30320  26.880  -36.171  7.390 0.8999999762
30378  23.582  -37.104  4.187 0.6000000238
29501  23.293  -37.761  4.362 0.5000000000
29468  27.749  -37.548  7.016 1.0000000000
129633  28.390  -36.989  5.859 1.0000000000
30337  28.138  -36.342  6.349 0.8999999762
126259  28.773  -36.889  5.127 1.0000000000
29500  28.896  -37.520  4.480 1.0000000000
29518  29.169  -37.165  3.571 1.0000000000
29529  29.307  -36.885  2.667 1.0000000000
30405  29.198  -36.587  1.823 1.0000000000
127006  28.751  -37.160  1.199 1.0000000000
29549  27.534  -38.054  0.128 1.0000000000
28707  27.130  -38.845  -0.013 1.0000000000
28709  25.621  -38.673  -0.390 1.0000000000
119046  24.764  -39.228  -0.294 0.8999999762
27750  23.932  -39.741  0.075 0.8999999762
125304  22.584  -40.149  0.051 0.8999999762
27768  22.172  -39.022  -1.345 0.8999999762
27777  28.977  -40.212  -3.267 0.6000000238
119701  27.679  -40.730  -2.698 0.6000000238
27779  26.706  -40.355  -2.592 0.6000000238
138908  26.186  -40.710  -2.622 0.6999999881
27781  24.956  -39.509  -2.920 0.6999999881
26865  24.009  -40.638  -2.319 0.6999999881
26866  22.667  -40.669  -1.418 0.8000000119
27784  22.501  -39.650  -1.651 0.8999999762
27797  29.971  -39.740  -4.259 0.6000000238
27782  24.170  -39.303  -3.034 0.6999999881
27783  23.444  -39.624  -2.413 0.8000000119
124515  22.263  -38.822  -2.420 0.8999999762
30325  22.908  -37.391  6.173 0.6999999881
30364  23.813  -36.362  4.393 0.6000000238
125873  26.173  -35.786  7.713 0.8999999762
30322  25.369  -35.856  7.922 0.8000000119
125887  23.854  -35.530  7.550 0.6999999881
30338  27.547  -36.653  6.888 0.8999999762
30363  28.592  -36.167  5.558 1.0000000000
31188  28.309  -35.481  6.209 0.8000000119
31209  28.667  -35.263  5.413 0.8999999762
139087  28.836  -36.359  4.975 1.0000000000
30377  29.021  -36.533  4.341 1.0000000000
30394  29.252  -36.274  3.363 1.0000000000
30404  29.326  -36.021  2.449 1.0000000000
30414  29.225  -35.861  1.714 1.0000000000
141195  28.453  -36.688  0.716 1.0000000000
30416  28.008  -37.133  0.337 1.0000000000
122805  27.105  -37.282  -0.270 1.0000000000
29550  26.561  -38.144  -0.336 1.0000000000
117832  24.477  -38.281  -0.469 0.8999999762
118891  23.679  -39.026  -0.327 0.8999999762
27751  23.047  -39.593  -0.012 0.8999999762
28723  21.850  -38.377  -1.750 0.8999999762
119734  27.316  -39.909  -2.543 0.6000000238
28733  25.286  -38.951  -3.077 0.6999999881
122684  21.950  -38.823  -1.857 0.8999999762
28741  29.590  -39.275  -4.209 0.6000000238
27791  23.307  -38.681  -3.104 0.6999999881
30339  23.355  -35.632  6.862 0.6999999881
30340  23.477  -36.044  5.582 0.6000000238
31178  25.584  -35.023  7.724 0.8000000119
31179  24.565  -35.238  7.737 0.8000000119
31190  23.847  -34.850  7.129 0.6999999881
32047  27.220  -34.674  7.157 0.6999999881
31177  26.657  -35.302  7.453 0.8000000119
32055  28.427  -34.544  6.041 0.6999999881
130993  28.772  -34.568  5.259 0.6999999881
32102  29.346  -34.366  4.046 0.8000000119
32117  29.428  -34.617  3.410 0.8000000119
31247  29.418  -35.330  3.118 0.8000000119
32127  29.457  -34.512  2.738 0.8000000119
31257  29.368  -35.144  2.103 0.8999999762
31269  28.901  -35.319  1.350 1.0000000000
30424  28.150  -36.233  0.376 1.0000000000
125180  26.277  -37.338  -0.487 1.0000000000
30427  25.518  -36.869  -0.720 1.0000000000
31279  27.621  -35.514  0.040 1.0000000000
30425  27.419  -36.396  -0.206 1.0000000000
29551  25.558  -37.797  -0.520 1.0000000000
29552  24.770  -37.470  -0.667 1.0000000000
29561  23.787  -37.535  -0.667 0.8999999762
30435  23.358  -36.884  -0.985 0.8999999762
28710  22.854  -38.954  -0.448 0.8999999762
29563  22.165  -37.752  -1.405 0.8999999762
138340  29.078  -38.830  -3.334 0.6000000238
27778  28.261  -39.936  -2.802 0.6000000238
28732  26.380  -39.280  -2.632 0.6999999881
136199  22.319  -38.327  -2.829 0.8999999762
28743  24.787  -38.145  -3.413 0.6999999881
28734  24.428  -38.754  -3.352 0.6999999881
127242  22.971  -37.980  -3.324 0.8999999762
29593  23.041  -37.344  -3.079 0.8999999762
32049  25.415  -34.266  7.487 0.6999999881
32050  24.700  -34.501  7.476 0.6000000238
32059  24.228  -34.129  6.984 0.6000000238
31210  23.709  -35.710  4.894 0.6000000238
33027  25.734  -33.663  7.325 0.6000000238
32056  27.761  -33.971  6.708 0.6999999881
32079  28.674  -33.898  5.484 0.6999999881
32103  29.072  -34.112  4.773 0.6999999881
33092  29.476  -33.838  3.348 0.8000000119
33102  29.360  -33.744  2.461 0.8000000119
125808  28.992  -33.748  1.764 0.8000000119
32140  28.976  -34.556  1.592 0.8000000119
31278  28.317  -35.442  0.683 1.0000000000
32148  28.438  -34.664  1.004 0.8000000119
31280  26.697  -35.581  -0.471 1.0000000000
30426  26.517  -36.590  -0.504 1.0000000000
31282  24.979  -35.919  -0.941 1.0000000000
32151  26.220  -34.563  -0.472 1.0000000000
31281  25.720  -35.260  -0.768 1.0000000000
31290  24.255  -35.237  -1.135 1.0000000000
131024  23.895  -36.101  -1.141 1.0000000000
131384  23.144  -36.294  -1.247 1.0000000000
30436  22.676  -36.989  -1.260 0.8999999762
28731  27.475  -39.068  -2.549 0.6000000238
29590  29.218  -38.297  -3.633 0.6000000238
29578  28.724  -37.839  -2.902 0.6000000238
121982  26.697  -38.440  -2.582 0.6999999881
29570  21.926  -37.730  -2.054 0.8999999762
29580  26.422  -37.706  -2.655 0.6999999881
29591  24.442  -37.462  -3.588 0.6999999881
30468  23.478  -36.634  -3.280 0.8999999762
32060  23.717  -34.346  6.209 0.5000000000
33042  26.124  -32.934  7.043 0.6000000238
33043  25.091  -33.005  6.948 0.5000000000
33057  27.933  -33.132  6.369 0.6999999881
33041  27.154  -33.057  6.844 0.6999999881
33076  28.939  -33.229  4.949 0.6999999881
33056  28.444  -33.167  5.728 0.6999999881
130824  29.449  -32.979  3.701 0.6999999881
34013  29.487  -32.257  3.305 0.6999999881
33113  29.209  -32.959  2.058 0.8000000119
34036  28.553  -32.548  1.420 0.8000000119
33114  28.482  -33.366  1.271 0.8000000119
34961  28.253  -31.888  1.063 0.8000000119
33115  27.908  -32.899  0.835 0.8000000119
33123  27.149  -33.167  0.356 0.8999999762
32150  27.102  -34.701  -0.151 1.0000000000
34048  27.253  -32.335  0.585 0.8000000119
33124  26.271  -32.974  -0.049 0.8999999762
130620  26.642  -33.833  -0.114 1.0000000000
32156  25.324  -34.429  -0.704 1.0000000000
31289  25.000  -35.042  -1.011 1.0000000000
32159  23.230  -34.649  -1.687 1.0000000000
131711  22.714  -36.203  -1.585 0.8999999762
30437  22.403  -37.041  -1.726 0.8999999762
130994  22.486  -36.054  -1.974 0.8999999762
31298  22.641  -35.254  -2.220 0.8999999762
30459  22.555  -36.307  -2.342 0.8999999762
30466  29.191  -37.315  -3.601 0.6000000238
29579  27.610  -37.995  -2.511 0.6000000238
30457  25.911  -36.998  -2.831 0.6999999881
30467  24.107  -36.711  -3.532 0.8000000119
31323  23.095  -35.679  -3.188 0.8999999762
30456  26.713  -36.215  -2.439 0.6999999881
30458  24.923  -36.806  -3.358 0.6999999881
31322  23.580  -35.782  -3.299 0.8000000119
140251  22.768  -35.744  -2.789 0.8999999762
31321  24.508  -35.809  -3.148 0.6999999881
32193  23.027  -34.655  -3.614 0.8999999762
33971  24.539  -32.585  6.233 0.5000000000
33968  27.405  -32.449  6.397 0.6999999881
33970  25.483  -32.246  6.461 0.5000000000
33980  28.078  -32.515  5.947 0.6999999881
33979  28.580  -32.519  5.355 0.6999999881
142066  28.215  -31.991  5.606 0.6999999881
33997  29.039  -32.399  4.722 0.6999999881
33996  29.382  -32.282  4.077 0.6999999881
34945  29.550  -31.510  2.941 0.6999999881
34025  29.361  -32.230  2.535 0.6999999881
34960  28.819  -31.722  1.511 0.8000000119
34973  28.430  -31.312  0.905 0.8000000119
34974  27.601  -31.649  0.617 0.8000000119
34049  26.584  -32.431  0.305 0.8000000119
33131  25.610  -32.789  -0.297 0.8999999762
33125  25.685  -33.602  -0.411 1.0000000000
130447  24.793  -33.742  -0.716 1.0000000000
34987  27.100  -31.221  0.224 0.8000000119
34061  25.960  -32.270  -0.010 0.8000000119
33132  24.953  -33.004  -0.513 0.8999999762
127818  24.202  -33.912  -1.058 1.0000000000
33134  23.644  -33.820  -1.427 1.0000000000
137457  24.161  -32.779  -1.159 0.8999999762
33144  23.201  -33.507  -1.961 1.0000000000
32164  22.812  -34.712  -2.152 1.0000000000
33145  22.754  -34.090  -2.600 1.0000000000
31324  22.707  -34.929  -3.210 0.8999999762
130065  27.091  -37.054  -2.540 0.6999999881
125405  22.639  -34.362  -3.281 0.8999999762
30454  28.608  -36.740  -2.802 0.6000000238
30455  27.803  -36.360  -2.423 0.6000000238
119565  22.700  -34.118  -3.830 0.8999999762
31310  27.485  -35.522  -2.451 0.6999999881
120627  25.638  -36.071  -2.728 0.6999999881
32191  24.780  -34.756  -3.146 0.6999999881
32192  23.710  -34.939  -3.499 0.6999999881
33173  23.240  -34.122  -3.978 0.8000000119
134702  24.122  -34.250  -3.581 0.6999999881
33174  22.801  -33.744  -4.212 0.8000000119
33191  22.638  -33.130  -4.588 0.8999999762
34101  24.074  -33.523  -3.862 0.6999999881
33969  26.539  -32.340  6.611 0.6000000238
34897  26.175  -31.690  6.257 0.5000000000
34907  28.049  -31.219  5.569 0.6999999881
132360  27.618  -31.875  5.979 0.5000000000
35826  29.360  -30.849  4.257 0.6999999881
35840  29.560  -30.675  3.344 0.6999999881
36716  29.260  -30.076  4.017 0.6999999881
137266  29.579  -30.888  2.566 0.6999999881
35858  29.564  -30.577  1.897 0.6999999881
34959  29.375  -31.446  2.119 0.6999999881
35859  29.159  -30.992  1.351 0.6999999881
35874  28.831  -30.714  0.572 0.8000000119
35875  27.903  -31.005  0.319 0.8000000119
34988  26.482  -31.292  -0.273 0.8000000119
35908  28.054  -30.239  -1.084 0.8000000119
35909  27.112  -30.461  -1.327 0.8000000119
119022  25.754  -31.784  -0.298 0.8000000119
34989  24.848  -31.833  -0.884 0.8999999762
34074  24.079  -32.362  -1.438 0.8999999762
33143  23.741  -33.040  -1.444 1.0000000000
35920  26.799  -30.251  -2.122 0.8000000119
35910  26.244  -30.703  -1.544 0.8000000119
34076  22.832  -33.397  -2.667 1.0000000000
34075  23.324  -32.780  -2.183 1.0000000000
31309  28.412  -35.742  -2.820 0.6000000238
33161  22.598  -33.695  -3.554 1.0000000000
31311  26.413  -35.349  -2.568 0.6999999881
32178  26.044  -34.397  -2.739 0.6999999881
33175  22.627  -33.413  -4.328 0.8999999762
34102  22.333  -32.928  -3.807 1.0000000000
33172  25.082  -33.794  -3.189 0.6999999881
33190  23.116  -33.487  -4.501 0.8000000119
36736  29.469  -29.746  3.157 0.6999999881
37687  29.333  -28.880  2.972 0.6999999881
35848  29.630  -30.204  2.497 0.6999999881
120329  29.794  -29.831  1.779 0.6999999881
36758  29.944  -29.386  1.148 0.6999999881
36768  29.814  -29.530  0.405 0.6999999881
35890  29.259  -30.123  0.061 0.6999999881
36784  28.949  -29.927  -0.795 0.8000000119
35891  28.416  -30.503  -0.222 0.8000000119
36798  27.688  -29.897  -1.991 0.8000000119
36797  28.634  -29.589  -1.642 0.8000000119
35002  24.947  -31.391  -1.395 0.8999999762
121269  24.339  -31.710  -1.676 0.8999999762
35911  25.427  -30.964  -1.781 0.8000000119
35011  24.684  -31.199  -2.087 0.8999999762
35003  23.648  -32.047  -2.186 0.8999999762
32176  28.019  -34.961  -2.719 0.6000000238
35923  24.299  -30.873  -2.886 0.8999999762
35924  23.499  -31.161  -3.315 0.8999999762
34088  22.696  -32.915  -3.167 1.0000000000
32189  28.529  -34.946  -3.445 0.6000000238
35013  22.548  -32.254  -3.772 0.8999999762
34100  25.358  -32.749  -3.530 0.6999999881
127030  22.192  -32.231  -4.493 0.8999999762
34123  23.990  -32.715  -4.452 0.8000000119
34124  22.442  -32.533  -4.838 0.8000000119
36750  29.668  -29.390  2.383 0.6999999881
134604  29.907  -29.183  1.746 0.6999999881
36767  30.183  -28.923  0.571 0.6999999881
36783  29.625  -29.482  -0.402 0.6999999881
37750  30.041  -28.825  -0.659 0.6999999881
36796  29.455  -29.230  -1.237 0.6999999881
36808  26.478  -29.918  -2.813 0.8000000119
35922  25.119  -30.644  -2.565 0.8000000119
36809  25.646  -30.114  -3.098 0.8000000119
122024  25.234  -29.642  -3.806 0.8000000119
35012  23.254  -31.815  -3.055 0.8999999762
32177  27.213  -34.676  -2.638 0.6000000238
36810  24.733  -30.300  -3.428 0.8000000119
36821  24.105  -29.841  -4.341 0.8999999762
35935  23.080  -30.901  -4.095 0.8999999762
35024  22.772  -31.472  -3.968 0.8999999762
32190  27.982  -34.222  -3.056 0.6000000238
33171  26.315  -33.367  -2.960 0.6999999881
35025  22.309  -31.637  -4.773 0.8999999762
34122  25.207  -32.018  -4.098 0.6999999881
35044  22.210  -31.269  -5.209 0.8000000119
35056  23.697  -31.482  -5.405 0.6999999881
35043  22.788  -32.092  -5.169 0.8000000119
130434  30.041  -28.699  1.285 0.6999999881
37749  30.291  -28.474  -0.021 0.6999999881
37763  30.395  -28.075  -0.704 0.6999999881
36807  27.144  -29.770  -2.555 0.8000000119
36820  26.156  -29.470  -3.510 0.8000000119
37787  24.918  -29.263  -4.438 0.8000000119
35934  23.782  -30.548  -3.749 0.8999999762
36822  22.935  -30.260  -4.501 0.8999999762
33170  27.719  -33.303  -3.490 0.6000000238
35936  22.400  -30.825  -4.683 0.8999999762
34099  26.796  -32.617  -3.464 0.6999999881
34121  26.423  -31.946  -3.914 0.6999999881
36839  21.987  -29.918  -5.027 0.8999999762
35055  25.116  -30.835  -5.107 0.6999999881
136319  23.377  -31.066  -5.783 0.8000000119
35962  21.982  -30.410  -5.563 0.8000000119
35960  24.041  -30.757  -5.785 0.6999999881
35063  22.245  -30.438  -6.007 0.8000000119
35058  22.209  -30.997  -5.441 0.8000000119
35961  23.180  -30.664  -6.097 0.8000000119
38663  30.072  -27.253  0.783 0.6999999881
129315  30.367  -27.698  0.046 0.6000000238
33189  28.368  -33.330  -4.609 0.6000000238
37808  24.118  -29.077  -4.959 0.8000000119
37809  22.629  -29.357  -5.012 0.8999999762
135993  27.756  -32.484  -4.432 0.6000000238
37810  21.790  -29.146  -5.402 0.8999999762
36847  21.781  -29.739  -5.512 0.8999999762
36859  22.113  -29.695  -6.467 0.8000000119
36846  24.034  -30.132  -6.213 0.6999999881
36873  22.687  -29.343  -6.820 0.8000000119
36874  22.158  -29.005  -6.722 0.8000000119
35040  27.167  -31.669  -4.865 0.6999999881
38736  23.258  -28.675  -5.399 0.8000000119
35957  27.104  -30.712  -6.000 0.5000000000
35054  26.564  -30.948  -5.169 0.6000000238
35958  26.079  -30.380  -5.488 0.6000000238
122673  21.611  -29.150  -5.791 0.8000000119
36858  25.069  -29.565  -6.289 0.6000000238
36871  24.919  -28.907  -6.922 0.6000000238
36872  23.528  -29.086  -6.876 0.6999999881
37842  22.939  -28.602  -7.279 0.8000000119
139885  21.669  -29.259  -6.246 0.8000000119
37841  24.137  -28.407  -7.451 0.6000000238
38748  23.144  -27.909  -5.867 0.8000000119
39680  22.463  -27.224  -6.437 0.8000000119
37822  21.819  -28.491  -5.792 0.8999999762
140320  27.327  -30.551  -6.774 0.6000000238
37843  22.239  -28.117  -7.018 0.8000000119
37831  21.810  -28.479  -6.341 0.8000000119
38760  22.082  -27.579  -6.499 0.8000000119
38771  23.605  -27.807  -7.781 0.6000000238
39690  22.872  -26.358  -6.778 0.8000000119
39691  22.031  -26.426  -6.938 0.8000000119
36857  25.965  -29.403  -6.802 0.6000000238
38772  21.993  -27.415  -6.907 0.8000000119
139480  22.145  -26.461  -8.048 0.6999999881
39701  21.828  -25.943  -7.518 0.8000000119
38789  24.065  -27.203  -8.387 0.6000000238
38790  22.898  -27.001  -8.069 0.6000000238
125744  22.295  -25.986  -8.524 0.6999999881
37840  25.403  -28.277  -7.711 0.6000000238
38770  24.674  -27.783  -8.012 0.6000000238
40582  24.735  -25.596  -7.049 0.8000000119
40584  22.299  -25.675  -7.344 0.8000000119
36856  27.030  -29.872  -7.145 0.6000000238
40583  23.490  -25.626  -7.163 0.8000000119
36869  27.633  -29.931  -8.072 0.5000000000
40594  21.668  -25.273  -8.039 0.8000000119
40585  21.839  -25.656  -7.585 0.8000000119
37839  27.553  -29.051  -8.432 0.6000000238
36870  26.519  -28.971  -7.547 0.6000000238
40606  21.645  -25.032  -8.580 0.6000000238
124637  27.565  -28.504  -8.906 0.5000000000
37857  26.635  -28.250  -8.340 0.6000000238
38787  26.239  -27.519  -8.606 0.6000000238
39718  23.401  -26.350  -8.700 0.6000000238
39715  26.930  -27.107  -8.938 0.6000000238
39716  25.600  -26.841  -8.828 0.6000000238
39737  24.878  -26.187  -9.086 0.6000000238
39738  23.877  -25.824  -9.204 0.6000000238
41514  24.048  -24.918  -7.569 0.8000000119
41515  22.770  -24.933  -7.712 0.8000000119
41527  24.573  -24.312  -8.270 0.8000000119
129495  24.192  -23.503  -8.862 0.6999999881
41528  23.262  -24.268  -8.212 0.6999999881
38786  27.245  -27.980  -9.076 0.6000000238
40624  22.250  -24.749  -9.529 0.6000000238
41557  22.294  -24.134  -9.519 0.6000000238
41538  22.027  -24.161  -9.033 0.6999999881
39735  28.040  -27.167  -9.588 0.5000000000
40623  23.135  -25.063  -9.833 0.6000000238
132137  26.978  -26.244  -9.238 0.5000000000
39736  25.784  -26.205  -9.079 0.6000000238
40622  24.536  -25.375  -9.542 0.6000000238
123006  28.074  -26.147  -9.579 0.5000000000
42442  25.223  -23.781  -8.704 0.6999999881
42443  23.573  -23.727  -8.732 0.6000000238
42469  22.674  -23.743  -9.573 0.6000000238
42453  22.678  -23.805  -8.916 0.6000000238
41575  22.858  -23.583  -9.967 0.6000000238
42452  23.395  -23.244  -9.425 0.6000000238
141789  27.980  -25.310  -9.736 0.5000000000
41553  26.121  -24.526  -9.739 0.6000000238
41554  24.800  -24.505  -9.941 0.6000000238
41556  22.780  -24.230  -9.934 0.6000000238
42468  23.154  -23.055  -10.150 0.6000000238
41552  27.258  -24.594  -9.819 0.6000000238
41571  26.335  -23.941  -10.306 0.6000000238
40619  28.829  -25.914  -10.205 0.5000000000
41570  28.372  -24.753  -10.213 0.5000000000
130744  29.111  -24.561  -10.703 0.4000000060
42480  28.178  -23.839  -10.785 0.5000000000
125951  24.347  -22.905  -9.268 0.6000000238
43488  23.651  -22.442  -10.016 0.6000000238
41572  25.015  -23.860  -10.505 0.6000000238
42484  23.315  -23.025  -10.588 0.6000000238
42481  26.739  -23.433  -10.801 0.6000000238
42499  25.609  -22.753  -11.510 0.6000000238
125737  27.411  -24.065  -10.322 0.5000000000
42497  28.556  -23.397  -11.543 0.5000000000
42479  29.335  -24.124  -11.205 0.4000000060
43532  24.298  -22.177  -11.674 0.6000000238
43505  23.658  -22.516  -10.656 0.5000000000
43504  24.062  -21.842  -10.594 0.5000000000
43487  24.705  -22.350  -9.727 0.5000000000
42483  24.028  -23.141  -11.039 0.6000000238
43516  24.064  -21.841  -11.300 0.5000000000
43531  26.516  -22.531  -11.854 0.6000000238
43530  27.715  -22.727  -11.994 0.5000000000
43529  28.938  -22.943  -12.154 0.4000000060
44611  24.965  -21.376  -10.801 0.4000000060
43545  25.300  -22.129  -12.199 0.6000000238
43544  26.691  -22.148  -12.391 0.4000000060
44652  25.615  -21.539  -12.706 0.6000000238
43546  24.536  -21.465  -12.104 0.4000000060
43543  28.122  -22.309  -12.624 0.4000000060
44650  28.087  -21.753  -13.024 0.4000000060
44640  24.622  -20.857  -12.181 0.4000000060
44651  27.068  -21.702  -12.833 0.4000000060
44662  25.538  -20.897  -13.121 0.4000000060
44649  28.996  -22.032  -13.011 0.4000000060
44661  26.374  -21.296  -13.148 0.4000000060
45788  27.013  -20.692  -11.213 0.4000000060
45805  25.225  -20.160  -11.947 0.4000000060
44663  24.959  -20.438  -13.033 0.4000000060
45822  27.932  -20.702  -13.781 0.4000000060
123735  27.463  -21.291  -13.277 0.4000000060
45823  26.573  -20.776  -13.494 0.4000000060
45824  25.542  -20.144  -13.510 0.4000000060
45804  26.465  -20.149  -11.674 0.4000000060
46908  25.284  -19.526  -12.653 0.4000000060
46901  24.828  -20.086  -12.408 0.4000000060
45831  25.396  -19.368  -13.742 0.4000000060
45825  24.895  -19.876  -13.240 0.4000000060
47874  26.414  -19.235  -12.577 0.4000000060
46909  24.891  -19.719  -12.963 0.4000000060
23324  21.921  -44.475  0.040 0.8000000119
24165  21.697  -43.284  0.347 0.8999999762
25058  22.649  -43.185  1.245 0.8999999762
23307  22.397  -44.598  1.371 0.8999999762
135162  23.131  -44.968  1.633 0.8999999762
129498  28.389  -41.268  2.375 0.8999999762
26828  28.202  -40.075  1.521 1.0000000000
27741  28.389  -39.466  1.980 1.0000000000
24160  25.612  -43.338  1.469 0.8999999762
142167  27.088  -42.266  1.306 0.8999999762
25978  26.714  -41.824  0.818 0.8999999762
26836  27.663  -40.216  0.852 1.0000000000
24161  24.547  -43.241  1.363 0.8999999762
25979  25.717  -41.922  0.670 0.8999999762
25987  27.205  -41.040  0.729 1.0000000000
25072  23.358  -42.736  1.251 0.8999999762
26838  25.518  -40.432  0.116 0.8999999762
44612  24.315  -21.412  -11.230 0.4000000060
44628  24.537  -21.193  -11.779 0.4000000060
44627  24.880  -20.917  -11.523 0.4000000060
44610  26.508  -21.667  -10.414 0.4000000060
131155  23.966  -42.797  10.622 0.8999999762
24089  26.992  -43.821  9.054 1.0000000000
20875  27.853  -47.257  7.228 0.8000000119
24945  20.616  -42.466  12.114 0.8999999762
24972  26.599  -42.583  9.568 1.0000000000
21694  28.569  -46.637  6.454 0.8000000119
125029  25.775  -39.913  9.760 0.8999999762
24114  28.976  -43.488  5.671 0.8999999762
117982  28.747  -44.794  4.958 0.8000000119
22503  27.404  -45.356  3.348 0.8000000119
25907  28.644  -41.287  6.280 1.0000000000
22509  26.884  -44.922  2.813 0.8999999762
22510  26.033  -45.152  2.562 0.8000000119
23305  24.311  -44.304  1.767 0.8999999762
126046  23.939  -44.912  1.865 0.8000000119
123262  28.630  -41.648  3.176 0.8999999762
25070  25.215  -42.642  0.969 0.8999999762
28581  23.444  -38.720  9.774 0.8999999762
27638  22.010  -38.963  8.513 1.0000000000
27710  22.797  -40.504  4.756 0.6000000238
27712  20.191  -40.037  4.256 0.4000000060
27711  21.367  -39.930  4.684 0.4000000060
26808  28.771  -40.373  3.781 1.0000000000
25976  28.013  -40.910  1.504 0.8999999762
22534  22.089  -45.446  -0.280 0.6999999881
26013  22.891  -41.484  -1.351 0.8000000119
29442  25.858  -37.215  8.566 0.8999999762
121746  22.693  -42.090  1.044 0.8999999762
24187  25.486  -42.963  -1.537 0.6000000238
117868  21.498  -42.605  0.150 0.8999999762
29457  22.677  -37.433  7.161 0.6999999881
28668  20.652  -39.025  4.509 0.4000000060
25071  24.312  -42.523  1.021 0.8999999762
136580  22.116  -40.920  -0.410 0.8999999762
26014  22.258  -40.288  -1.044 0.8999999762
129126  26.006  -41.325  -2.533 0.6999999881
141891  25.404  -41.121  -2.526 0.6999999881
125809  24.418  -35.958  7.978 0.8000000119
30321  26.201  -36.542  7.993 0.8999999762
25988  26.206  -41.144  0.378 0.8999999762
137468  24.889  -39.894  -0.009 0.8999999762
26839  24.339  -40.421  0.348 0.8999999762
25989  25.043  -41.163  0.477 0.8999999762
139503  22.471  -40.111  -0.340 0.8999999762
31189  27.561  -35.665  6.885 0.8000000119
31232  23.723  -35.825  4.318 0.5000000000
27752  22.536  -39.470  -0.562 0.8999999762
124611  27.908  -34.880  6.625 0.6999999881
119008  28.892  -35.831  4.816 0.8999999762
31230  29.184  -35.667  4.013 0.8999999762
126986  25.697  -38.229  -2.905 0.6999999881
28735  21.813  -38.361  -2.309 0.8999999762
29592  23.689  -37.416  -3.512 0.8000000119
31191  23.419  -35.167  6.026 0.6000000238
32048  26.255  -34.450  7.451 0.8000000119
32058  24.859  -33.779  7.215 0.6000000238
32080  28.315  -33.741  6.118 0.6999999881
33075  29.343  -33.577  4.215 0.6999999881
32149  27.802  -34.713  0.419 1.0000000000
30469  22.955  -36.515  -2.853 0.8999999762
33044  24.221  -33.469  6.412 0.6000000238
32081  23.511  -35.023  5.138 0.5000000000
136931  29.277  -32.895  4.343 0.6999999881
33122  28.039  -33.827  0.658 0.8999999762
141833  29.116  -32.192  1.956 0.8000000119
32179  22.655  -34.797  -2.692 0.8999999762
34896  26.928  -31.877  6.309 0.6000000238
34909  25.892  -31.125  5.856 0.5000000000
35827  28.775  -31.038  4.894 0.6999999881
34062  25.237  -32.317  -0.433 0.8999999762
35892  27.322  -30.749  -0.363 0.8000000119
35893  26.548  -30.872  -0.846 0.8000000119
33192  22.492  -32.786  -4.688 0.8999999762
34908  26.931  -31.220  5.925 0.5000000000
35810  28.244  -30.403  5.148 0.6999999881
35873  29.562  -30.181  1.027 0.6999999881
121109  23.943  -31.456  -2.469 0.8999999762
35042  24.527  -31.727  -4.696 0.8000000119
130433  23.099  -32.983  -4.993 0.8000000119
36782  30.108  -29.082  -0.019 0.6999999881
136410  27.615  -29.407  -2.617 0.8000000119
35950  22.058  -30.580  -5.218 0.8999999762
37741  30.187  -28.163  0.678 0.6999999881
38652  29.804  -27.885  1.415 0.6000000238
129777  24.085  -29.498  -6.540 0.6999999881
37821  22.148  -28.543  -5.525 0.8999999762
37859  22.789  -27.790  -7.526 0.6999999881
131749  21.755  -25.692  -8.155 0.8000000119
39739  22.656  -25.515  -9.245 0.6000000238
41529  22.160  -24.394  -8.388 0.6999999881
41573  23.868  -23.693  -10.459 0.6000000238
40620  27.100  -25.293  -9.411 0.6000000238
42501  23.749  -22.527  -11.140 0.6000000238
44626  26.100  -21.080  -10.986 0.4000000060
45806  24.691  -20.591  -12.087 0.4000000060
46900  27.132  -19.725  -12.088 0.4000000060
45830  26.091  -19.603  -13.988 0.4000000060
24152  23.604  -43.639  1.499 0.8999999762
17510  20.782  -51.268  11.797 0.4000000060
18375  21.054  -50.593  12.577 0.4000000060
18346  19.431  -50.857  14.351 0.4000000060
19210  21.531  -49.356  10.937 0.4000000060
132661  20.995  -49.941  12.973 0.4000000060
19173  19.953  -49.768  13.699 0.4000000060
20855  21.932  -47.572  9.776 0.3000000119
18374  21.367  -49.881  12.407 0.4000000060
129878  21.570  -47.466  8.966 0.4000000060
21690  22.928  -47.070  7.996 0.4000000060
20880  23.014  -47.314  7.448 0.4000000060
20889  24.075  -47.834  6.987 0.4000000060
19172  20.487  -49.528  13.352 0.5000000000
19174  19.136  -49.614  13.723 0.4000000060
20017  22.271  -48.077  11.325 0.4000000060
20004  21.792  -48.557  12.600 0.4000000060
21667  22.206  -47.172  9.117 0.5000000000
21680  22.566  -47.082  8.474 0.4000000060
20879  23.786  -47.321  7.453 0.4000000060
20878  24.900  -48.111  7.148 0.5000000000
20077  26.335  -48.741  6.725 0.5000000000
19253  25.927  -49.424  6.161 0.5000000000
19268  26.744  -49.739  5.638 0.6000000238
18443  27.288  -50.049  5.066 0.4000000060
19990  20.340  -48.679  13.379 0.5000000000
19991  19.406  -48.342  13.330 0.5000000000
19992  18.580  -48.864  13.297 0.5000000000
19185  17.541  -49.186  12.960 0.5000000000
20003  22.318  -48.047  12.153 0.6000000238
20825  21.901  -47.685  12.849 0.6000000238
20847  22.547  -47.371  10.775 0.5000000000
21645  22.863  -46.649  11.715 0.6000000238
20854  22.545  -47.006  9.878 0.5000000000
119295  23.266  -46.776  8.593 0.5000000000
21688  24.376  -46.872  7.943 0.4000000060
132050  25.312  -47.664  7.489 0.6000000238
20064  26.663  -48.088  7.198 0.6000000238
20076  27.192  -48.544  6.666 0.6000000238
20092  27.669  -48.783  6.090 0.6000000238
19266  28.081  -48.865  5.369 0.6000000238
20115  28.368  -48.786  3.998 0.6000000238
19267  27.516  -49.393  5.553 0.6000000238
19283  27.932  -49.661  4.818 0.6000000238
19294  28.425  -49.586  3.705 0.6000000238
19306  28.444  -49.784  3.017 0.6000000238
20810  20.071  -47.825  13.429 0.5000000000
20005  19.250  -47.641  13.190 0.5000000000
20007  17.713  -48.330  12.763 0.5000000000
125060  16.845  -48.684  12.421 0.5000000000
20824  22.432  -47.192  12.416 0.6000000238
20808  21.395  -47.271  13.257 0.6000000238
22452  23.227  -46.096  10.064 0.6000000238
22440  23.080  -45.641  11.179 0.6000000238
21665  23.554  -46.332  9.318 0.5000000000
22451  23.736  -45.598  9.793 0.6000000238
21678  24.992  -46.384  8.454 0.6000000238
21687  25.320  -47.038  7.949 0.6000000238
20091  28.144  -48.253  6.064 0.6000000238
20120  28.379  -49.103  3.201 0.6000000238
20122  26.932  -48.300  2.207 0.6999999881
20827  18.679  -47.089  12.792 0.6000000238
20828  17.854  -47.530  12.528 0.5000000000
20019  17.056  -47.851  12.261 0.5000000000
21630  22.450  -46.266  12.662 0.6000000238
21620  21.160  -46.521  13.384 0.6000000238
20826  19.641  -47.050  13.230 0.6000000238
20839  16.637  -47.351  11.657 0.5000000000
121911  15.838  -47.494  11.233 0.5000000000
22416  22.278  -45.215  12.719 0.6000000238
22465  24.720  -45.891  9.047 0.6000000238
20921  26.545  -47.431  2.516 0.6999999881
21632  20.167  -46.347  13.209 0.6000000238
21633  19.216  -46.343  12.750 0.6000000238
21635  17.909  -46.822  12.208 0.6000000238
22417  21.759  -45.882  13.250 0.6000000238
22420  18.744  -45.779  12.132 0.6000000238
21646  18.009  -46.154  11.779 0.6000000238
21647  17.216  -46.629  11.520 0.6000000238
21649  15.515  -47.024  10.754 0.6000000238
118261  21.364  -44.942  13.102 0.6000000238
20849  14.150  -47.315  10.722 0.5000000000
132966  22.786  -45.753  12.132 0.6000000238
21659  14.788  -46.814  10.446 0.6000000238
20922  25.751  -47.212  2.242 0.6999999881
22419  19.682  -45.458  12.657 0.6000000238
124229  17.445  -45.833  11.160 0.6000000238
23215  21.002  -44.073  12.847 0.6000000238
23228  19.669  -44.489  12.230 0.6000000238
22431  18.953  -44.953  11.799 0.6000000238
121229  16.813  -46.162  10.938 0.6000000238
21658  15.558  -46.449  10.311 0.6000000238
23213  22.429  -44.440  12.417 0.6000000238
22443  15.658  -45.734  9.858 0.6000000238
22429  23.226  -44.608  11.240 0.6000000238
23251  24.649  -44.647  9.783 0.6000000238
21720  24.546  -46.603  1.844 0.6999999881
21721  23.685  -46.443  1.612 0.6999999881
23214  21.841  -44.299  12.766 0.6000000238
23239  19.196  -44.135  11.433 0.6999999881
22441  17.564  -45.106  10.732 0.6999999881
23225  23.282  -43.711  11.257 0.6000000238
22514  22.419  -45.391  1.378 0.6999999881
126689  19.750  -43.821  11.898 0.6999999881
24028  21.524  -43.485  12.632 0.6999999881
23227  20.253  -43.903  12.488 0.6999999881
23240  18.334  -44.475  10.939 0.6999999881
23241  17.555  -44.383  10.256 0.6999999881
21656  16.941  -45.617  10.511 0.6000000238
120330  16.437  -44.774  9.716 0.6999999881
23253  16.846  -44.150  9.652 0.6000000238
22453  15.842  -45.002  9.534 0.5000000000
23313  21.561  -44.645  0.477 0.8000000119
24043  20.140  -43.227  12.036 0.6999999881
24058  18.881  -43.686  10.660 0.6999999881
134137  17.507  -43.782  9.843 0.6999999881
139017  15.195  -44.461  8.295 0.5000000000
130317  17.916  -43.263  9.631 0.6999999881
24079  16.382  -43.547  8.923 0.6000000238
24091  16.350  -43.332  8.183 0.6000000238
37786  25.733  -29.033  -4.179 0.6999999881
37765  29.224  -28.781  -2.169 0.6999999881
36806  28.290  -29.230  -2.389 0.6999999881
36819  27.065  -29.263  -3.170 0.6999999881
37764  30.004  -28.448  -1.452 0.6000000238
37785  26.600  -28.782  -3.911 0.6999999881
37806  26.046  -28.281  -4.483 0.6999999881
37807  25.127  -28.618  -4.738 0.6999999881
38735  24.319  -28.319  -5.361 0.6999999881
38685  30.393  -27.595  -1.412 0.6000000238
38698  29.138  -27.977  -2.933 0.6000000238
37783  28.231  -28.197  -3.316 0.6999999881
37784  27.425  -28.474  -3.611 0.6999999881
38734  25.383  -27.877  -5.088 0.6999999881
39689  24.225  -26.262  -6.653 0.6999999881
37773  29.925  -27.887  -2.206 0.6000000238
38697  29.670  -27.118  -2.678 0.6000000238
39655  28.894  -26.783  -3.707 0.6000000238
38713  27.754  -27.678  -3.886 0.6999999881
37805  26.942  -27.990  -4.258 0.6999999881
38746  25.679  -27.164  -5.491 0.6999999881
39688  25.374  -26.088  -6.518 0.6999999881
38696  30.292  -26.995  -2.001 0.6000000238
39665  29.319  -26.155  -3.843 0.5000000000
38731  28.227  -27.009  -4.176 0.6000000238
39676  27.408  -26.383  -5.260 0.5000000000
40571  26.883  -26.160  -5.887 0.6999999881
41512  26.426  -25.127  -7.095 0.6999999881
41513  25.271  -25.036  -7.468 0.6999999881
45819  31.625  -21.139  -13.408 0.3000000119
44658  30.729  -21.417  -13.394 0.3000000119
44660  28.575  -21.442  -13.387 0.3000000119
17499  20.612  -51.288  12.792 0.4000000060
132838  19.685  -51.590  14.220 0.3000000119
17479  19.203  -51.461  14.776 0.4000000060
19211  20.838  -49.637  10.396 0.3000000119
18347  18.482  -50.805  14.647 0.4000000060
20856  21.077  -47.846  9.176 0.4000000060
18362  18.804  -50.184  14.081 0.4000000060
20865  22.230  -47.333  7.675 0.4000000060
20891  22.389  -47.671  6.797 0.4000000060
20080  23.602  -48.198  6.419 0.4000000060
20078  25.368  -48.749  6.724 0.5000000000
126720  26.010  -49.992  5.431 0.4000000060
19176  17.308  -49.950  13.258 0.4000000060
18453  27.711  -50.417  4.425 0.5000000000
19186  16.645  -49.526  12.628 0.5000000000
19308  27.340  -49.190  1.927 0.6000000238
20008  16.008  -48.989  12.143 0.5000000000
136830  15.506  -48.586  11.780 0.5000000000
20021  14.847  -48.511  11.613 0.5000000000
20123  25.825  -48.053  1.833 0.6000000238
20841  14.602  -47.984  11.144 0.5000000000
20850  13.406  -47.460  10.370 0.4000000060
20923  24.919  -47.439  1.764 0.6999999881
21668  14.507  -45.971  9.799 0.5000000000
21723  22.010  -46.000  1.152 0.6999999881
23255  15.369  -44.554  8.960 0.5000000000
22517  21.455  -45.718  0.622 0.8000000119
22535  21.654  -45.237  0.132 0.6999999881
23269  14.898  -44.868  7.859 0.5000000000
24102  16.015  -43.805  7.801 0.6000000238
126618  28.870  -30.381  4.620 0.6000000238
36737  28.896  -29.271  3.726 0.6000000238
38672  30.470  -27.239  -0.590 0.6000000238
39638  30.098  -26.345  -2.511 0.5000000000
40551  29.705  -25.569  -3.693 0.5000000000
40568  28.930  -25.129  -5.076 0.5000000000
40569  28.265  -25.425  -5.471 0.5000000000
41511  27.460  -24.832  -6.784 0.5000000000
42441  26.432  -23.921  -8.421 0.5000000000
46915  32.788  -20.057  -13.474 0.3000000119
46916  31.644  -20.272  -13.312 0.3000000119
121808  29.017  -21.057  -13.725 0.3000000119
23238  23.644  -44.307  10.627 0.6000000238
22439  23.473  -45.145  10.458 0.6000000238
22466  24.116  -45.977  9.315 0.6000000238
24077  18.628  -43.224  9.970 0.8000000119
20116  28.151  -48.243  3.422 0.6999999881
21719  25.340  -46.622  2.246 0.6999999881
22513  23.550  -45.596  1.703 0.6999999881
138403  28.559  -28.617  -2.768 0.6999999881
39679  23.711  -27.042  -6.313 0.6999999881
41526  25.879  -24.549  -8.024 0.6000000238
44659  29.734  -21.674  -13.358 0.3000000119
23308  21.827  -44.921  1.111 0.8000000119
134871  21.743  -45.936  -0.188 0.6999999881
18385  21.266  -50.452  11.752 0.4000000060
20031  21.839  -48.605  10.749 0.4000000060
20032  21.134  -48.915  10.163 0.3000000119
20848  22.053  -47.975  10.534 0.5000000000
19175  18.201  -49.640  13.572 0.5000000000
19254  24.861  -49.228  6.201 0.3000000119
131652  26.164  -50.525  5.003 0.4000000060
18365  15.706  -50.948  13.417 0.5000000000
23254  16.034  -44.263  9.241 0.6000000238
38733  26.334  -27.498  -4.834 0.6999999881
39678  24.985  -26.788  -6.131 0.6999999881
38712  28.529  -27.467  -3.525 0.6999999881
38711  29.117  -27.155  -3.202 0.6000000238
38732  27.310  -27.092  -4.604 0.6999999881
39654  29.566  -26.495  -3.221 0.6000000238
39666  28.721  -26.333  -4.336 0.5000000000
39667  28.043  -26.474  -4.785 0.6000000238
38745  26.607  -26.790  -5.310 0.6999999881
40581  26.283  -25.793  -6.426 0.6999999881
133237  25.658  -25.516  -6.874 0.6999999881
40539  30.072  -25.751  -3.070 0.5000000000
40560  29.224  -25.529  -4.374 0.5000000000
39675  28.516  -25.820  -4.893 0.5000000000
40570  27.589  -25.741  -5.718 0.5000000000
40580  27.118  -25.469  -6.353 0.5000000000
41525  26.993  -24.496  -7.664 0.5000000000
40538  30.348  -25.556  -2.290 0.5000000000
41503  28.708  -24.821  -5.766 0.5000000000
42440  27.548  -23.954  -8.151 0.5000000000
20929  22.249  -47.657  0.638 0.6000000238
21731  21.535  -46.486  0.271 0.6000000238
22532  24.667  -45.386  -0.526 0.5000000000
21754  21.896  -47.295  -0.839 0.6000000238
22533  22.681  -45.733  -0.640 0.6000000238
24175  26.372  -43.566  -1.152 0.5000000000
23321  25.288  -44.619  -0.560 0.5000000000
23322  23.812  -44.665  -0.681 0.6000000238
24109  17.643  -43.641  6.021 0.5000000000
23323  22.737  -44.916  -0.565 0.6000000238
25086  27.528  -43.176  -1.313 0.5000000000
126152  25.785  -43.386  -1.344 0.5000000000
25092  27.809  -42.545  -1.696 0.5000000000
25020  19.493  -43.461  4.902 0.4000000060
24115  19.022  -44.117  4.435 0.4000000060
25034  19.690  -43.678  3.974 0.4000000060
25093  27.037  -42.617  -2.000 0.5000000000
26009  28.902  -41.563  -1.514 0.5000000000
26011  27.452  -42.152  -2.253 0.5000000000
142134  19.586  -43.165  3.481 0.4000000060
133009  28.905  -40.876  -2.710 0.5000000000
26010  28.126  -41.937  -1.972 0.5000000000
25957  19.139  -42.435  2.941 0.4000000060
30379  23.344  -36.953  3.861 0.4000000060
29502  22.607  -37.471  4.125 0.4000000060
125037  21.496  -38.164  4.446 0.4000000060
122675  20.994  -37.170  4.282 0.3000000119
33981  24.733  -31.905  5.852 0.4000000060
33982  24.170  -32.332  5.714 0.4000000060
32104  23.306  -35.007  4.623 0.4000000060
31233  23.379  -35.774  4.044 0.4000000060
130275  24.347  -31.344  5.576 0.4000000060
33077  22.992  -34.037  4.757 0.4000000060
31234  23.052  -36.305  3.782 0.4000000060
33078  22.349  -34.096  4.603 0.4000000060
32105  22.808  -34.897  4.395 0.4000000060
30380  22.270  -36.710  3.927 0.4000000060
33058  23.859  -32.951  5.728 0.4000000060
33983  23.633  -32.369  5.440 0.4000000060
33045  23.490  -33.969  5.389 0.4000000060
34910  25.081  -31.200  5.759 0.4000000060
34912  23.544  -31.576  5.410 0.4000000060
33984  22.967  -32.328  5.179 0.4000000060
33059  23.229  -33.106  5.193 0.4000000060
33998  22.436  -33.168  4.849 0.4000000060
134556  22.410  -35.568  4.148 0.4000000060
33999  21.456  -32.744  4.861 0.4000000060
32107  20.941  -34.401  4.248 0.4000000060
31235  21.682  -36.048  4.033 0.4000000060
35811  27.388  -30.492  5.513 0.4000000060
35814  24.706  -30.597  5.521 0.4000000060
35815  23.906  -30.676  5.433 0.4000000060
35816  23.100  -30.729  5.360 0.4000000060
36703  26.897  -29.836  5.311 0.4000000060
35812  26.414  -30.516  5.598 0.4000000060
36705  25.126  -29.855  5.304 0.4000000060
36707  23.410  -29.898  5.245 0.4000000060
35828  22.536  -30.010  5.231 0.4000000060
34913  22.711  -31.524  5.304 0.4000000060
33985  22.165  -32.207  5.126 0.4000000060
34914  21.837  -31.351  5.334 0.4000000060
128773  20.768  -33.094  4.540 0.4000000060
36717  28.420  -29.693  4.597 0.5000000000
137021  27.703  -29.889  5.183 0.5000000000
36719  26.505  -29.201  4.905 0.4000000060
36720  25.595  -29.171  4.901 0.4000000060
36721  24.715  -29.182  4.859 0.4000000060
36706  24.278  -29.881  5.272 0.4000000060
35817  22.362  -30.763  5.386 0.4000000060
36718  27.455  -29.301  4.829 0.5000000000
37672  26.120  -28.499  4.436 0.4000000060
37674  24.287  -28.526  4.343 0.4000000060
36722  23.836  -29.230  4.751 0.4000000060
37671  27.093  -28.598  4.424 0.4000000060
37673  25.180  -28.464  4.428 0.4000000060
37691  23.889  -28.021  3.721 0.4000000060
38636  26.986  -27.036  2.799 0.4000000060
138084  26.166  -26.905  2.701 0.4000000060
133343  25.749  -27.290  3.124 0.4000000060
38618  25.077  -27.434  3.185 0.4000000060
38637  24.626  -27.159  2.509 0.4000000060
37710  29.185  -28.156  2.761 0.5000000000
38634  28.636  -27.615  2.887 0.5000000000
39553  27.569  -26.647  2.327 0.4000000060
39555  25.828  -26.536  2.010 0.4000000060
134624  25.397  -26.973  2.582 0.4000000060
39573  24.486  -26.405  1.134 0.3000000119
37727  29.656  -28.524  2.124 0.5000000000
38616  27.292  -27.549  3.383 0.5000000000
37688  26.704  -27.927  3.938 0.4000000060
37689  25.699  -27.786  3.817 0.4000000060
37690  24.719  -27.885  3.860 0.4000000060
38619  24.310  -27.598  3.137 0.4000000060
38617  26.427  -27.410  3.299 0.4000000060
39568  29.060  -26.678  1.761 0.5000000000
38635  27.857  -27.210  2.900 0.5000000000
39554  26.679  -26.531  2.184 0.4000000060
39571  26.346  -26.182  1.439 0.4000000060
39556  24.982  -26.670  1.875 0.3000000119
129505  29.579  -27.140  1.478 0.5000000000
39552  28.485  -26.934  2.379 0.5000000000
39570  27.232  -26.200  1.663 0.4000000060
40474  26.872  -25.807  1.036 0.4000000060
40475  26.082  -25.805  0.780 0.4000000060
39572  25.421  -26.189  1.163 0.3000000119
39587  24.797  -25.951  0.539 0.3000000119
39588  24.035  -26.131  0.434 0.3000000119
39586  29.561  -26.529  1.102 0.5000000000
39585  30.039  -26.476  0.434 0.4000000060
121237  30.367  -26.990  0.091 0.5000000000
40473  27.789  -25.778  1.249 0.3000000119
128702  26.575  -25.496  0.529 0.4000000060
140236  25.443  -25.780  0.502 0.3000000119
40498  24.395  -25.750  0.054 0.3000000119
40499  23.764  -25.777  -0.176 0.3000000119
132659  29.023  -25.427  0.707 0.3000000119
40492  29.981  -25.888  0.161 0.4000000060
39603  30.363  -26.351  -0.335 0.4000000060
39623  30.483  -26.683  -1.195 0.4000000060
39637  30.373  -26.100  -1.758 0.4000000060
40495  27.330  -25.405  0.653 0.3000000119
40496  25.895  -25.398  0.100 0.3000000119
40513  25.240  -25.119  -0.476 0.3000000119
40497  25.036  -25.604  -0.016 0.3000000119
131761  23.044  -25.800  -0.425 0.3000000119
40516  22.451  -25.610  -0.530 0.3000000119
40494  28.272  -25.356  0.768 0.3000000119
40514  24.378  -25.347  -0.451 0.3000000119
40515  23.555  -25.294  -0.635 0.3000000119
41442  22.855  -25.181  -0.767 0.3000000119
40511  29.518  -25.341  0.225 0.3000000119
41435  30.317  -24.929  -0.968 0.3000000119
125837  30.432  -25.272  -1.601 0.4000000060
137573  30.146  -25.121  -3.346 0.4000000060
41494  29.441  -24.782  -4.612 0.4000000060
40579  27.876  -25.057  -6.046 0.4000000060
41443  22.152  -25.066  -0.751 0.3000000119
41437  28.377  -24.281  -0.310 0.3000000119
41425  27.792  -24.837  0.270 0.3000000119
41424  28.804  -24.872  0.334 0.3000000119
41436  29.554  -24.653  -0.359 0.3000000119
41456  29.948  -24.171  -1.139 0.3000000119
138720  30.440  -24.891  -2.125 0.3000000119
41485  30.385  -24.451  -3.210 0.4000000060
130587  30.400  -23.201  -3.674 0.3000000119
41493  30.311  -23.951  -3.742 0.4000000060
137617  29.910  -24.156  -4.434 0.4000000060
41502  29.423  -24.328  -5.224 0.4000000060
41509  29.244  -24.217  -6.163 0.4000000060
42433  28.903  -23.991  -6.994 0.4000000060
41510  28.386  -24.588  -6.527 0.4000000060
41524  27.997  -24.328  -7.349 0.4000000060
42418  30.284  -23.539  -4.199 0.3000000119
42432  29.755  -23.412  -6.547 0.4000000060
42448  28.963  -23.181  -8.240 0.4000000060
42449  28.051  -23.370  -8.525 0.4000000060
42450  26.934  -23.312  -8.768 0.4000000060
42451  25.657  -23.138  -9.051 0.5000000000
43463  30.479  -22.318  -5.571 0.3000000119
42431  30.216  -23.017  -5.873 0.3000000119
43470  30.013  -22.764  -7.175 0.4000000060
43475  29.620  -22.713  -7.895 0.4000000060
43483  29.260  -22.541  -8.521 0.3000000119
43484  28.516  -22.814  -8.835 0.4000000060
43502  27.012  -22.302  -9.803 0.3000000119
43486  26.234  -22.700  -9.461 0.3000000119
43503  25.511  -21.989  -10.102 0.3000000119
43454  30.421  -22.096  -4.643 0.3000000119
44584  30.618  -21.814  -6.132 0.3000000119
122481  30.460  -22.074  -6.922 0.3000000119
43474  30.163  -22.141  -7.654 0.3000000119
43482  29.778  -22.158  -8.211 0.3000000119
44607  29.926  -21.224  -9.087 0.3000000119
44608  29.000  -21.756  -9.577 0.3000000119
43501  28.190  -22.421  -9.487 0.3000000119
44609  27.868  -21.911  -10.164 0.3000000119
44624  28.593  -21.252  -10.386 0.3000000119
44574  30.577  -21.446  -5.305 0.3000000119
132017  30.686  -21.411  -6.645 0.3000000119
120152  30.775  -20.795  -7.751 0.3000000119
122151  30.545  -20.656  -8.573 0.3000000119
45771  30.248  -20.395  -9.359 0.3000000119
45772  29.519  -20.888  -9.869 0.3000000119
45786  29.170  -20.550  -10.657 0.3000000119
45787  28.188  -20.752  -11.023 0.3000000119
44625  27.439  -21.269  -10.709 0.3000000119
45802  28.771  -20.137  -11.337 0.3000000119
45803  27.711  -20.249  -11.588 0.3000000119
47873  27.658  -19.160  -12.468 0.3000000119
37670  28.081  -28.833  4.218 0.5000000000
37711  28.615  -28.333  3.449 0.5000000000
20925  22.928  -47.061  1.274 0.6000000238
20135  22.133  -48.278  0.126 0.5000000000
20952  21.784  -47.843  -0.463 0.5000000000
118977  24.239  -46.504  -0.698 0.5000000000
20961  23.024  -47.820  -1.277 0.5000000000
24174  28.025  -43.654  -0.533 0.5000000000
122713  26.222  -45.807  -0.040 0.5000000000
24989  17.572  -42.056  8.124 0.6000000238
24999  16.922  -42.724  7.768 0.6000000238
24998  17.572  -42.273  7.163 0.6000000238
24110  16.952  -43.932  6.630 0.5000000000
24117  17.430  -44.542  5.680 0.5000000000
24116  18.216  -44.334  5.058 0.5000000000
23280  17.900  -45.168  4.578 0.5000000000
24126  18.528  -44.783  3.965 0.4000000060
24125  18.884  -44.195  3.496 0.4000000060
24154  18.221  -43.213  2.496 0.4000000060
25059  18.351  -42.623  2.479 0.4000000060
27724  18.925  -39.540  3.136 0.3000000119
29503  19.888  -37.986  3.945 0.3000000119
30395  20.741  -36.398  3.849 0.4000000060
33080  20.534  -33.745  4.110 0.4000000060
36723  22.881  -29.255  4.632 0.4000000060
34924  20.942  -31.280  5.059 0.4000000060
34925  20.074  -31.328  4.461 0.4000000060
131773  21.595  -30.380  5.139 0.4000000060
37675  23.432  -28.599  4.180 0.4000000060
36725  21.081  -29.710  4.540 0.4000000060
38653  24.139  -26.845  1.841 0.4000000060
134602  23.654  -27.725  3.074 0.4000000060
38638  23.887  -27.371  2.481 0.4000000060
39574  23.554  -26.637  1.044 0.3000000119
39589  23.241  -26.258  0.153 0.3000000119
39575  22.669  -26.631  0.695 0.3000000119
25085  28.323  -43.007  -0.811 0.5000000000
26810  18.214  -40.115  2.518 0.4000000060
33093  19.943  -33.709  3.373 0.4000000060
34014  20.114  -33.011  4.021 0.4000000060
37676  22.723  -28.658  3.994 0.4000000060
36724  21.964  -29.518  4.738 0.4000000060
126146  18.670  -41.248  2.668 0.4000000060
135751  24.666  -44.419  -0.657 0.5000000000
34898  25.435  -31.613  6.051 0.4000000060
35813  25.524  -30.543  5.575 0.4000000060
41486  29.882  -24.797  -3.930 0.4000000060
42439  28.541  -23.809  -7.857 0.4000000060
120194  23.572  -45.581  -0.688 0.6000000238
22531  25.565  -45.582  -0.271 0.5000000000
23319  27.224  -43.869  -0.618 0.5000000000
33079  21.447  -33.709  4.588 0.4000000060
32106  21.830  -34.662  4.376 0.4000000060
127748  20.989  -35.226  4.050 0.4000000060
36704  25.991  -29.834  5.328 0.4000000060
34000  20.548  -32.243  4.681 0.4000000060
134162  27.671  -28.106  3.862 0.5000000000
38615  28.071  -27.691  3.382 0.5000000000
38633  29.288  -27.513  2.180 0.5000000000
39569  28.188  -26.349  1.789 0.4000000060
40472  28.817  -25.941  1.224 0.4000000060
40510  30.139  -25.474  -0.360 0.3000000119
40530  30.457  -25.785  -1.013 0.4000000060
123423  29.826  -23.590  -5.629 0.4000000060
42362  29.215  -23.845  -0.704 0.3000000119
42438  29.374  -23.392  -7.496 0.4000000060
126304  30.369  -22.932  -4.361 0.3000000119
42427  30.028  -23.561  -4.835 0.3000000119
43500  28.939  -22.331  -9.060 0.3000000119
43485  27.514  -22.866  -9.158 0.4000000060
125322  30.731  -20.982  -5.991 0.3000000119
44589  30.582  -21.470  -7.367 0.3000000119
46899  28.263  -19.654  -11.919 0.3000000119
21660  13.781  -46.660  10.117 0.4000000060
22456  13.713  -46.176  9.316 0.4000000060
21681  13.524  -46.657  8.670 0.4000000060
22476  14.192  -46.073  7.779 0.3000000119
22467  14.311  -45.372  8.169 0.4000000060
22475  14.857  -45.650  7.302 0.3000000119
19316  27.633  -50.068  1.766 0.5000000000
22474  15.306  -45.028  7.252 0.5000000000
22483  15.574  -45.584  6.626 0.3000000119
19309  26.325  -49.019  1.611 0.5000000000
20128  24.251  -48.995  1.026 0.5000000000
19317  26.772  -49.905  1.385 0.5000000000
23267  16.226  -44.159  7.120 0.5000000000
23275  15.873  -44.853  6.813 0.4000000060
20124  24.867  -48.314  1.471 0.5000000000
19319  24.415  -49.948  0.769 0.5000000000
19326  23.347  -49.627  0.077 0.3000000119
20928  23.101  -47.983  1.082 0.5000000000
20129  23.331  -48.861  0.637 0.4000000060
20148  22.693  -48.836  0.007 0.4000000060
137880  23.601  -49.962  -0.352 0.3000000119
19340  23.245  -49.461  -0.215 0.3000000119
124848  24.197  -48.803  -1.007 0.3000000119
19354  23.540  -49.132  -0.623 0.3000000119
20949  25.268  -47.739  -0.738 0.3000000119
20147  24.544  -48.184  -1.092 0.3000000119
134971  23.809  -47.820  -1.233 0.4000000060
20962  22.208  -47.814  -1.047 0.4000000060
23288  17.974  -45.429  3.356 0.3000000119
22530  26.710  -45.524  -0.021 0.4000000060
21744  26.078  -46.481  -0.055 0.4000000060
137112  25.000  -47.069  -0.586 0.4000000060
23297  17.910  -44.398  2.504 0.3000000119
25967  17.883  -41.739  2.190 0.3000000119
29519  19.798  -36.995  3.398 0.3000000119
31248  20.362  -35.747  3.511 0.3000000119
30396  19.618  -36.268  3.053 0.3000000119
127911  20.075  -35.148  3.197 0.3000000119
31249  19.268  -35.580  2.599 0.3000000119
32119  19.500  -34.903  2.620 0.3000000119
34001  19.733  -32.182  3.929 0.3000000119
135406  20.321  -29.897  4.261 0.3000000119
35830  19.846  -30.498  4.122 0.3000000119
34926  19.528  -31.305  3.691 0.3000000119
138151  18.855  -32.884  2.178 0.3000000119
37692  23.033  -28.114  3.403 0.3000000119
37693  22.062  -28.500  3.466 0.3000000119
36740  20.616  -29.295  3.901 0.3000000119
36741  19.849  -29.730  3.719 0.3000000119
127997  23.155  -27.553  2.607 0.3000000119
37712  22.349  -27.815  2.720 0.3000000119
37713  21.456  -28.114  2.695 0.3000000119
37694  21.037  -28.692  3.343 0.3000000119
36751  20.052  -28.971  3.256 0.3000000119
38640  20.948  -27.854  1.968 0.3000000119
37714  20.542  -28.429  2.589 0.3000000119
38654  23.379  -27.097  1.894 0.3000000119
38655  22.625  -27.309  1.999 0.3000000119
38664  21.244  -27.291  1.194 0.3000000119
18460  28.348  -50.270  3.326 0.5000000000
21745  25.238  -46.369  -0.355 0.4000000060
24155  17.765  -43.574  2.383 0.3000000119
36739  21.506  -29.076  4.052 0.3000000119
130953  19.327  -32.116  2.997 0.3000000119
22482  16.375  -45.585  5.967 0.3000000119
23281  17.166  -45.452  5.239 0.3000000119
23289  17.527  -45.999  3.920 0.3000000119
18350  16.158  -51.356  14.114 0.4000000060
17490  15.242  -51.520  13.858 0.4000000060
18366  14.792  -51.070  13.156 0.4000000060
18368  13.060  -51.066  13.204 0.4000000060
18378  13.290  -50.374  12.677 0.3000000119
18376  15.254  -50.389  12.799 0.4000000060
18377  14.296  -50.419  12.682 0.4000000060
19189  13.832  -49.725  12.273 0.4000000060
19269  25.193  -49.842  5.652 0.3000000119
19188  14.741  -49.734  12.318 0.4000000060
20024  12.850  -48.815  11.117 0.3000000119
20033  13.112  -48.166  10.710 0.3000000119
20022  14.221  -48.364  11.444 0.4000000060
20044  12.569  -48.655  9.468 0.3000000119
20034  12.566  -48.606  10.297 0.3000000119
20870  12.994  -48.039  9.037 0.3000000119
20842  13.850  -47.975  10.974 0.4000000060
20857  12.937  -47.958  9.909 0.3000000119
21669  13.324  -47.113  9.486 0.3000000119
17491  14.306  -51.498  13.682 0.4000000060
18367  13.896  -51.070  13.063 0.4000000060
128061  13.829  -47.361  7.906 0.3000000119
18349  16.975  -51.073  14.296 0.3000000119
20056  13.563  -48.434  8.113 0.3000000119
17464  18.506  -51.576  15.337 0.4000000060
17489  20.150  -51.256  13.689 0.3000000119
18348  17.644  -50.729  14.365 0.3000000119
18360  20.530  -50.418  13.363 0.4000000060
18361  19.728  -50.303  13.938 0.4000000060
18363  17.934  -50.244  14.009 0.5000000000
18364  17.116  -50.565  13.743 0.4000000060
18397  20.883  -50.807  11.010 0.4000000060
18444  26.883  -50.776  4.704 0.4000000060
18452  28.284  -50.039  4.118 0.5000000000
18472  28.170  -50.394  2.400 0.5000000000
18488  23.851  -50.782  -0.114 0.3000000119
18501  23.885  -50.536  -0.348 0.3000000119
19177  16.316  -50.311  13.088 0.5000000000
19184  21.140  -49.139  12.920 0.4000000060
19187  15.698  -49.713  12.429 0.5000000000
19197  21.580  -49.690  11.693 0.4000000060
19198  21.219  -50.094  11.041 0.4000000060
19199  15.188  -49.140  11.948 0.4000000060
19200  14.238  -48.991  11.877 0.5000000000
19201  13.334  -49.153  11.806 0.4000000060
19252  26.958  -49.178  6.212 0.6000000238
19255  23.961  -48.868  6.005 0.3000000119
19282  28.291  -49.275  4.489 0.6000000238
19307  28.094  -49.506  2.443 0.6000000238
19310  25.215  -49.021  1.346 0.5000000000
19318  25.638  -49.872  1.137 0.5000000000
19320  23.756  -49.593  0.518 0.4000000060
19325  23.721  -50.267  0.167 0.3000000119
19341  22.669  -48.640  -0.443 0.4000000060
19989  21.124  -48.079  13.279 0.5000000000
20006  18.560  -47.955  12.995 0.5000000000
20018  22.031  -48.882  11.698 0.4000000060
20020  16.145  -48.129  11.885 0.5000000000
20023  13.587  -48.541  11.377 0.4000000060
20040  21.419  -48.169  9.981 0.3000000119
20057  12.943  -49.101  8.627 0.3000000119
20065  25.776  -48.190  7.187 0.6000000238
20079  24.450  -48.500  6.597 0.5000000000
20106  28.298  -48.457  4.845 0.8000000119
20121  27.854  -48.647  2.642 0.6000000238
20125  24.046  -48.159  1.270 0.5000000000
20130  22.627  -48.396  0.494 0.5000000000
20149  22.046  -48.247  -0.286 0.4000000060
20150  22.060  -48.096  -0.730 0.4000000060
20159  23.622  -48.332  -1.145 0.4000000060
20160  22.730  -48.337  -1.010 0.3000000119
20809  20.631  -47.194  13.425 0.5000000000
20837  22.578  -47.502  11.719 0.6000000238
20838  17.317  -47.222  12.064 0.6000000238
20840  15.046  -47.469  10.933 0.5000000000
20864  26.230  -47.043  8.099 0.6000000238
20866  21.812  -47.322  8.375 0.4000000060
20869  13.353  -47.447  8.631 0.3000000119
20874  28.316  -47.173  6.741 0.8000000119
20881  21.428  -47.426  7.769 0.4000000060
20888  28.076  -47.772  6.636 0.8000000119
20890  23.272  -47.688  6.891 0.4000000060
20918  27.118  -46.792  3.160 0.8000000119
20920  27.474  -47.778  2.914 0.6999999881
20924  23.883  -47.285  1.500 0.6999999881
20930  21.722  -47.042  0.389 0.6000000238
20936  21.710  -47.842  0.015 0.5000000000
20937  21.624  -47.310  -0.125 0.6000000238
20950  24.390  -47.471  -0.958 0.4000000060
20951  23.493  -47.241  -1.130 0.5000000000
20953  21.781  -47.491  -0.541 0.5000000000
20963  21.874  -47.768  -0.749 0.5000000000
21631  21.920  -46.813  13.059 0.6000000238
21634  18.497  -46.424  12.350 0.6000000238
21648  16.267  -46.751  10.963 0.6000000238
21655  22.903  -46.545  10.542 0.6000000238
21657  16.311  -46.072  10.368 0.6000000238
21666  22.874  -46.741  9.308 0.5000000000
21675  27.358  -45.938  8.189 0.8999999762
21676  26.783  -46.528  8.215 0.8000000119
21679  24.099  -46.457  8.667 0.6000000238
21689  23.566  -46.920  7.973 0.4000000060
21692  13.807  -46.479  8.071 0.3000000119
21714  27.969  -46.601  3.829 0.8000000119
21722  22.740  -46.197  1.414 0.6999999881
21726  22.110  -46.685  0.979 0.6000000238
21727  21.667  -46.215  0.756 0.8000000119
21746  23.081  -46.437  -0.891 0.6000000238
21747  22.125  -46.410  -0.687 0.6000000238
21748  21.683  -46.727  -0.302 0.6999999881
21753  22.545  -47.197  -1.123 0.6000000238
22418  20.792  -45.620  13.257 0.6000000238
22430  22.830  -44.936  12.011 0.6000000238
22432  18.172  -45.379  11.421 0.6000000238
22442  16.414  -45.413  9.974 0.6000000238
22449  25.086  -45.160  9.286 0.6999999881
22454  15.012  -45.193  9.368 0.5000000000
22455  14.101  -45.382  9.036 0.4000000060
22468  13.806  -45.909  8.543 0.4000000060
22494  27.953  -45.754  3.848 0.8000000119
22511  25.223  -45.294  2.326 0.8000000119
22512  24.472  -45.403  2.031 0.8000000119
22515  21.685  -45.537  1.018 0.8000000119
22520  21.519  -45.870  0.174 0.6999999881
23216  20.441  -44.720  12.878 0.6000000238
23226  22.823  -44.072  11.949 0.6000000238
23242  16.983  -44.950  10.108 0.6000000238
23250  25.435  -44.441  9.632 0.8999999762
23252  23.943  -44.831  10.026 0.6000000238
23256  14.766  -44.901  8.613 0.5000000000
23260  27.553  -44.260  8.483 1.0000000000
23262  15.742  -43.956  8.453 0.6000000238
23268  15.535  -44.372  7.661 0.6000000238
23273  28.825  -44.627  6.527 0.8999999762
23274  16.654  -44.730  6.281 0.4000000060
23287  18.242  -44.704  2.999 0.4000000060
23296  27.704  -44.542  3.225 0.8000000119
23306  23.325  -44.384  1.596 0.8999999762
23310  21.579  -45.016  0.776 0.8000000119
23320  26.528  -44.434  -0.440 0.5000000000
24027  22.261  -43.699  12.427 0.6000000238
24042  20.756  -43.295  12.492 0.6999999881
24055  24.644  -43.321  10.332 0.8999999762
24059  18.123  -43.789  10.235 0.6999999881
24076  19.309  -43.042  10.304 0.6999999881
24078  17.144  -43.335  9.314 0.6000000238
24090  16.884  -42.829  8.557 0.6000000238
24101  16.546  -43.453  7.431 0.5000000000
24124  29.038  -43.165  4.840 0.8999999762
24139  18.417  -44.011  2.720 0.4000000060
24151  25.913  -43.918  2.053 0.8999999762
24153  22.479  -43.843  1.315 0.8999999762
24162  21.951  -43.242  0.820 0.8999999762
24176  25.154  -43.698  -0.968 0.6000000238
24185  26.856  -43.188  -1.518 0.5000000000
24930  21.246  -42.810  12.447 0.8000000119
24943  22.365  -42.136  11.809 0.8000000119
24946  20.104  -42.743  11.529 0.8999999762
24958  23.757  -42.058  10.776 0.8999999762
24971  27.120  -43.003  9.205 1.0000000000
24974  20.153  -41.823  10.543 0.8999999762
24976  18.413  -42.715  9.369 0.6999999881
24977  17.628  -42.650  8.997 0.8000000119
25007  18.782  -42.739  5.861 0.6000000238
25008  17.902  -42.812  6.323 0.6999999881
25009  17.171  -43.054  6.910 0.6000000238
25021  18.479  -43.481  5.441 0.4000000060
25033  29.015  -42.325  4.789 0.8999999762
25048  18.912  -43.322  3.091 0.4000000060
25068  27.145  -42.868  1.652 0.8999999762
25073  22.237  -42.550  0.978 0.8999999762
25094  26.496  -42.347  -2.218 0.6000000238
25096  24.943  -42.465  -1.665 0.6000000238
25098  22.221  -41.776  -0.523 0.8999999762
25105  25.932  -41.969  -2.352 0.6999999881
25844  20.868  -41.660  11.743 0.8999999762
25855  21.090  -41.028  11.257 0.8999999762
25865  27.099  -42.316  9.229 1.0000000000
25867  26.010  -41.387  9.885 0.8999999762
25881  27.064  -41.103  9.127 1.0000000000
25911  19.016  -42.045  6.348 0.6999999881
25923  22.400  -41.898  5.400 0.6000000238
25980  24.634  -41.929  0.723 0.8999999762
25981  22.773  -41.559  0.953 0.8999999762
25992  21.934  -41.247  0.222 0.8999999762
26000  28.608  -42.177  -1.027 0.5000000000
26021  25.303  -41.501  -2.398 0.6999999881
26711  24.079  -40.033  10.494 0.8999999762
26713  22.175  -40.222  10.718 0.8999999762
26726  21.019  -40.263  9.755 0.8999999762
26740  27.096  -40.382  8.920 0.8999999762
26741  21.200  -40.350  8.644 0.8999999762
26781  23.108  -41.501  5.566 0.6999999881
26795  22.716  -41.397  5.011 0.5000000000
26840  22.348  -40.677  0.337 0.8999999762
26856  28.493  -41.370  -2.313 0.5000000000
26863  26.896  -41.230  -2.644 0.6000000238
26864  24.850  -40.928  -2.511 0.8000000119
27602  22.476  -39.595  10.236 0.8999999762
27615  25.117  -39.194  9.854 0.8999999762
27659  22.131  -39.727  7.463 0.6999999881
27709  23.516  -39.903  4.843 0.6000000238
27748  26.720  -39.455  -0.049 1.0000000000
27780  25.796  -39.888  -2.686 0.6999999881
27790  29.522  -39.959  -3.698 0.6000000238
28578  26.079  -38.541  9.063 0.8999999762
28582  22.681  -38.459  9.094 1.0000000000
28652  23.503  -39.462  4.883 0.6999999881
28665  28.865  -38.367  4.313 1.0000000000
28701  28.329  -38.766  1.504 1.0000000000
28718  23.161  -38.241  -0.442 0.8999999762
28719  22.297  -38.464  -0.912 0.8999999762
28730  28.462  -38.883  -2.762 0.6000000238
28742  29.045  -39.653  -3.388 0.6000000238
28744  22.229  -37.911  -2.745 0.8999999762
29467  28.291  -37.697  6.287 1.0000000000
29540  28.844  -38.021  1.785 1.0000000000
29562  22.721  -37.593  -0.779 0.8999999762
29581  25.189  -37.527  -3.301 0.6999999881
29582  22.519  -37.166  -2.477 0.8999999762
30324  22.952  -36.561  6.689 0.6999999881
30341  23.505  -37.137  5.042 0.6000000238
30415  28.805  -36.192  1.067 1.0000000000
30428  24.400  -36.814  -0.906 1.0000000000
30443  22.322  -36.947  -2.061 0.8999999762
31231  29.036  -34.982  4.594 0.8999999762
31291  23.318  -35.455  -1.421 1.0000000000
31292  22.762  -35.360  -1.853 0.8999999762
31312  25.452  -35.272  -2.802 0.6999999881
31313  22.621  -35.459  -2.485 0.8999999762
32057  26.757  -33.770  7.203 0.8000000119
32118  20.204  -34.489  3.378 0.3000000119
32139  29.292  -34.350  2.110 0.8000000119
32157  24.557  -34.447  -0.986 1.0000000000
32158  23.842  -34.551  -1.281 1.0000000000
33133  24.268  -33.231  -0.978 1.0000000000
33135  23.082  -34.128  -1.892 1.0000000000
33160  27.118  -33.883  -2.777 0.6000000238
34037  27.926  -32.257  0.851 0.8000000119
34063  24.551  -32.545  -0.836 0.8999999762
34087  23.094  -32.359  -2.825 0.8999999762
34136  22.301  -31.757  -5.106 0.8000000119
34911  24.104  -31.933  5.536 0.4000000060
34923  29.203  -31.652  4.486 0.6999999881
34935  29.502  -31.529  3.769 0.6999999881
34975  26.580  -31.781  0.301 0.8000000119
35001  25.712  -31.270  -0.958 0.8000000119
35041  25.836  -31.300  -4.403 0.6000000238
35057  22.729  -31.223  -5.576 0.8000000119
35829  20.596  -30.485  4.673 0.3000000119
35921  25.956  -30.449  -2.320 0.8000000119
35959  25.105  -30.128  -5.715 0.6999999881
35968  26.309  -29.934  -6.182 0.6000000238
35969  23.036  -29.949  -6.596 0.8000000119
36738  22.232  -28.967  4.194 0.4000000060
36860  21.682  -29.772  -5.914 0.8000000119
37858  25.634  -27.786  -8.210 0.6000000238
38639  21.790  -27.523  2.007 0.3000000119
38747  24.564  -27.515  -5.712 0.6999999881
38749  22.118  -27.945  -5.952 0.8000000119
38788  25.139  -27.304  -8.516 0.6000000238
38791  22.272  -27.207  -7.450 0.6999999881
39677  26.020  -26.495  -5.980 0.6999999881
39717  24.538  -26.620  -8.801 0.6000000238
39740  21.817  -25.212  -8.947 0.6000000238
40493  29.508  -25.923  0.659 0.3000000119
40550  30.405  -24.993  -2.743 0.4000000060
40621  25.900  -25.304  -9.324 0.6000000238
40625  21.808  -24.609  -9.056 0.6000000238
41441  23.998  -24.883  -0.861 0.3000000119
41461  22.577  -24.549  -1.094 0.3000000119
41473  30.423  -24.220  -2.422 0.3000000119
41516  21.807  -25.034  -7.887 0.6999999881
41539  21.726  -24.719  -8.533 0.6999999881
41555  23.613  -24.412  -10.045 0.6000000238
41574  23.193  -23.696  -10.220 0.6000000238
42426  30.282  -22.910  -5.142 0.3000000119
42482  25.247  -23.319  -11.044 0.6000000238
42496  29.699  -23.609  -11.756 0.4000000060
42498  27.267  -23.098  -11.379 0.6000000238
42500  24.361  -22.717  -11.354 0.6000000238
43469  30.322  -22.607  -6.392 0.3000000119
44594  30.241  -21.517  -8.237 0.3000000119
44595  29.526  -21.902  -8.757 0.3000000119
44653  24.919  -20.910  -12.590 0.4000000060
45764  31.084  -20.068  -8.081 0.3000000119
45813  24.786  -20.344  -12.583 0.4000000060
45829  26.818  -20.103  -13.953 0.4000000060
117691  27.859  -28.854  -2.972 0.8000000119
117843  28.644  -42.504  3.278 0.8999999762
119037  28.837  -45.089  5.816 0.8000000119
119900  22.334  -40.045  -0.811 0.8999999762
119909  25.965  -44.934  -0.325 0.5000000000
120626  25.999  -19.712  -12.129 0.4000000060
121202  27.552  -41.334  -2.606 0.6000000238
121397  16.462  -50.897  13.684 0.4000000060
122401  25.787  -44.003  -0.770 0.5000000000
123402  23.953  -40.751  10.634 0.8999999762
123489  29.497  -33.009  2.858 0.8000000119
123679  28.864  -41.160  3.883 1.0000000000
124042  26.043  -42.886  9.860 0.8999999762
124087  21.676  -49.274  12.297 0.4000000060
124177  24.537  -40.037  -2.565 0.6999999881
125298  28.592  -40.579  -2.853 0.6000000238
125513  27.666  -42.256  1.740 0.8999999762
125704  23.672  -36.415  3.944 0.4000000060
126016  28.844  -39.078  3.956 1.0000000000
126546  15.338  -48.059  11.399 0.5000000000
126588  28.679  -31.804  5.129 0.6999999881
126671  22.303  -39.427  -1.344 0.8999999762
127234  29.277  -35.002  3.831 0.8999999762
127251  28.741  -39.102  3.271 1.0000000000
127355  19.032  -42.757  9.680 0.8000000119
127386  25.045  -43.964  1.763 0.8999999762
127622  21.941  -26.692  -7.048 0.8000000119
127939  23.933  -38.061  -3.560 0.8000000119
128454  21.358  -31.980  5.132 0.4000000060
128660  21.650  -43.981  0.426 0.8000000119
128824  20.644  -50.274  10.547 0.3000000119
128988  20.181  -51.856  12.976 0.4000000060
129000  25.907  -36.051  -0.698 1.0000000000
129035  22.686  -39.024  9.742 0.8999999762
129269  27.359  -34.050  0.206 0.8999999762
129527  28.726  -40.156  3.098 1.0000000000
130292  19.652  -49.127  13.498 0.4000000060
130401  28.598  -34.041  1.253 0.8000000119
130606  24.282  -45.981  1.855 0.8000000119
130667  22.287  -32.143  -4.930 0.8000000119
130799  25.806  -47.168  -0.306 0.3000000119
131495  25.892  -20.579  -11.422 0.4000000060
131835  18.845  -32.112  2.294 0.3000000119
132463  21.952  -26.492  -7.473 0.8000000119
132535  28.046  -37.161  -2.551 0.6000000238
133429  26.630  -50.218  5.174 0.4000000060
134553  22.280  -41.339  11.450 0.8999999762
134650  29.460  -38.253  -4.343 0.6000000238
134880  27.976  -25.999  -5.255 0.5000000000
134881  28.045  -41.674  1.818 0.8999999762
135517  27.752  -48.276  6.500 0.6000000238
135582  27.270  -37.717  7.662 1.0000000000
135750  23.258  -40.324  -1.894 0.8000000119
136191  24.598  -47.438  7.482 0.5000000000
136449  29.677  -26.018  -3.484 0.5000000000
137182  25.423  -40.506  -2.614 0.6999999881
137711  22.803  -37.717  8.368 1.0000000000
138124  28.196  -43.177  2.746 0.8999999762
138193  21.711  -44.168  0.855 0.8999999762
138812  28.822  -33.158  1.633 0.8000000119
140522  13.548  -51.396  13.573 0.4000000060
140701  22.850  -46.591  9.896 0.5000000000
140799  15.358  -46.285  6.550 0.3000000119
141104  25.734  -37.613  -2.916 0.6999999881
141331  24.904  -44.442  1.979 0.8999999762
141641  24.416  -43.796  1.601 0.8999999762
141829  22.756  -39.710  6.723 0.6999999881
141960  19.348  -41.860  8.558 0.8000000119
142023  21.503  -45.257  0.444 0.8000000119
142026  22.918  -47.978  6.341 0.4000000060
142225  22.317  -38.887  9.287 0.8999999762
142312  23.456  -32.241  -5.004 0.6999999881
