#!ascii label  , from subject sub_0001 vox2ras=TkReg
1852
21729  36.374  -46.411  0.562 0.6000000238
21725  35.527  -46.281  1.760 0.5000000000
132608  36.702  -44.153  0.130 0.6999999881
24169  37.175  -43.414  -0.123 0.6000000238
134517  37.468  -44.224  -0.290 0.6000000238
25080  37.818  -42.535  -0.233 0.6000000238
22519  35.732  -45.115  1.003 0.6999999881
23311  36.238  -44.699  0.487 0.6000000238
22524  36.844  -44.958  -0.087 0.5000000000
22523  37.705  -45.115  -0.403 0.5000000000
22522  38.669  -45.228  -0.668 0.5000000000
130143  38.588  -44.178  -0.581 0.6000000238
118655  38.955  -42.320  -0.532 0.6000000238
21730  35.760  -45.968  1.037 0.5000000000
21735  37.027  -45.928  -0.121 0.6000000238
24167  39.228  -43.056  -0.714 0.6000000238
20919  35.748  -47.137  2.819 0.5000000000
21712  35.416  -46.546  3.386 0.5000000000
26834  37.318  -40.164  0.542 0.6000000238
26833  38.622  -39.489  0.241 0.6999999881
127054  35.970  -42.729  0.596 0.6000000238
25985  36.902  -41.215  0.454 0.6000000238
25075  37.516  -41.783  0.078 0.6000000238
128439  38.746  -41.511  -0.299 0.6000000238
23312  35.746  -44.341  0.937 0.6000000238
141723  36.175  -44.076  0.546 0.6999999881
25996  39.654  -40.529  -0.586 0.6000000238
22516  35.421  -45.493  1.659 0.5000000000
24158  34.825  -43.681  1.718 0.5000000000
25079  39.899  -41.304  -0.707 0.6000000238
142279  35.293  -45.825  2.260 0.5000000000
25995  40.224  -40.679  -1.066 0.6000000238
22500  35.115  -45.738  3.041 0.5000000000
26002  40.326  -41.195  -1.484 0.6000000238
26004  39.202  -40.545  -1.598 0.6999999881
26016  38.151  -41.630  -2.315 0.6999999881
25099  40.626  -42.008  -2.144 0.6000000238
25100  39.271  -42.573  -2.578 0.6000000238
25107  38.622  -43.112  -3.525 0.6000000238
24196  39.746  -43.433  -3.002 0.6000000238
126839  40.015  -41.882  -7.290 0.5000000000
26880  38.580  -40.650  -7.243 0.6999999881
26036  39.140  -41.475  -7.150 0.6000000238
26881  37.199  -40.378  -6.744 0.8000000119
26037  37.577  -41.230  -6.723 0.6999999881
28706  38.284  -38.314  0.820 0.6000000238
27745  38.652  -38.711  0.370 0.6999999881
26835  35.897  -40.769  0.887 0.6999999881
26846  39.299  -39.735  -0.419 0.6999999881
26832  39.036  -38.832  -0.153 0.6999999881
25066  35.265  -42.317  1.051 0.6000000238
25974  35.243  -41.532  1.050 0.6000000238
27757  38.965  -38.844  -0.362 0.8000000119
25055  34.268  -42.384  2.170 0.5000000000
25067  34.764  -42.782  1.621 0.5000000000
130418  39.877  -40.049  -0.949 0.6000000238
24135  34.274  -43.603  2.690 0.5000000000
129371  34.477  -43.709  2.205 0.5000000000
27763  39.062  -39.316  -1.009 0.8000000119
26851  39.626  -39.846  -1.141 0.6000000238
140418  34.717  -45.361  3.673 0.5000000000
26852  37.878  -39.591  -1.335 0.8000000119
26858  37.169  -40.313  -1.927 0.8000000119
26003  40.052  -40.487  -1.273 0.6999999881
26869  36.733  -40.787  -2.987 0.6999999881
26017  37.673  -40.909  -2.081 0.6999999881
139511  37.923  -40.772  -4.997 0.6999999881
26868  37.282  -40.962  -4.248 0.6999999881
25101  38.445  -42.355  -2.661 0.6999999881
25112  38.286  -42.394  -4.329 0.6000000238
25108  37.743  -42.345  -3.281 0.6000000238
26875  39.945  -40.364  -6.428 0.6999999881
26027  39.333  -42.135  -5.393 0.6999999881
26028  38.303  -41.485  -5.013 0.6000000238
136637  40.275  -40.157  -7.169 0.6999999881
26030  40.465  -41.654  -6.983 0.6000000238
26883  39.498  -40.017  -7.468 0.8000000119
26879  39.831  -40.786  -7.372 0.8000000119
25121  40.590  -42.281  -7.128 0.6000000238
27803  38.177  -39.893  -7.333 0.8999999762
26033  35.702  -41.387  -6.054 0.6999999881
27804  37.796  -39.252  -7.437 0.8000000119
26038  36.490  -41.088  -6.470 0.6999999881
29537  38.473  -37.676  0.784 0.6000000238
28697  38.583  -37.703  0.369 0.6999999881
30421  37.835  -36.579  0.744 0.6999999881
137022  37.761  -39.182  0.688 0.6000000238
29558  38.117  -37.584  0.055 0.6000000238
28699  35.970  -37.920  1.855 0.4000000060
27739  35.889  -38.923  1.557 0.6000000238
27738  37.205  -38.712  1.179 0.6000000238
29557  38.722  -37.825  0.167 0.6999999881
26825  35.319  -39.967  1.466 0.6000000238
28716  38.704  -38.194  -0.214 0.8000000119
124028  33.694  -40.995  2.887 0.4000000060
137946  34.190  -40.729  2.238 0.5000000000
26826  34.767  -40.918  1.519 0.6000000238
27759  37.592  -38.427  -0.580 0.8000000119
25965  33.757  -42.003  2.798 0.5000000000
24136  33.903  -43.409  3.391 0.4000000060
27772  36.753  -39.816  -1.785 0.8000000119
23284  34.382  -44.725  3.851 0.5000000000
123073  36.388  -39.223  -3.697 0.8000000119
29598  36.799  -37.926  -4.593 0.8000000119
27795  36.775  -40.072  -3.946 0.6999999881
120887  36.440  -40.008  -2.711 0.8000000119
27799  39.155  -39.666  -5.925 0.8000000119
137742  37.136  -39.354  -4.526 0.6999999881
29606  38.522  -37.599  -6.250 0.8999999762
28760  38.785  -38.837  -5.975 0.8999999762
27794  37.956  -39.077  -5.206 0.6999999881
27798  39.797  -39.124  -6.714 0.8999999762
26032  38.997  -40.535  -5.514 0.6999999881
123377  40.410  -40.603  -7.128 0.6000000238
124930  39.777  -38.818  -7.627 0.8999999762
28765  39.902  -39.200  -7.523 0.8999999762
26876  35.460  -40.317  -5.914 0.8000000119
26877  34.846  -40.518  -5.059 0.8000000119
27805  36.273  -39.705  -6.589 0.8000000119
26034  35.164  -41.180  -5.472 0.8000000119
28767  36.865  -39.056  -7.067 0.8000000119
26882  36.124  -40.590  -6.398 0.6999999881
29546  38.338  -37.230  0.643 0.6999999881
30422  36.837  -36.323  0.669 0.6000000238
29538  38.172  -37.112  1.287 0.6000000238
30413  37.793  -36.360  1.311 0.5000000000
29528  36.275  -36.991  2.314 0.4000000060
29539  37.320  -37.358  1.691 0.5000000000
28698  37.945  -37.849  1.303 0.6000000238
29547  37.073  -37.143  0.256 0.6999999881
28700  35.069  -38.488  1.980 0.5000000000
28717  36.633  -38.000  -0.427 0.6999999881
28680  34.263  -37.797  3.071 0.5000000000
26816  34.446  -40.096  1.981 0.6000000238
27722  33.390  -39.382  3.774 0.4000000060
27731  33.698  -39.387  2.946 0.4000000060
29588  34.721  -37.138  -2.647 0.8000000119
27765  36.015  -38.753  -1.297 0.8000000119
125730  33.309  -40.831  3.626 0.4000000060
142192  35.516  -38.248  -3.131 0.8000000119
28728  35.536  -38.588  -2.451 0.8000000119
27764  37.009  -39.255  -1.200 0.8000000119
23294  33.967  -43.998  4.003 0.3000000119
121703  36.344  -37.175  -4.547 0.8000000119
139091  35.642  -37.030  -4.063 0.8000000119
29586  35.764  -37.839  -3.823 0.8000000119
29607  37.356  -37.355  -5.315 0.8000000119
28737  36.337  -38.447  -4.049 0.8000000119
30485  38.003  -36.717  -6.317 0.8999999762
28750  37.987  -38.197  -5.408 0.8999999762
29618  39.456  -37.244  -7.129 0.8999999762
141334  39.498  -37.696  -6.836 0.8999999762
30494  39.450  -36.497  -7.566 0.8999999762
29617  39.932  -37.780  -7.495 0.8999999762
29623  39.950  -37.933  -7.854 0.8999999762
27801  34.986  -39.454  -5.266 0.8000000119
28770  39.324  -38.324  -7.848 0.8999999762
139193  38.440  -38.845  -7.644 0.8999999762
28772  36.541  -38.379  -7.181 0.8000000119
28771  37.738  -38.480  -7.576 0.8000000119
31266  37.506  -35.350  1.805 0.6000000238
31274  37.423  -35.881  1.210 0.6000000238
31275  36.181  -35.747  1.160 0.6000000238
31246  36.997  -35.226  3.391 0.4000000060
30402  37.209  -35.575  2.558 0.4000000060
29527  37.510  -36.361  1.935 0.4000000060
29548  35.676  -36.992  0.256 0.6999999881
30403  36.284  -36.210  2.793 0.4000000060
29559  35.662  -37.618  -0.341 0.6999999881
30393  35.604  -36.324  3.566 0.5000000000
29516  35.067  -36.914  3.047 0.4000000060
29569  34.793  -37.540  -1.039 0.6999999881
137898  35.469  -36.470  4.304 0.5000000000
128875  34.340  -36.397  -2.482 0.8000000119
29577  34.860  -37.720  -1.908 0.8000000119
30477  35.859  -36.457  -4.464 0.8000000119
122004  35.186  -37.145  -3.427 0.8000000119
30476  36.699  -36.551  -5.208 0.8000000119
31351  38.164  -35.832  -7.033 0.8999999762
30493  39.956  -36.330  -8.411 0.8999999762
29624  39.718  -37.419  -8.263 1.0000000000
28769  35.292  -38.089  -6.253 0.8000000119
30501  39.338  -36.674  -8.576 1.0000000000
27800  35.500  -39.129  -6.072 0.8000000119
29625  38.641  -37.608  -8.083 1.0000000000
29626  36.971  -37.668  -7.531 0.8000000119
31267  36.841  -35.154  1.563 0.6000000238
31268  35.510  -34.977  1.427 0.6000000238
32135  37.115  -34.597  1.956 0.6000000238
32146  34.383  -34.683  1.101 0.6999999881
31255  37.448  -34.573  3.026 0.4000000060
31256  37.424  -35.115  2.386 0.4000000060
127631  37.606  -35.671  1.916 0.4000000060
30392  36.401  -35.807  3.285 0.4000000060
30433  34.586  -36.715  -0.029 0.6999999881
31208  36.867  -35.857  5.106 0.5000000000
32101  37.847  -34.488  4.407 0.4000000060
30441  34.277  -36.958  -0.876 0.8000000119
30464  34.769  -36.475  -3.222 0.8000000119
31308  33.922  -35.686  -2.284 0.8000000119
31334  35.281  -35.266  -4.501 0.8000000119
30463  35.306  -36.460  -3.820 0.8000000119
31341  36.195  -35.066  -5.775 0.8000000119
31333  35.946  -35.704  -4.986 0.8000000119
31340  36.877  -35.884  -6.024 0.8999999762
31350  39.444  -35.675  -7.754 0.8999999762
32226  37.440  -34.364  -7.341 0.8999999762
30500  39.799  -36.066  -8.691 1.0000000000
30506  39.302  -35.783  -9.255 1.0000000000
29619  35.751  -37.687  -6.986 0.8000000119
28761  34.893  -38.427  -5.532 0.8000000119
30507  38.029  -36.095  -8.572 1.0000000000
126169  36.160  -36.893  -7.524 0.8000000119
121872  37.619  -36.863  -7.988 0.8000000119
32125  37.157  -33.984  2.426 0.6000000238
32136  36.097  -34.439  1.849 0.6000000238
31277  33.859  -35.150  0.478 0.6999999881
32147  33.665  -34.271  0.538 0.6999999881
32116  37.746  -34.137  3.574 0.4000000060
32124  37.545  -33.986  2.833 0.5000000000
31265  37.361  -34.641  2.324 0.5000000000
31288  33.588  -35.389  -0.339 0.8000000119
125792  33.267  -33.814  -0.274 0.8000000119
31245  37.307  -34.783  3.969 0.4000000060
31297  33.613  -35.446  -1.427 0.8000000119
32099  39.379  -34.206  4.810 0.4000000060
32100  38.565  -34.315  4.668 0.4000000060
31307  34.402  -35.678  -3.099 0.8000000119
32175  33.860  -34.994  -2.679 0.8000000119
31319  34.784  -35.267  -3.876 0.8000000119
122488  35.501  -34.862  -5.063 0.8000000119
32214  37.156  -35.103  -6.675 0.8999999762
32227  36.389  -34.369  -6.401 0.8000000119
134390  38.434  -34.394  -8.220 1.0000000000
31358  39.135  -34.938  -8.646 1.0000000000
117844  37.717  -33.676  -8.176 1.0000000000
32234  39.269  -34.971  -9.053 1.0000000000
127225  36.953  -34.768  -8.771 1.0000000000
30503  35.580  -35.921  -7.647 0.8999999762
29620  34.743  -37.219  -6.546 0.8999999762
31359  36.795  -35.570  -8.363 1.0000000000
30495  35.068  -36.702  -7.116 1.0000000000
32248  36.945  -33.965  -9.351 1.0000000000
116792  36.410  -32.663  -9.689 1.0000000000
32241  35.476  -33.788  -8.755 1.0000000000
33219  34.742  -33.311  -8.664 1.0000000000
116803  36.278  -31.785  -10.114 1.0000000000
116793  35.540  -32.357  -9.524 1.0000000000
33110  35.601  -33.653  2.010 0.6999999881
33111  34.683  -33.304  1.572 0.6999999881
34035  34.567  -32.568  1.366 0.6999999881
33101  36.433  -33.177  2.372 0.6000000238
32138  34.095  -33.791  1.169 0.6999999881
33090  38.667  -33.171  3.648 0.5000000000
128008  33.388  -32.941  -0.101 0.8000000119
33074  38.958  -33.607  4.329 0.4000000060
32155  33.311  -34.637  -0.870 0.8000000119
129762  33.679  -34.309  -2.573 0.8000000119
32188  34.045  -34.369  -3.141 0.8000000119
32203  34.924  -34.632  -4.470 0.8000000119
32187  34.467  -34.460  -3.799 0.8000000119
32215  35.713  -34.403  -5.654 0.6999999881
32202  35.158  -34.096  -5.119 0.8000000119
33207  36.576  -33.670  -7.033 0.8999999762
117226  35.885  -32.855  -6.766 0.8000000119
140954  36.692  -33.145  -7.651 1.0000000000
32235  39.006  -34.024  -9.013 1.0000000000
117145  37.278  -32.935  -8.512 1.0000000000
133600  36.891  -32.173  -8.618 1.0000000000
117446  38.516  -33.622  -9.215 1.0000000000
116795  37.281  -31.868  -9.601 1.0000000000
135632  38.063  -33.208  -9.297 1.0000000000
116794  37.286  -31.944  -9.995 1.0000000000
116799  37.286  -33.150  -9.637 1.0000000000
31361  34.619  -35.257  -7.776 1.0000000000
30496  34.164  -36.474  -6.770 1.0000000000
116802  37.033  -31.464  -10.292 1.0000000000
32236  34.880  -34.548  -8.264 1.0000000000
32242  34.399  -33.931  -8.278 1.0000000000
117652  35.123  -31.677  -9.490 1.0000000000
116797  34.697  -32.550  -8.895 1.0000000000
122796  35.340  -32.711  1.868 0.6999999881
33112  34.022  -32.906  1.055 0.6999999881
34023  37.834  -32.302  2.562 0.5000000000
34034  36.132  -32.299  2.125 0.6999999881
33121  33.621  -33.350  0.493 0.6999999881
33100  37.528  -33.192  2.690 0.6000000238
34011  39.018  -32.483  3.311 0.5000000000
34012  38.309  -32.821  2.976 0.5000000000
33142  33.215  -33.818  -1.320 0.8000000119
122843  33.426  -33.054  -1.783 0.8000000119
132093  33.616  -33.219  -2.499 0.6999999881
33168  34.186  -33.717  -3.546 0.8000000119
140582  34.647  -33.118  -4.545 0.8000000119
34097  34.354  -32.937  -3.952 0.8000000119
34129  35.231  -32.599  -5.767 0.6999999881
33198  34.928  -33.288  -5.113 0.6999999881
140940  35.504  -32.332  -6.374 0.8999999762
35048  35.386  -31.092  -5.712 0.8000000119
117347  35.709  -30.478  -6.039 0.8000000119
36842  36.441  -29.325  -6.027 0.8000000119
133710  35.782  -32.062  -6.863 0.8999999762
116787  35.715  -31.177  -6.696 0.8000000119
36852  35.986  -29.877  -6.286 0.8000000119
133677  36.273  -31.667  -7.632 1.0000000000
35965  35.899  -30.294  -6.885 0.8999999762
36851  36.372  -29.535  -7.034 0.8999999762
37827  37.035  -28.763  -6.654 0.8000000119
117800  36.218  -30.800  -7.606 0.8999999762
116791  36.621  -30.343  -8.469 1.0000000000
117164  37.858  -33.155  -9.501 1.0000000000
118316  36.886  -30.673  -10.561 1.0000000000
35089  36.504  -30.972  -10.453 1.0000000000
33211  33.728  -33.876  -7.811 1.0000000000
36906  36.989  -29.223  -10.685 1.0000000000
118813  35.613  -30.756  -10.074 1.0000000000
126067  34.230  -32.419  -8.060 1.0000000000
36908  36.105  -29.332  -10.614 1.0000000000
36893  35.524  -29.357  -10.152 1.0000000000
36884  34.851  -30.175  -8.768 1.0000000000
34944  37.390  -31.783  2.289 0.6999999881
127732  36.737  -31.708  2.046 0.6999999881
118658  35.557  -32.067  1.698 0.6999999881
34958  34.876  -31.905  1.348 0.6999999881
34046  34.187  -32.096  0.833 0.6999999881
34943  38.052  -31.525  2.272 0.6000000238
34047  33.680  -32.458  0.375 0.6999999881
34022  38.581  -32.018  2.706 0.5000000000
34060  33.448  -32.191  -0.403 0.6999999881
34073  33.446  -32.128  -1.423 0.8000000119
34086  33.642  -32.434  -2.470 0.6999999881
34098  33.996  -32.298  -3.363 0.6999999881
132512  34.352  -32.173  -4.024 0.6999999881
34115  34.717  -32.489  -4.730 0.6999999881
35049  35.003  -31.727  -5.282 0.6999999881
35953  35.460  -30.487  -5.403 0.8000000119
36833  35.562  -29.539  -4.640 0.8000000119
37799  36.706  -28.341  -4.769 0.8000000119
36832  36.153  -29.031  -5.193 0.8000000119
37815  36.950  -28.585  -5.713 0.8000000119
36865  36.674  -29.574  -8.103 1.0000000000
37836  37.042  -28.869  -7.643 0.8999999762
37826  37.707  -28.088  -6.287 0.8000000119
127887  37.701  -28.205  -7.221 0.8000000119
116796  37.071  -30.670  -9.640 1.0000000000
36882  37.049  -29.721  -9.184 1.0000000000
35993  37.203  -29.774  -10.081 1.0000000000
36892  37.250  -29.060  -10.395 1.0000000000
37884  36.714  -28.549  -10.616 1.0000000000
33208  33.359  -33.695  -7.115 1.0000000000
138564  35.984  -28.481  -10.219 1.0000000000
36883  35.337  -29.109  -9.495 1.0000000000
133941  35.074  -29.631  -8.873 1.0000000000
118220  34.546  -31.645  -8.616 1.0000000000
36866  35.196  -28.994  -8.557 1.0000000000
35857  37.521  -30.906  1.084 0.6999999881
34969  35.923  -31.298  1.023 0.6999999881
34971  34.477  -31.350  0.626 0.6000000238
35872  34.195  -30.781  0.147 0.6000000238
35889  33.861  -30.649  -0.460 0.6000000238
35000  33.567  -31.330  -1.601 0.6999999881
35022  33.822  -31.645  -2.839 0.6999999881
35010  33.587  -31.674  -2.131 0.6999999881
35021  34.183  -31.578  -3.613 0.6999999881
35933  34.449  -30.768  -3.843 0.6999999881
37800  35.921  -28.798  -4.248 0.8000000119
35944  34.996  -30.834  -4.863 0.6999999881
35943  35.381  -30.175  -4.930 0.8000000119
37798  37.354  -27.626  -4.232 0.8000000119
37814  37.543  -27.868  -5.326 0.8000000119
38755  38.506  -27.571  -6.872 0.8000000119
38766  38.100  -27.675  -7.882 0.8000000119
37853  37.638  -28.295  -9.296 1.0000000000
141173  37.869  -27.744  -8.785 1.0000000000
124200  38.527  -26.833  -7.759 0.6999999881
38782  37.788  -27.533  -9.622 1.0000000000
39710  38.324  -26.164  -8.694 0.8999999762
38801  37.586  -27.160  -10.074 1.0000000000
38802  36.842  -26.794  -10.254 1.0000000000
38783  36.681  -26.576  -9.813 1.0000000000
33199  33.238  -33.531  -6.270 1.0000000000
38803  36.262  -27.416  -10.039 1.0000000000
37854  35.660  -28.268  -9.355 1.0000000000
116798  34.606  -30.706  -8.008 1.0000000000
116786  34.343  -31.571  -7.587 1.0000000000
117853  33.965  -32.276  -7.152 1.0000000000
36867  34.843  -29.727  -7.914 1.0000000000
34970  35.184  -31.255  0.913 0.6999999881
35906  34.100  -30.022  -1.071 0.6000000238
35918  34.077  -30.132  -1.972 0.6999999881
36818  34.654  -29.995  -3.469 0.6999999881
124932  34.232  -30.388  -2.886 0.6999999881
36834  34.995  -30.091  -4.267 0.6999999881
36817  35.218  -29.324  -3.633 0.8000000119
37779  36.453  -28.141  -3.803 0.6999999881
38726  38.376  -27.321  -4.879 0.6999999881
119725  38.986  -27.027  -5.544 0.6999999881
38740  39.271  -26.621  -6.137 0.6999999881
39697  38.896  -25.949  -7.542 0.8000000119
38754  39.158  -26.741  -6.928 0.6999999881
39729  38.092  -26.384  -9.407 0.8999999762
39730  37.285  -26.180  -9.718 1.0000000000
39698  37.449  -25.782  -8.710 1.0000000000
130840  33.630  -32.122  -6.208 1.0000000000
38784  36.148  -27.475  -9.042 1.0000000000
116788  34.251  -30.869  -7.118 1.0000000000
37829  34.888  -28.918  -7.539 1.0000000000
35870  35.638  -30.780  0.551 0.6000000238
35871  34.825  -30.692  0.379 0.6000000238
35888  34.547  -30.155  -0.307 0.6000000238
36780  35.260  -29.586  -0.566 0.6000000238
36781  34.641  -29.600  -0.930 0.6000000238
36794  35.130  -29.111  -1.237 0.6000000238
36804  35.033  -28.884  -2.059 0.6000000238
124459  35.201  -28.885  -2.815 0.6000000238
37772  35.625  -28.388  -2.486 0.6999999881
132067  36.880  -27.572  -3.355 0.6999999881
140038  38.002  -27.237  -4.119 0.6999999881
118289  38.687  -27.106  -4.025 0.6999999881
39649  39.288  -26.823  -3.761 0.6999999881
38725  39.300  -26.859  -4.731 0.6999999881
38724  39.399  -26.599  -5.465 0.6999999881
43467  44.807  -22.170  -6.106 0.3000000119
40574  39.377  -25.480  -6.606 0.6999999881
39670  39.518  -26.099  -5.988 0.6999999881
44580  45.238  -21.909  -7.013 0.3000000119
41497  39.115  -24.879  -6.893 0.8000000119
31345  29.611  -36.208  -5.470 0.8999999762
40591  37.914  -25.373  -8.263 1.0000000000
32218  31.542  -34.821  -5.419 1.0000000000
34130  33.102  -32.891  -5.676 1.0000000000
33186  32.307  -33.419  -5.130 1.0000000000
38756  36.384  -26.907  -7.330 1.0000000000
135688  34.577  -28.854  -6.703 1.0000000000
37837  35.441  -28.266  -8.224 1.0000000000
116789  34.241  -30.141  -7.078 1.0000000000
138422  33.976  -31.445  -6.709 1.0000000000
36853  34.399  -29.409  -6.899 1.0000000000
123690  36.759  -30.253  -0.352 0.6000000238
36779  36.064  -29.754  -0.350 0.6000000238
35885  37.380  -30.168  -0.812 0.6000000238
36778  36.816  -29.266  -0.775 0.6000000238
36793  37.629  -29.332  -1.131 0.6000000238
37760  37.399  -28.456  -1.283 0.6999999881
38684  37.151  -27.761  -1.730 0.6999999881
37762  35.708  -28.555  -1.639 0.6000000238
37768  45.215  -28.649  -2.726 0.3000000119
38676  44.606  -27.807  -2.385 0.3000000119
38695  36.948  -27.468  -2.569 0.6999999881
38708  37.735  -27.208  -3.345 0.6999999881
43459  45.134  -23.048  -6.056 0.3000000119
43460  44.589  -22.844  -5.240 0.4000000060
44570  44.288  -21.365  -5.724 0.4000000060
30478  29.415  -36.644  -5.060 0.6999999881
31335  29.233  -35.929  -4.794 0.6999999881
120121  43.046  -19.070  -7.047 0.3000000119
44581  44.670  -21.281  -6.598 0.3000000119
40564  38.906  -24.932  -5.395 0.6999999881
32219  29.820  -35.464  -5.531 0.8999999762
41521  38.390  -24.935  -7.408 0.8000000119
32205  31.097  -34.323  -5.200 0.8999999762
45745  43.572  -20.150  -5.969 0.3000000119
45729  43.663  -20.756  -5.466 0.3000000119
40575  38.137  -24.945  -7.345 0.8000000119
39684  37.073  -26.102  -7.540 1.0000000000
35051  33.022  -31.811  -5.286 1.0000000000
38757  35.752  -27.521  -6.458 1.0000000000
35966  33.781  -30.581  -6.269 1.0000000000
35050  33.572  -31.329  -5.933 1.0000000000
37828  35.185  -28.330  -6.955 1.0000000000
36854  33.868  -29.768  -6.171 1.0000000000
36844  34.117  -29.079  -6.017 1.0000000000
37818  33.966  -28.609  -5.180 1.0000000000
37758  39.037  -28.661  -1.414 0.6999999881
37759  38.218  -28.521  -1.358 0.6999999881
36803  43.893  -29.420  -1.986 0.3000000119
37769  44.301  -28.646  -2.106 0.4000000060
38683  38.060  -27.784  -1.604 0.6999999881
38694  37.893  -27.292  -2.237 0.6999999881
38677  43.997  -27.586  -1.883 0.4000000060
38707  38.851  -27.175  -3.057 0.6999999881
39633  44.841  -26.960  -2.781 0.3000000119
38691  44.319  -27.087  -2.201 0.5000000000
137104  39.919  -27.043  -2.121 0.6999999881
39622  40.010  -26.536  -1.891 0.6999999881
39634  44.354  -26.387  -2.403 0.5000000000
132672  39.498  -26.657  -3.444 0.6999999881
128621  44.553  -24.208  -4.269 0.4000000060
41467  43.665  -24.421  -2.796 0.6000000238
41477  43.712  -23.901  -3.293 0.5000000000
40543  39.464  -26.224  -3.570 0.6999999881
42424  44.606  -23.631  -4.744 0.3000000119
40555  39.402  -25.631  -4.615 0.6999999881
46785  40.930  -18.979  -3.951 0.4000000060
43436  43.308  -22.551  -3.769 0.4000000060
31320  28.917  -35.729  -3.803 0.6999999881
46804  41.928  -18.988  -5.239 0.4000000060
43451  43.870  -22.377  -4.571 0.4000000060
135263  28.888  -36.375  -3.353 0.6000000238
46830  42.675  -18.920  -6.378 0.3000000119
46803  42.571  -19.258  -5.660 0.3000000119
44571  43.749  -21.497  -4.966 0.4000000060
44533  43.088  -21.694  -4.162 0.4000000060
41498  38.652  -24.695  -6.346 0.6999999881
41489  38.498  -24.857  -4.439 0.6999999881
46783  42.283  -19.649  -4.934 0.4000000060
45704  43.124  -20.860  -4.720 0.4000000060
44534  42.376  -21.396  -3.551 0.4000000060
41499  38.058  -24.393  -6.056 0.8000000119
46829  43.184  -19.483  -6.164 0.3000000119
46802  42.995  -20.059  -5.325 0.3000000119
134822  42.591  -21.001  -4.162 0.4000000060
40565  37.815  -24.737  -6.525 0.8000000119
34131  32.501  -32.530  -4.993 1.0000000000
39671  37.159  -25.525  -6.496 0.8999999762
39685  36.445  -26.546  -6.401 1.0000000000
131293  33.381  -30.064  -5.554 1.0000000000
37817  34.554  -28.523  -6.020 1.0000000000
37816  35.133  -28.121  -5.994 1.0000000000
136299  33.463  -29.328  -5.149 1.0000000000
35945  32.848  -29.934  -4.861 1.0000000000
37802  33.197  -28.499  -4.430 1.0000000000
36835  32.784  -29.245  -4.463 1.0000000000
36790  40.276  -29.465  -1.464 0.6000000238
37757  40.891  -28.552  -1.571 0.6000000238
126251  39.646  -28.095  -1.592 0.6999999881
37755  42.953  -28.555  -1.611 0.5000000000
128591  41.653  -28.409  -1.561 0.6000000238
38681  40.479  -27.828  -1.722 0.6999999881
37754  43.735  -28.223  -1.794 0.5000000000
38678  43.253  -27.662  -1.649 0.4000000060
38692  39.772  -27.473  -1.869 0.6999999881
38693  38.887  -27.332  -1.986 0.6999999881
39618  42.762  -27.021  -1.588 0.6000000238
39620  41.065  -27.049  -1.758 0.6999999881
39635  43.624  -26.744  -1.818 0.6000000238
39621  40.387  -27.099  -1.941 0.6999999881
40533  44.297  -25.607  -2.659 0.6000000238
40534  43.575  -25.193  -2.305 0.6000000238
40528  40.084  -25.730  -1.629 0.6999999881
41466  44.138  -24.953  -2.887 0.5000000000
42389  43.142  -23.730  -2.733 0.6000000238
41449  42.285  -24.609  -1.743 0.6000000238
40529  39.431  -25.676  -1.936 0.6000000238
46765  39.854  -19.041  -2.803 0.4000000060
42415  43.748  -23.000  -4.108 0.4000000060
42406  43.478  -23.276  -3.490 0.4000000060
42390  41.939  -23.816  -1.877 0.5000000000
41450  41.442  -24.381  -1.605 0.6000000238
40537  39.154  -25.710  -2.681 0.6999999881
42407  42.892  -22.914  -3.047 0.5000000000
40544  38.967  -25.560  -3.629 0.6999999881
46784  41.693  -19.387  -4.425 0.4000000060
46764  40.615  -19.593  -3.210 0.5000000000
43437  42.655  -22.153  -3.338 0.4000000060
32220  29.402  -34.842  -5.321 0.8999999762
32207  29.373  -35.403  -5.162 0.6999999881
44535  41.744  -21.107  -3.101 0.4000000060
41490  37.845  -24.550  -5.018 0.6999999881
118486  38.354  -24.566  -5.527 0.6999999881
45684  42.104  -20.647  -3.726 0.4000000060
33201  30.544  -33.707  -5.194 0.8999999762
34116  31.770  -32.634  -4.651 0.8999999762
35954  33.105  -30.757  -5.294 1.0000000000
35036  32.158  -31.865  -4.599 1.0000000000
39672  35.759  -27.002  -5.446 1.0000000000
35955  32.491  -31.203  -4.745 1.0000000000
38744  34.567  -28.042  -5.157 1.0000000000
35946  32.349  -30.518  -4.570 1.0000000000
119261  31.704  -31.122  -4.268 1.0000000000
38728  34.203  -27.600  -4.232 1.0000000000
39663  32.070  -26.507  -4.316 0.8999999762
38710  32.969  -27.088  -3.904 1.0000000000
37782  32.596  -27.848  -4.216 1.0000000000
128880  31.540  -29.133  -4.252 1.0000000000
36836  32.113  -29.722  -4.325 1.0000000000
129293  32.112  -27.215  -4.215 1.0000000000
37803  31.813  -28.188  -4.263 1.0000000000
37804  31.005  -28.496  -4.465 0.8999999762
39664  31.482  -26.813  -4.576 1.0000000000
38729  31.260  -27.619  -4.500 0.8999999762
38679  42.299  -27.870  -1.582 0.6000000238
38680  41.395  -27.784  -1.658 0.6999999881
39619  41.904  -27.035  -1.586 0.6999999881
125897  41.513  -26.152  -1.560 0.6999999881
40525  43.126  -25.890  -1.759 0.6000000238
40526  42.326  -25.527  -1.594 0.6000000238
124642  40.629  -26.355  -1.698 0.6999999881
135178  41.559  -25.173  -1.524 0.6000000238
134351  40.944  -24.885  -1.484 0.6000000238
41451  40.279  -25.025  -1.439 0.6000000238
47739  39.938  -18.443  -3.306 0.3000000119
40535  42.916  -25.103  -1.810 0.6000000238
41452  39.643  -25.133  -1.527 0.6000000238
141386  39.400  -19.476  -2.383 0.4000000060
46743  39.058  -18.926  -2.476 0.4000000060
127832  40.651  -24.318  -1.466 0.6000000238
42369  41.162  -23.613  -1.630 0.5000000000
41453  38.944  -24.662  -1.592 0.6000000238
43419  41.502  -22.211  -2.277 0.4000000060
41469  38.559  -24.946  -2.144 0.6000000238
46742  39.950  -19.856  -2.537 0.5000000000
44517  41.421  -21.565  -2.600 0.4000000060
44516  42.023  -21.811  -2.871 0.4000000060
41454  38.178  -24.293  -1.848 0.6000000238
45669  40.552  -20.400  -2.707 0.5000000000
45668  41.031  -21.030  -2.707 0.4000000060
41479  37.467  -24.570  -3.685 0.6000000238
32206  30.177  -34.726  -5.430 0.8999999762
137697  36.932  -25.021  -4.709 0.8999999762
41491  37.586  -24.658  -5.438 0.8000000119
34117  31.002  -32.662  -4.656 0.8999999762
35038  30.683  -31.810  -4.460 0.8999999762
35037  31.347  -31.861  -4.369 0.8999999762
38727  35.050  -27.427  -4.666 1.0000000000
37781  33.378  -27.643  -4.148 1.0000000000
121573  31.718  -30.426  -4.259 1.0000000000
36837  31.250  -30.051  -4.211 0.8999999762
39674  30.645  -27.100  -5.172 1.0000000000
38730  30.549  -27.915  -4.815 0.8999999762
39687  30.692  -26.402  -6.049 1.0000000000
38758  30.116  -27.106  -6.277 0.8999999762
125532  42.442  -26.349  -1.572 0.6999999881
48727  40.110  -17.844  -3.784 0.3000000119
141905  39.519  -17.967  -3.283 0.3000000119
46744  38.254  -18.971  -2.269 0.3000000119
129482  39.805  -24.447  -1.386 0.6000000238
46727  38.762  -19.522  -2.095 0.5000000000
46728  37.998  -19.596  -1.878 0.4000000060
42370  40.261  -23.598  -1.421 0.5000000000
43401  40.801  -22.694  -1.673 0.5000000000
122079  39.756  -22.849  -1.463 0.5000000000
42371  39.302  -23.749  -1.390 0.5000000000
123920  39.309  -20.064  -1.987 0.5000000000
44500  40.121  -22.107  -1.661 0.5000000000
45650  39.125  -20.953  -1.585 0.5000000000
41470  37.606  -24.333  -2.471 0.6000000238
44519  39.950  -21.373  -1.805 0.5000000000
127125  37.429  -21.709  -1.291 0.5000000000
140077  38.649  -21.573  -1.395 0.5000000000
125290  37.211  -24.680  -4.347 0.6000000238
139506  36.711  -25.460  -4.922 0.8999999762
39661  35.570  -26.637  -4.422 0.8999999762
39660  36.456  -26.026  -5.314 0.8999999762
39662  34.688  -27.014  -3.786 0.8999999762
39653  32.669  -26.476  -4.008 0.8999999762
38709  33.787  -27.065  -3.689 0.8999999762
125821  30.557  -29.528  -4.516 0.8999999762
35023  30.992  -31.261  -4.095 0.8999999762
40559  31.770  -26.192  -4.667 0.8000000119
39673  31.282  -26.322  -5.248 0.6999999881
134939  29.864  -29.404  -5.089 0.8999999762
131750  29.886  -27.903  -5.581 0.8999999762
37820  29.661  -28.898  -5.709 0.8999999762
48728  39.423  -17.337  -3.470 0.3000000119
48714  38.837  -17.694  -2.932 0.3000000119
48715  37.961  -17.793  -2.643 0.4000000060
48729  37.305  -17.329  -2.837 0.3000000119
48716  37.688  -18.446  -2.420 0.3000000119
47723  36.773  -18.571  -2.477 0.4000000060
46729  37.314  -19.716  -1.920 0.4000000060
45652  37.649  -20.306  -1.624 0.5000000000
45653  36.776  -20.281  -1.805 0.4000000060
43402  38.809  -22.966  -1.413 0.5000000000
42372  38.464  -23.762  -1.526 0.5000000000
44501  39.211  -22.016  -1.510 0.5000000000
42373  37.637  -23.635  -1.735 0.5000000000
131456  37.567  -22.887  -1.464 0.5000000000
42392  37.012  -23.704  -2.232 0.5000000000
42374  36.855  -23.090  -1.728 0.5000000000
41471  36.782  -24.111  -2.855 0.5000000000
136683  36.316  -22.983  -1.922 0.5000000000
41472  36.085  -23.856  -2.924 0.6000000238
41480  36.611  -24.418  -3.461 0.6000000238
42408  35.245  -23.744  -2.732 0.6999999881
40546  35.461  -25.347  -3.507 0.6999999881
40557  36.159  -25.730  -4.232 0.6999999881
129404  34.867  -24.959  -3.202 0.6999999881
40547  34.571  -25.610  -3.437 0.8000000119
39650  35.119  -26.193  -3.697 0.8000000119
35948  30.481  -30.853  -4.392 0.8999999762
39652  33.401  -26.422  -3.702 0.8999999762
39651  34.202  -26.375  -3.551 0.8999999762
40558  32.358  -25.789  -4.332 0.6999999881
36845  29.534  -29.852  -5.814 0.8999999762
37830  29.525  -28.462  -6.356 0.8999999762
40578  30.756  -25.778  -6.970 1.0000000000
48730  36.577  -17.796  -2.848 0.3000000119
47740  36.111  -18.358  -2.868 0.4000000060
48731  35.804  -17.821  -3.464 0.3000000119
46746  36.714  -19.446  -2.181 0.4000000060
47741  35.585  -18.676  -3.309 0.3000000119
140986  36.212  -20.504  -1.870 0.4000000060
46747  35.951  -19.150  -2.595 0.4000000060
46766  35.261  -19.399  -3.144 0.4000000060
44504  36.670  -21.720  -1.445 0.4000000060
122832  35.667  -20.719  -2.026 0.4000000060
45673  34.908  -20.617  -2.523 0.4000000060
44505  35.866  -21.620  -1.780 0.4000000060
44520  35.095  -21.378  -2.236 0.4000000060
42395  35.225  -23.044  -2.532 0.5000000000
43420  35.873  -22.914  -2.216 0.5000000000
130241  34.175  -24.943  -3.316 0.6000000238
40548  33.783  -25.687  -3.545 0.8000000119
40549  33.088  -25.740  -3.846 0.6999999881
40567  31.804  -25.539  -5.307 0.6999999881
38759  29.628  -27.826  -6.748 0.8999999762
37838  29.415  -28.626  -7.329 0.8999999762
40593  30.701  -25.753  -8.219 0.8999999762
131768  30.047  -27.019  -8.572 0.8000000119
39700  29.909  -27.192  -7.539 0.8000000119
40616  31.019  -25.271  -9.764 0.8000000119
118901  35.600  -16.963  -3.943 0.3000000119
47766  35.282  -18.384  -3.951 0.3000000119
46767  34.717  -19.759  -3.656 0.3000000119
47742  35.047  -19.023  -3.906 0.4000000060
45687  34.370  -20.608  -3.223 0.4000000060
44521  34.562  -21.932  -2.576 0.5000000000
44536  33.930  -21.608  -3.127 0.5000000000
44537  33.425  -21.688  -3.897 0.5000000000
43438  34.064  -22.549  -2.915 0.5000000000
42410  33.660  -23.279  -3.324 0.5000000000
41483  33.894  -24.161  -3.245 0.5000000000
41484  33.516  -24.940  -3.638 0.6999999881
129047  32.923  -25.003  -4.143 0.6999999881
40566  32.443  -24.950  -4.917 0.6999999881
41501  32.183  -24.707  -5.950 0.6999999881
40577  31.548  -25.180  -6.484 0.6999999881
136243  32.343  -23.675  -7.049 0.6999999881
40592  31.286  -25.085  -7.599 0.8000000119
41523  31.672  -24.458  -8.170 0.6999999881
50696  36.790  -16.004  -3.544 0.3000000119
49766  34.983  -16.923  -4.630 0.3000000119
48757  34.623  -17.660  -5.024 0.4000000060
48756  35.172  -17.742  -4.293 0.3000000119
47767  34.665  -18.502  -4.609 0.4000000060
46786  34.424  -19.383  -4.439 0.4000000060
45688  33.775  -20.969  -3.884 0.4000000060
45708  33.558  -20.596  -4.660 0.3000000119
141188  33.099  -21.671  -4.500 0.5000000000
42416  33.060  -23.043  -3.955 0.6000000238
44556  33.027  -21.212  -5.090 0.3000000119
43453  32.735  -22.026  -4.897 0.5000000000
44573  32.719  -21.867  -5.730 0.4000000060
138310  33.215  -24.049  -3.870 0.6999999881
42417  32.777  -23.508  -4.785 0.6999999881
43462  32.642  -22.685  -5.352 0.6000000238
41492  32.780  -24.363  -4.580 0.6999999881
41500  32.587  -24.192  -5.437 0.6999999881
41507  32.411  -23.949  -6.350 0.6000000238
47779  34.310  -18.331  -5.480 0.3000000119
46787  33.808  -19.790  -4.944 0.3000000119
45730  33.366  -20.357  -5.489 0.3000000119
46831  33.992  -18.825  -5.857 0.3000000119
45746  33.305  -20.247  -6.383 0.3000000119
131145  33.554  -19.551  -6.748 0.3000000119
44572  32.998  -21.048  -6.062 0.3000000119
44582  32.955  -20.890  -6.873 0.4000000060
43468  32.617  -22.590  -6.216 0.5000000000
44583  32.810  -21.796  -6.755 0.5000000000
127632  32.670  -22.595  -6.906 0.6000000238
42430  32.563  -23.090  -7.353 0.6000000238
128455  35.145  -15.548  -5.146 0.4000000060
50740  34.692  -16.081  -5.882 0.3000000119
49790  34.686  -16.926  -5.452 0.3000000119
49803  34.590  -16.931  -6.335 0.3000000119
48774  34.438  -17.628  -5.907 0.3000000119
48781  34.367  -17.565  -6.798 0.3000000119
46832  33.788  -18.992  -6.384 0.3000000119
47795  33.755  -18.846  -7.046 0.3000000119
46852  33.556  -19.512  -7.570 0.3000000119
45756  33.340  -20.289  -7.260 0.4000000060
128036  33.432  -20.281  -8.126 0.4000000060
130171  32.875  -22.336  -7.551 0.6000000238
137244  33.215  -21.331  -7.813 0.4000000060
45763  33.361  -20.929  -8.789 0.4000000060
43480  33.086  -22.248  -8.415 0.5000000000
42437  32.644  -22.951  -8.158 0.6000000238
41550  31.400  -24.690  -10.187 0.6999999881
39732  30.305  -26.642  -9.980 0.8000000119
130863  35.036  -15.127  -6.016 0.4000000060
50759  34.676  -15.637  -6.578 0.3000000119
134196  34.540  -16.952  -7.064 0.3000000119
47820  34.062  -18.132  -7.339 0.3000000119
47821  33.750  -18.740  -7.867 0.3000000119
46859  33.533  -19.419  -8.403 0.4000000060
122678  33.410  -20.110  -8.972 0.4000000060
135268  33.459  -20.682  -9.483 0.4000000060
44593  33.294  -21.665  -8.784 0.4000000060
43481  32.785  -22.869  -9.003 0.5000000000
44606  33.413  -21.480  -9.668 0.4000000060
41522  32.267  -23.748  -7.890 0.6000000238
43498  33.188  -22.271  -9.334 0.4000000060
42467  32.014  -23.983  -9.623 0.6999999881
43499  32.992  -22.979  -9.881 0.4000000060
43515  32.854  -23.012  -10.841 0.4000000060
42466  32.459  -23.584  -10.330 0.6000000238
42476  32.150  -23.675  -11.372 0.5000000000
127940  31.863  -24.238  -10.713 0.6000000238
41551  30.829  -25.311  -10.574 0.6999999881
41568  30.535  -25.136  -11.025 0.6999999881
117961  35.380  -14.250  -5.757 0.3000000119
120961  34.619  -15.636  -7.380 0.3000000119
49810  34.528  -16.507  -7.594 0.3000000119
48796  34.360  -17.331  -7.694 0.3000000119
47837  33.973  -17.986  -8.189 0.3000000119
47838  33.608  -18.610  -8.710 0.4000000060
46867  33.485  -19.331  -9.278 0.3000000119
46880  33.568  -19.363  -10.225 0.3000000119
126475  33.478  -20.073  -9.826 0.3000000119
46896  33.713  -20.201  -10.792 0.3000000119
43514  33.253  -22.310  -10.309 0.4000000060
44623  33.474  -21.611  -10.788 0.3000000119
45784  33.763  -20.978  -11.333 0.3000000119
43525  33.171  -22.319  -11.323 0.3000000119
44638  33.527  -21.651  -11.823 0.3000000119
44639  32.950  -22.182  -12.251 0.4000000060
43526  32.558  -22.870  -11.789 0.5000000000
42477  31.544  -24.285  -11.387 0.5000000000
42478  30.975  -24.499  -11.578 0.5000000000
51855  34.635  -14.667  -7.432 0.3000000119
139003  34.624  -15.217  -8.060 0.3000000119
134123  34.406  -16.740  -8.218 0.3000000119
48816  34.116  -17.261  -8.570 0.3000000119
48817  33.683  -17.846  -9.073 0.3000000119
124492  33.860  -19.513  -11.270 0.3000000119
45800  34.066  -20.390  -11.902 0.3000000119
45801  33.969  -21.054  -12.360 0.3000000119
44646  33.456  -21.540  -12.704 0.3000000119
43539  32.166  -22.573  -12.558 0.4000000060
42494  31.385  -23.915  -11.940 0.5000000000
43528  31.027  -23.407  -12.531 0.5000000000
42495  30.628  -23.876  -12.012 0.5000000000
52901  34.651  -14.020  -7.854 0.3000000119
50778  34.640  -15.173  -8.795 0.3000000119
49829  34.283  -16.544  -8.923 0.3000000119
48824  33.987  -17.136  -9.435 0.3000000119
48825  33.759  -17.822  -10.035 0.3000000119
47855  33.727  -18.644  -10.646 0.3000000119
47869  33.967  -18.839  -11.615 0.3000000119
46895  34.337  -19.620  -12.528 0.3000000119
44647  32.576  -21.948  -13.025 0.4000000060
137891  31.734  -22.324  -13.064 0.4000000060
43541  30.728  -22.835  -12.863 0.4000000060
123244  30.004  -22.377  -12.882 0.4000000060
42506  30.103  -23.057  -12.372 0.5000000000
43542  29.268  -22.539  -12.599 0.4000000060
125559  35.094  -12.837  -7.046 0.3000000119
51854  34.716  -13.747  -7.118 0.3000000119
50800  34.539  -15.788  -9.341 0.3000000119
48839  34.122  -17.056  -10.394 0.3000000119
48840  34.039  -17.923  -11.230 0.3000000119
47868  34.382  -18.560  -12.445 0.3000000119
45812  33.961  -20.925  -13.095 0.3000000119
45816  34.274  -20.289  -13.453 0.3000000119
44655  33.196  -21.265  -13.245 0.3000000119
44656  32.378  -21.470  -13.307 0.4000000060
44648  30.883  -22.287  -13.273 0.3000000119
52900  34.840  -13.335  -7.863 0.3000000119
52920  34.775  -13.851  -8.547 0.3000000119
52930  35.008  -13.752  -9.329 0.3000000119
51880  34.794  -14.452  -9.076 0.3000000119
134193  34.779  -15.496  -10.121 0.3000000119
49872  34.421  -16.152  -10.641 0.3000000119
49880  34.701  -16.105  -11.844 0.3000000119
119500  34.389  -16.972  -11.461 0.3000000119
48849  34.802  -17.000  -12.680 0.3000000119
46907  34.539  -19.811  -13.585 0.3000000119
52919  34.974  -13.017  -8.725 0.3000000119
120482  34.903  -15.016  -9.582 0.3000000119
52941  35.399  -13.729  -10.189 0.3000000119
51897  35.211  -14.716  -10.399 0.3000000119
50823  34.813  -15.383  -11.031 0.3000000119
48856  34.902  -18.072  -13.468 0.3000000119
47880  34.859  -19.118  -13.593 0.3000000119
46913  34.491  -19.806  -13.970 0.3000000119
119536  35.189  -13.101  -9.580 0.3000000119
54062  35.369  -12.637  -10.292 0.3000000119
51914  35.272  -14.792  -11.255 0.3000000119
52959  35.660  -13.272  -11.035 0.4000000060
50832  35.171  -15.288  -11.944 0.3000000119
139649  34.910  -16.369  -12.631 0.3000000119
49887  35.311  -16.629  -13.460 0.3000000119
128628  35.572  -14.513  -11.975 0.4000000060
52973  35.827  -13.674  -11.829 0.4000000060
51926  35.477  -15.129  -13.119 0.4000000060
130921  35.595  -12.475  -11.233 0.3000000119
31364  38.241  -35.242  -8.994 1.0000000000
32247  38.161  -33.682  -9.426 1.0000000000
30502  36.743  -36.261  -7.937 0.8999999762
40604  31.103  -25.125  -8.699 0.8000000119
41537  31.477  -24.538  -9.178 0.8000000119
41536  31.929  -23.998  -8.710 0.6999999881
25076  36.860  -42.678  0.144 0.6000000238
22508  35.051  -45.148  2.333 0.5000000000
22501  34.692  -44.914  3.083 0.5000000000
27746  36.500  -39.661  1.048 0.6000000238
27802  40.118  -39.636  -7.308 0.8999999762
122277  36.875  -38.176  1.530 0.5000000000
27730  34.152  -39.516  2.379 0.5000000000
25045  33.579  -42.549  3.501 0.4000000060
29568  35.436  -38.054  -1.142 0.6999999881
30423  35.367  -36.274  0.622 0.6999999881
28691  34.272  -38.658  2.528 0.5000000000
28681  33.736  -38.596  3.377 0.5000000000
30442  33.997  -36.319  -1.615 0.8000000119
25031  33.154  -42.148  4.350 0.4000000060
31287  34.254  -35.930  0.212 0.6999999881
31228  36.760  -35.458  4.386 0.4000000060
32126  36.505  -33.990  2.186 0.6000000238
32115  38.273  -33.824  4.046 0.4000000060
32078  38.104  -34.918  5.166 0.4000000060
32163  33.459  -34.606  -1.910 0.8000000119
31363  39.189  -34.974  -9.115 1.0000000000
141758  35.922  -34.422  -8.605 1.0000000000
34024  36.995  -32.409  2.422 0.6999999881
117302  37.716  -32.752  -9.241 1.0000000000
116801  34.822  -30.799  -9.164 1.0000000000
37883  37.204  -28.379  -10.504 1.0000000000
38742  38.394  -27.549  -5.882 0.8000000119
36864  37.276  -28.976  -8.702 1.0000000000
36881  37.418  -29.021  -9.749 1.0000000000
37780  35.696  -28.497  -3.325 0.6999999881
40590  38.394  -25.413  -7.844 0.8000000119
38767  36.678  -26.577  -8.617 1.0000000000
38768  35.879  -27.533  -7.791 1.0000000000
40576  37.740  -25.288  -7.575 1.0000000000
37748  35.922  -29.017  -0.852 0.6000000238
40554  44.741  -24.906  -4.122 0.4000000060
31344  30.319  -36.000  -5.753 1.0000000000
33187  31.402  -33.452  -4.916 1.0000000000
42414  44.078  -23.644  -4.003 0.4000000060
37801  33.845  -28.084  -4.560 1.0000000000
40541  44.988  -25.660  -3.894 0.4000000060
41476  44.241  -24.453  -3.514 0.5000000000
40542  44.577  -25.263  -3.337 0.5000000000
46763  41.339  -19.618  -3.731 0.4000000060
45706  41.894  -19.969  -3.961 0.4000000060
128399  32.336  -28.777  -4.226 1.0000000000
43418  42.214  -22.565  -2.634 0.5000000000
131022  30.321  -26.535  -6.902 0.8000000119
45651  38.513  -20.226  -1.666 0.5000000000
132097  38.117  -23.095  -1.436 0.5000000000
42393  36.350  -23.437  -2.353 0.5000000000
40545  36.428  -24.943  -3.814 0.6999999881
43421  34.713  -22.633  -2.624 0.5000000000
42409  34.431  -23.398  -2.840 0.5000000000
138776  34.485  -21.197  -2.647 0.5000000000
41508  31.944  -24.374  -7.062 0.6999999881
42447  32.374  -23.486  -8.803 0.6000000238
47845  33.571  -18.568  -9.637 0.3000000119
24201  39.789  -43.976  -4.537 0.5000000000
25111  39.452  -43.050  -5.096 0.5000000000
26031  40.097  -41.218  -6.295 0.5000000000
23337  40.824  -44.844  -4.321 0.5000000000
24200  40.631  -44.103  -5.688 0.5000000000
23331  41.909  -44.078  -2.681 0.5000000000
24195  40.470  -44.347  -3.676 0.5000000000
23330  42.059  -44.347  -2.462 0.5000000000
23326  41.585  -43.826  -1.768 0.4000000060
25088  41.235  -42.438  -2.070 0.5000000000
23327  40.694  -43.420  -1.405 0.4000000060
25089  40.680  -41.771  -1.785 0.5000000000
23314  39.561  -44.412  -1.003 0.5000000000
141440  40.519  -41.944  -1.472 0.5000000000
27796  30.388  -39.375  -4.591 0.6999999881
27789  30.385  -39.713  -3.893 0.6999999881
136458  31.693  -38.259  -4.869 0.8000000119
29599  33.187  -37.616  -5.065 0.8000000119
28754  32.653  -38.004  -4.377 0.8000000119
29621  33.719  -36.896  -6.187 0.8999999762
28757  30.064  -39.308  -4.723 0.6999999881
29610  32.700  -37.181  -5.783 0.8999999762
29611  31.608  -37.493  -5.757 0.8999999762
29622  32.845  -36.653  -6.267 0.8999999762
30497  33.348  -36.313  -6.639 0.8999999762
125336  29.883  -38.575  -5.013 0.6000000238
28756  30.439  -38.880  -5.089 0.8000000119
30486  31.980  -36.829  -6.190 0.8999999762
30498  32.566  -36.226  -6.556 0.8999999762
31352  33.086  -35.171  -7.295 0.8999999762
32237  33.867  -34.692  -7.811 0.8999999762
34999  39.119  -31.566  -1.736 0.5000000000
35867  37.985  -31.059  -0.393 0.5000000000
122839  37.436  -30.688  -0.346 0.5000000000
35856  38.183  -30.783  0.836 0.6000000238
126317  37.546  -30.849  0.241 0.5000000000
35868  36.932  -30.789  0.366 0.5000000000
34955  38.180  -31.000  1.693 0.6000000238
29589  29.493  -37.491  -4.855 0.6000000238
29613  30.199  -37.524  -5.778 0.8999999762
141619  31.464  -36.716  -6.120 0.8999999762
29612  30.832  -37.746  -5.821 0.8999999762
31353  32.506  -35.645  -6.717 0.8999999762
32228  33.240  -34.484  -7.336 0.8999999762
128340  39.575  -30.398  -1.702 0.5000000000
35905  37.833  -30.221  -1.211 0.5000000000
35903  38.810  -30.949  -1.801 0.5000000000
132079  37.835  -30.829  -1.024 0.5000000000
35902  39.410  -31.367  -2.178 0.5000000000
35884  38.464  -31.197  -1.234 0.5000000000
30488  30.135  -36.798  -5.821 0.8999999762
30489  29.726  -37.087  -5.507 0.6999999881
121789  30.932  -36.580  -5.962 0.8999999762
31354  31.736  -36.193  -6.351 0.8999999762
32229  32.647  -34.965  -6.717 0.8999999762
32216  33.009  -34.204  -6.414 0.8999999762
121165  40.524  -30.370  -1.703 0.5000000000
36792  38.328  -29.504  -1.348 0.5000000000
35901  41.198  -30.768  -2.053 0.5000000000
130735  40.094  -31.326  -2.419 0.5000000000
31343  31.160  -35.658  -5.810 0.8999999762
32217  32.369  -34.410  -5.643 0.8999999762
33200  32.879  -33.742  -5.715 0.8999999762
139839  41.641  -29.963  -1.604 0.5000000000
36789  41.397  -29.231  -1.521 0.5000000000
35900  42.451  -30.183  -1.792 0.5000000000
36787  43.137  -29.366  -1.724 0.4000000060
32221  29.088  -34.608  -5.156 0.6000000238
134903  28.596  -34.156  -4.232 0.6000000238
33188  28.690  -33.854  -5.428 0.6999999881
34120  28.328  -33.205  -5.551 0.6999999881
34135  27.901  -32.680  -6.083 0.6999999881
35053  27.539  -31.700  -6.101 0.6999999881
34133  28.975  -33.591  -6.169 0.8000000119
33202  29.483  -34.290  -5.578 0.8000000119
34134  28.496  -33.295  -6.211 0.6999999881
132961  28.135  -32.818  -6.911 0.6999999881
34143  27.826  -32.477  -7.107 0.6999999881
34149  27.898  -32.356  -7.540 0.6999999881
35070  27.943  -31.963  -7.836 0.6999999881
35052  29.583  -32.113  -5.974 0.8000000119
35061  29.226  -32.080  -7.114 0.8000000119
35039  29.996  -31.942  -4.898 0.8000000119
35069  28.463  -31.816  -7.994 0.6999999881
35068  28.792  -31.918  -7.797 0.6999999881
125585  29.277  -31.247  -7.495 0.8000000119
35949  29.793  -31.222  -5.068 0.8000000119
35975  28.960  -31.102  -8.201 0.6999999881
35967  29.345  -30.411  -7.901 0.8000000119
36885  28.936  -29.741  -8.917 0.6000000238
36838  29.796  -30.270  -4.960 0.8000000119
137938  29.421  -30.383  -6.814 0.8000000119
37855  29.009  -29.151  -8.827 0.6000000238
37871  29.015  -28.402  -9.352 0.6000000238
38805  28.782  -27.797  -9.978 0.6000000238
136374  29.294  -29.503  -8.106 0.8000000119
38785  29.428  -27.906  -9.628 0.6000000238
125409  29.602  -27.681  -10.046 0.6000000238
36855  29.419  -29.415  -6.825 0.8000000119
128751  29.366  -27.636  -10.130 0.6000000238
131512  29.481  -28.025  -7.892 0.6999999881
39714  29.923  -27.309  -9.635 0.6000000238
40634  30.397  -25.760  -10.668 0.6999999881
39749  29.652  -26.382  -10.471 0.6000000238
39733  29.794  -27.133  -10.244 0.6000000238
40635  30.087  -25.788  -10.795 0.6000000238
38769  29.654  -27.637  -8.748 0.6999999881
39713  30.319  -26.501  -8.968 0.6999999881
120459  39.630  -43.574  -0.960 0.5000000000
24166  40.231  -42.688  -1.213 0.5000000000
24191  41.086  -43.126  -2.568 0.5000000000
24194  41.404  -44.058  -3.081 0.5000000000
30505  33.729  -35.441  -7.410 0.8999999762
34119  29.589  -33.021  -5.796 0.8000000119
23336  41.604  -44.898  -3.616 0.5000000000
23325  41.997  -44.370  -2.129 0.5000000000
28755  31.041  -38.879  -4.837 0.8000000119
35866  38.680  -31.130  -0.426 0.5000000000
126572  29.068  -32.863  -6.763 0.8000000119
34141  28.592  -32.504  -7.360 0.6999999881
35956  29.483  -31.021  -6.117 0.8000000119
35986  28.813  -30.327  -8.632 0.6999999881
36868  29.089  -30.154  -8.661 0.6999999881
33088  40.223  -32.966  3.968 0.4000000060
33087  41.095  -33.188  3.768 0.4000000060
34010  39.814  -32.360  3.463 0.4000000060
34009  40.667  -32.414  3.422 0.4000000060
34940  40.614  -31.492  2.232 0.5000000000
33099  41.580  -32.599  3.058 0.4000000060
33098  42.353  -33.231  2.658 0.4000000060
34953  40.133  -31.070  1.302 0.5000000000
34954  38.895  -30.908  1.509 0.5000000000
34033  41.831  -31.971  1.669 0.4000000060
126865  40.964  -31.959  2.910 0.4000000060
33109  42.847  -33.006  1.887 0.4000000060
34018  42.143  -32.489  2.207 0.4000000060
33108  43.399  -33.578  1.439 0.4000000060
35854  39.428  -31.029  0.357 0.5000000000
34952  41.067  -31.473  1.268 0.5000000000
136950  42.856  -32.160  0.535 0.4000000060
34044  43.350  -32.459  0.173 0.4000000060
33129  45.212  -33.672  -1.565 0.4000000060
33130  44.677  -33.385  -0.743 0.4000000060
33120  43.733  -33.228  0.643 0.4000000060
32162  45.745  -34.492  -1.361 0.4000000060
32154  45.318  -34.158  -0.802 0.4000000060
138134  40.130  -31.319  0.181 0.5000000000
34968  40.970  -31.627  -0.045 0.5000000000
32223  46.338  -35.696  -7.342 0.3000000119
34967  42.124  -31.749  0.287 0.4000000060
139350  45.512  -36.920  -5.715 0.3000000119
34056  43.130  -32.424  -0.731 0.4000000060
30484  45.967  -37.566  -6.202 0.3000000119
131694  45.525  -34.977  -4.349 0.3000000119
33153  45.571  -34.433  -3.651 0.3000000119
118296  44.777  -33.597  -2.539 0.4000000060
33139  44.123  -33.280  -1.988 0.4000000060
34043  43.930  -32.858  -0.268 0.4000000060
32199  46.061  -35.663  -4.789 0.3000000119
33154  45.661  -34.086  -2.442 0.4000000060
134627  39.888  -31.708  -0.815 0.4000000060
126364  40.149  -32.090  -1.284 0.4000000060
34057  41.939  -32.485  -1.176 0.4000000060
34983  41.406  -32.058  -0.709 0.4000000060
33196  44.756  -34.496  -6.024 0.3000000119
31348  45.669  -36.359  -6.379 0.3000000119
31332  44.511  -35.973  -5.069 0.3000000119
32201  44.101  -35.523  -4.782 0.3000000119
32184  43.669  -35.056  -4.370 0.4000000060
33155  43.919  -33.749  -3.008 0.4000000060
34071  43.727  -32.807  -1.206 0.4000000060
31331  45.101  -36.436  -5.396 0.3000000119
32200  44.745  -35.837  -4.810 0.3000000119
33163  44.464  -34.321  -3.556 0.3000000119
34985  39.083  -31.594  -0.922 0.4000000060
34128  44.000  -33.888  -5.469 0.3000000119
34113  42.321  -33.450  -4.565 0.3000000119
33166  41.424  -34.288  -3.782 0.4000000060
33167  41.005  -33.822  -4.062 0.4000000060
34084  40.826  -33.685  -2.889 0.4000000060
34058  40.475  -32.594  -1.883 0.4000000060
33183  43.133  -34.317  -4.651 0.3000000119
33165  42.095  -34.572  -3.689 0.4000000060
33157  41.500  -34.187  -3.184 0.4000000060
34072  41.234  -33.123  -2.125 0.4000000060
33197  43.917  -34.929  -5.186 0.3000000119
133216  42.731  -34.836  -4.120 0.3000000119
33164  43.076  -34.725  -3.713 0.4000000060
33156  42.693  -33.959  -2.909 0.4000000060
121033  42.534  -32.895  -1.600 0.4000000060
32211  44.440  -35.617  -5.372 0.3000000119
32213  43.676  -35.125  -4.604 0.3000000119
33140  43.009  -33.298  -2.003 0.4000000060
35917  40.552  -31.691  -2.804 0.4000000060
35007  41.273  -31.996  -3.308 0.4000000060
35009  39.764  -31.967  -2.720 0.4000000060
34998  39.489  -31.957  -2.216 0.4000000060
34093  42.827  -32.636  -4.425 0.3000000119
35008  40.291  -32.526  -3.321 0.4000000060
34059  39.906  -32.492  -2.691 0.4000000060
34984  39.342  -31.992  -1.650 0.4000000060
34094  41.653  -32.864  -4.410 0.4000000060
34096  40.604  -33.217  -3.845 0.4000000060
34085  40.377  -33.199  -3.183 0.4000000060
35987  28.245  -30.518  -8.323 0.6000000238
35977  27.836  -30.936  -7.679 0.6000000238
37872  28.637  -28.332  -9.530 0.5000000000
36887  28.247  -29.842  -8.684 0.5000000000
38806  27.949  -27.918  -9.601 0.5000000000
39735  28.040  -27.167  -9.588 0.5000000000
39734  28.999  -27.048  -10.203 0.5000000000
40636  29.418  -25.436  -10.567 0.5000000000
41569  29.900  -25.003  -11.032 0.4000000060
137036  34.833  -18.797  -14.768 0.3000000119
48871  33.695  -18.015  -14.195 0.3000000119
48872  32.549  -17.837  -13.645 0.3000000119
49895  35.738  -17.016  -14.721 0.3000000119
48870  35.372  -17.883  -14.722 0.3000000119
120072  34.986  -17.559  -15.390 0.3000000119
49910  34.145  -17.199  -14.492 0.3000000119
49896  32.930  -17.153  -13.917 0.3000000119
130286  32.201  -16.615  -14.126 0.3000000119
135458  35.824  -15.613  -14.297 0.3000000119
135676  35.484  -17.432  -15.261 0.3000000119
49908  35.631  -16.894  -15.339 0.3000000119
117372  34.852  -16.915  -15.339 0.3000000119
50862  34.473  -15.841  -14.765 0.3000000119
125102  33.982  -16.306  -14.437 0.3000000119
49917  31.960  -15.861  -14.471 0.3000000119
50875  31.355  -15.349  -15.306 0.3000000119
52985  35.981  -14.112  -12.908 0.3000000119
51937  36.133  -14.979  -14.047 0.3000000119
51945  36.147  -15.673  -15.107 0.3000000119
50859  36.160  -15.496  -15.854 0.3000000119
50861  35.396  -16.483  -15.439 0.3000000119
50873  35.903  -15.580  -15.987 0.3000000119
51946  35.098  -15.344  -15.286 0.3000000119
50863  33.165  -15.589  -14.421 0.3000000119
50874  32.292  -14.946  -14.844 0.3000000119
54089  36.166  -13.091  -12.452 0.3000000119
52984  36.667  -13.374  -13.960 0.3000000119
51944  36.421  -15.016  -15.045 0.3000000119
51958  36.207  -15.028  -16.175 0.3000000119
51960  35.539  -14.861  -15.834 0.3000000119
51961  34.398  -14.383  -15.278 0.3000000119
54102  36.406  -12.741  -13.238 0.3000000119
136933  36.902  -13.319  -14.643 0.3000000119
52994  36.687  -14.184  -14.965 0.3000000119
122200  37.008  -13.782  -15.535 0.3000000119
53005  35.765  -14.254  -16.369 0.3000000119
54101  36.669  -12.475  -14.136 0.3000000119
54114  37.093  -12.911  -14.991 0.3000000119
53003  37.417  -13.181  -16.009 0.3000000119
53004  36.974  -14.206  -16.592 0.3000000119
55355  36.988  -11.973  -15.034 0.3000000119
56581  36.455  -11.065  -14.800 0.3000000119
33119  44.340  -33.725  0.274 0.4000000060
33072  40.613  -33.691  4.316 0.4000000060
33086  41.869  -33.558  3.364 0.4000000060
32145  43.906  -34.085  1.028 0.4000000060
33097  42.942  -33.962  2.229 0.4000000060
31286  44.869  -34.603  -0.057 0.4000000060
30492  46.933  -38.559  -7.202 0.3000000119
30483  46.842  -38.472  -6.880 0.3000000119
31338  45.960  -37.276  -5.755 0.3000000119
32181  47.004  -35.212  -4.267 0.3000000119
32182  46.341  -34.744  -3.968 0.3000000119
32173  46.365  -34.572  -2.935 0.3000000119
31357  46.597  -37.381  -7.273 0.3000000119
33206  45.552  -35.000  -6.704 0.3000000119
34127  45.048  -33.284  -5.869 0.3000000119
33205  45.510  -33.913  -7.082 0.3000000119
35916  41.896  -31.184  -2.428 0.4000000060
35006  42.650  -31.579  -2.873 0.4000000060
35020  42.019  -32.268  -3.913 0.4000000060
138559  43.880  -32.657  -4.652 0.3000000119
34112  43.388  -33.255  -4.939 0.3000000119
35915  43.094  -30.675  -2.291 0.4000000060
35062  27.604  -31.758  -7.222 0.6000000238
138869  36.106  -12.353  -12.643 0.3000000119
55342  36.093  -11.845  -13.254 0.3000000119
55356  36.298  -11.456  -14.140 0.3000000119
56582  35.831  -10.621  -14.313 0.3000000119
32233  46.749  -35.196  -8.514 0.3000000119
33089  39.389  -32.980  3.917 0.4000000060
34941  39.675  -31.214  2.112 0.5000000000
34045  42.608  -32.023  -0.268 0.4000000060
32224  44.970  -35.637  -5.932 0.3000000119
134861  36.365  -13.470  -13.252 0.3000000119
51947  33.608  -14.792  -14.840 0.3000000119
51970  36.399  -14.434  -16.549 0.3000000119
57716  35.470  -9.715  -14.612 0.3000000119
32114  41.426  -34.145  4.059 0.3000000119
25119  35.194  -41.994  -5.353 0.6000000238
26029  34.739  -41.515  -4.887 0.6999999881
26025  34.376  -41.848  -4.149 0.6999999881
32113  42.132  -34.389  3.429 0.3000000119
25941  33.049  -41.171  4.221 0.3000000119
28664  33.545  -38.676  4.222 0.3000000119
26853  33.231  -40.755  -2.130 0.6999999881
32076  39.788  -34.816  5.153 0.3000000119
26018  33.742  -41.371  -2.626 0.6999999881
25110  34.110  -42.075  -3.254 0.6999999881
132603  41.219  -34.947  4.507 0.3000000119
26873  34.420  -40.838  -4.273 0.6999999881
31244  41.885  -35.133  3.917 0.3000000119
30412  43.790  -36.127  1.492 0.3000000119
31254  42.815  -35.401  2.739 0.3000000119
129291  42.398  -35.051  3.268 0.3000000119
30411  44.285  -36.313  0.893 0.3000000119
31263  44.095  -35.497  1.092 0.3000000119
31264  43.637  -35.294  1.610 0.3000000119
29498  34.402  -37.539  4.268 0.3000000119
26859  33.053  -39.925  -2.425 0.6999999881
31205  39.422  -35.524  5.401 0.3000000119
31207  37.678  -35.681  5.409 0.3000000119
26870  34.059  -40.169  -3.514 0.6999999881
26026  34.100  -41.141  -3.448 0.6999999881
31226  40.864  -35.657  4.805 0.3000000119
30391  41.949  -36.086  3.993 0.3000000119
30401  42.914  -36.235  2.749 0.3000000119
32134  43.507  -34.458  1.623 0.3000000119
134525  44.490  -37.081  0.713 0.3000000119
30362  35.576  -36.814  4.990 0.4000000060
27766  32.058  -39.458  -2.340 0.6999999881
30358  39.109  -36.379  5.610 0.3000000119
31206  38.545  -35.583  5.506 0.3000000119
30374  41.323  -36.604  4.583 0.3000000119
126180  39.851  -36.095  5.405 0.3000000119
27787  33.675  -39.174  -3.529 0.6999999881
30390  42.437  -36.579  3.399 0.3000000119
135276  34.466  -39.620  -4.296 0.6999999881
32133  43.899  -34.823  1.236 0.3000000119
30420  44.676  -36.474  0.257 0.3000000119
31272  45.023  -35.760  -0.135 0.3000000119
28740  32.689  -38.546  -3.608 0.6999999881
30357  39.929  -36.833  5.424 0.3000000119
28753  33.732  -38.123  -4.494 0.6999999881
29515  41.772  -37.539  4.197 0.3000000119
124600  42.003  -36.852  3.967 0.3000000119
28752  34.488  -38.676  -4.758 0.6999999881
125578  45.542  -35.975  -0.689 0.3000000119
29496  40.639  -37.192  5.124 0.3000000119
28762  34.145  -37.877  -5.164 0.6999999881
31285  45.480  -35.052  -0.638 0.3000000119
35005  43.815  -31.149  -2.697 0.3000000119
25124  36.473  -41.833  -6.355 0.5000000000
25109  34.428  -42.877  -3.857 0.6999999881
25113  35.214  -42.889  -5.213 0.6000000238
24198  34.646  -43.779  -3.797 0.6000000238
25118  35.732  -42.363  -5.829 0.6000000238
26006  32.556  -41.054  -1.408 0.6999999881
136949  32.554  -40.253  -1.912 0.6999999881
28663  33.967  -38.203  4.653 0.3000000119
26854  31.729  -40.231  -1.559 0.6999999881
136436  34.950  -37.153  4.607 0.4000000060
28729  31.957  -38.730  -3.113 0.6999999881
131123  37.704  -37.284  5.743 0.4000000060
30360  37.238  -36.493  5.499 0.4000000060
27788  31.114  -39.112  -3.988 0.6999999881
137267  38.509  -37.063  5.758 0.3000000119
29479  39.996  -37.754  5.411 0.3000000119
28644  39.852  -38.737  5.268 0.3000000119
138322  40.815  -34.348  4.529 0.3000000119
25114  34.766  -42.450  -4.711 0.6000000238
28662  40.647  -38.180  5.030 0.3000000119
24205  41.048  -43.518  -6.616 0.5000000000
24212  39.554  -42.951  -6.734 0.5000000000
24206  39.921  -43.622  -6.541 0.5000000000
25115  40.966  -43.324  -6.348 0.4000000060
20942  33.719  -47.675  0.096 0.4000000060
19332  31.739  -50.254  -0.334 0.5000000000
24211  41.016  -43.162  -7.067 0.4000000060
25120  41.043  -42.819  -6.909 0.5000000000
25122  39.283  -42.183  -6.915 0.5000000000
15946  30.162  -52.967  -0.159 0.4000000060
15941  29.664  -53.764  0.088 0.4000000060
20133  32.392  -49.021  0.371 0.5000000000
25117  36.598  -42.638  -6.131 0.4000000060
15177  29.044  -54.542  -0.051 0.4000000060
15170  28.419  -55.416  1.037 0.4000000060
18497  30.156  -51.382  -0.594 0.4000000060
20134  31.576  -49.063  0.186 0.5000000000
128530  30.880  -50.420  -0.391 0.4000000060
21737  33.421  -46.545  -0.138 0.5000000000
22546  34.246  -44.919  -2.094 0.4000000060
24203  35.384  -43.674  -4.959 0.5000000000
23340  34.855  -44.397  -3.581 0.4000000060
23333  34.566  -44.709  -2.896 0.4000000060
24197  35.104  -44.043  -4.254 0.4000000060
14433  27.677  -55.982  0.669 0.4000000060
15162  26.279  -55.680  1.250 0.4000000060
17663  29.739  -51.841  -0.717 0.4000000060
16799  25.442  -53.274  -0.661 0.4000000060
20140  30.546  -48.595  -0.311 0.5000000000
127798  30.112  -50.407  -0.444 0.4000000060
124668  25.944  -52.328  -1.367 0.4000000060
20935  31.163  -47.803  -0.192 0.5000000000
19337  26.816  -49.345  -0.946 0.4000000060
19351  26.033  -50.081  -1.417 0.4000000060
21738  32.351  -46.328  -0.298 0.5000000000
20947  27.630  -47.868  -0.147 0.4000000060
20948  26.446  -47.892  -0.383 0.4000000060
22526  33.173  -45.717  -0.577 0.5000000000
23328  33.630  -44.705  -1.737 0.6000000238
23334  34.087  -44.441  -2.457 0.6000000238
24192  34.404  -44.202  -3.151 0.5000000000
15942  25.777  -54.097  -0.279 0.4000000060
15948  28.428  -54.229  -0.515 0.4000000060
15950  26.000  -53.781  -0.670 0.4000000060
117729  30.197  -47.682  -0.681 0.5000000000
19334  29.467  -49.238  -0.530 0.4000000060
16805  26.777  -52.475  -1.333 0.4000000060
138824  30.559  -47.113  -0.697 0.5000000000
19336  27.696  -49.578  -0.904 0.4000000060
19350  26.958  -50.072  -1.306 0.4000000060
20944  31.359  -46.820  -0.443 0.5000000000
22542  32.982  -45.111  -1.037 0.5000000000
21743  27.017  -46.606  0.126 0.4000000060
24183  33.523  -43.971  -2.026 0.6000000238
24193  33.992  -43.934  -2.715 0.6000000238
123637  26.325  -54.682  -0.284 0.4000000060
18498  29.131  -51.145  -0.800 0.4000000060
134540  26.799  -53.234  -1.025 0.4000000060
17672  27.745  -51.925  -1.423 0.4000000060
20143  28.516  -48.851  -0.648 0.4000000060
21739  30.721  -46.520  -0.670 0.5000000000
125018  28.937  -48.166  -0.723 0.4000000060
126971  28.159  -48.315  -0.418 0.4000000060
22527  32.296  -45.658  -0.558 0.5000000000
125932  27.919  -47.471  -0.009 0.4000000060
138596  33.889  -42.883  -3.165 0.6000000238
127585  33.684  -43.325  -2.624 0.6000000238
24184  32.882  -43.644  -1.291 0.6000000238
14442  27.678  -55.639  0.183 0.4000000060
16798  27.859  -53.251  -0.842 0.4000000060
18499  28.206  -51.164  -1.218 0.4000000060
18500  27.586  -50.509  -1.303 0.4000000060
20141  29.617  -48.211  -0.709 0.5000000000
139436  29.329  -47.902  -0.781 0.5000000000
123715  29.604  -47.631  -0.744 0.5000000000
20945  29.278  -47.725  -0.691 0.5000000000
22528  31.460  -45.695  -0.557 0.5000000000
124749  30.110  -47.082  -0.753 0.5000000000
122717  30.028  -46.655  -0.642 0.5000000000
133828  28.744  -47.533  -0.350 0.4000000060
23315  32.346  -44.276  -0.793 0.6000000238
122715  28.388  -46.273  0.225 0.5000000000
122714  27.496  -46.192  0.209 0.4000000060
25102  33.615  -42.326  -2.415 0.6000000238
25090  33.263  -43.014  -1.828 0.6000000238
23316  31.381  -44.747  -0.399 0.6000000238
120922  30.625  -45.776  -0.464 0.5000000000
122716  29.358  -46.623  -0.233 0.5000000000
24171  30.768  -43.760  -0.010 0.6000000238
119197  29.792  -45.767  -0.087 0.5000000000
25091  32.646  -42.676  -1.136 0.6000000238
26005  33.306  -41.500  -1.974 0.6000000238
124751  29.286  -41.036  -1.972 0.5000000000
26008  30.170  -40.762  -1.411 0.6000000238
25999  29.474  -41.776  -0.677 0.5000000000
26007  31.117  -40.774  -0.945 0.6000000238
25998  30.309  -41.336  -0.719 0.6000000238
25084  29.354  -42.701  -0.191 0.5000000000
24173  28.852  -43.714  -0.114 0.5000000000
135431  31.603  -43.763  -0.381 0.6000000238
24172  29.820  -43.716  0.197 0.5000000000
118193  29.330  -44.692  0.181 0.5000000000
140527  28.242  -45.444  0.241 0.5000000000
22529  27.477  -45.181  0.102 0.5000000000
27776  30.492  -39.835  -2.782 0.5000000000
127289  29.766  -40.517  -2.588 0.5000000000
27775  31.217  -39.172  -2.863 0.6000000238
27767  31.264  -39.606  -2.117 0.6000000238
121566  30.283  -42.971  0.077 0.6000000238
140084  31.819  -40.797  -1.091 0.6000000238
25997  31.139  -41.696  -0.463 0.6000000238
23349  37.259  -44.120  -5.580 0.4000000060
24209  35.870  -43.188  -5.587 0.4000000060
25123  37.738  -42.042  -6.592 0.5000000000
24213  37.937  -42.819  -6.397 0.4000000060
25081  31.946  -42.229  -0.630 0.6000000238
23346  40.841  -43.946  -6.297 0.5000000000
23348  38.715  -44.186  -5.857 0.5000000000
23347  40.285  -44.186  -6.252 0.5000000000
20934  32.105  -48.371  0.377 0.5000000000
119148  29.818  -52.681  -0.431 0.4000000060
133148  28.889  -53.010  -0.575 0.4000000060
18509  25.643  -50.917  -1.515 0.4000000060
20145  26.624  -48.581  -0.622 0.4000000060
118935  28.351  -52.396  -0.951 0.4000000060
19335  28.981  -49.260  -0.676 0.4000000060
14444  26.864  -56.274  0.468 0.4000000060
25082  31.198  -42.796  -0.239 0.6000000238
15933  25.891  -54.478  0.107 0.3000000119
19352  25.174  -49.727  -1.088 0.3000000119
16791  25.024  -52.571  -0.591 0.3000000119
20146  25.549  -48.394  -0.782 0.3000000119
17675  24.822  -51.463  -1.084 0.3000000119
20158  24.958  -48.923  -0.933 0.3000000119
17666  24.292  -51.169  -0.414 0.3000000119
14443  27.194  -56.198  0.374 0.4000000060
14451  27.107  -55.949  0.030 0.4000000060
15169  29.194  -54.503  0.567 0.4000000060
15178  28.410  -55.210  0.353 0.4000000060
15179  26.555  -55.922  0.499 0.4000000060
15184  28.285  -55.033  -0.039 0.4000000060
15185  27.351  -55.113  -0.237 0.4000000060
15186  26.644  -55.623  0.041 0.4000000060
15947  29.423  -53.590  -0.262 0.4000000060
15949  27.085  -54.125  -0.709 0.4000000060
16797  30.569  -52.402  -0.421 0.4000000060
16800  25.051  -52.491  -1.073 0.4000000060
16806  25.776  -53.032  -1.108 0.4000000060
17662  30.562  -52.037  -0.607 0.4000000060
17664  28.767  -51.802  -1.038 0.4000000060
17673  26.744  -51.736  -1.540 0.4000000060
17674  25.750  -51.661  -1.475 0.4000000060
17676  24.424  -50.703  -0.774 0.3000000119
18507  27.405  -51.259  -1.535 0.4000000060
18508  26.599  -50.873  -1.620 0.4000000060
18510  24.590  -50.149  -0.979 0.3000000119
18511  24.018  -50.074  -0.669 0.3000000119
19324  32.282  -49.662  -0.091 0.5000000000
19333  30.184  -49.401  -0.342 0.4000000060
19338  25.862  -49.164  -0.931 0.4000000060
19353  24.389  -49.499  -0.870 0.3000000119
20142  29.117  -48.363  -0.745 0.5000000000
20144  27.583  -48.753  -0.601 0.4000000060
20915  35.724  -47.298  3.670 0.5000000000
20933  32.944  -48.463  0.350 0.4000000060
20943  32.412  -47.370  0.215 0.5000000000
20946  28.602  -47.861  -0.441 0.4000000060
21717  35.470  -46.426  2.541 0.5000000000
21724  35.899  -46.792  1.223 0.5000000000
21740  29.617  -47.299  -0.665 0.5000000000
21741  29.015  -47.103  -0.234 0.4000000060
21742  28.153  -47.018  0.082 0.4000000060
22518  36.316  -45.522  0.443 0.6999999881
22541  33.762  -45.263  -1.312 0.4000000060
23293  34.334  -44.153  3.245 0.4000000060
23301  34.650  -44.281  2.384 0.5000000000
23309  35.243  -44.573  1.605 0.5000000000
23317  30.309  -44.747  -0.023 0.5000000000
23318  28.276  -44.590  0.032 0.5000000000
23329  33.037  -44.486  -1.358 0.5000000000
23335  42.230  -44.851  -3.140 0.5000000000
23350  41.014  -43.570  -6.797 0.5000000000
24148  34.367  -43.187  2.156 0.5000000000
24157  35.338  -43.176  1.175 0.6000000238
24163  36.428  -43.463  0.353 0.6999999881
24164  35.815  -43.627  0.785 0.6999999881
24168  38.128  -43.324  -0.424 0.6000000238
24170  32.163  -43.229  -0.670 0.6000000238
24180  41.845  -43.708  -2.137 0.5000000000
24181  41.527  -43.032  -1.928 0.5000000000
24182  41.036  -42.351  -1.755 0.5000000000
24190  41.585  -43.310  -2.268 0.5000000000
24199  34.164  -43.546  -3.253 0.6999999881
24202  36.165  -43.924  -5.287 0.4000000060
24204  34.889  -43.334  -4.505 0.6000000238
24207  38.295  -43.560  -6.170 0.5000000000
24210  41.094  -43.349  -6.800 0.5000000000
25056  33.941  -42.871  2.742 0.5000000000
25078  40.342  -41.358  -1.293 0.6000000238
25083  30.289  -42.152  -0.257 0.6000000238
25116  40.646  -42.345  -6.426 0.4000000060
25955  33.390  -41.618  3.550 0.4000000060
25964  34.221  -41.493  2.196 0.5000000000
25975  34.714  -41.907  1.563 0.5000000000
25984  38.429  -40.604  0.082 0.6999999881
25986  35.889  -41.774  0.653 0.6999999881
26015  39.701  -41.314  -1.939 0.6000000238
26024  37.207  -41.555  -3.137 0.6999999881
26035  40.281  -41.490  -7.199 0.5000000000
26807  33.461  -40.149  3.317 0.4000000060
26817  33.864  -40.138  2.590 0.5000000000
26845  39.390  -39.445  -0.680 0.6000000238
26855  30.759  -40.136  -1.738 0.6000000238
26857  38.600  -39.993  -1.464 0.8000000119
26860  29.848  -40.125  -3.582 0.5000000000
26871  33.683  -40.505  -2.807 0.6999999881
26872  37.722  -40.069  -5.010 0.6000000238
26874  40.225  -39.994  -6.889 0.6000000238
26878  40.267  -40.254  -7.248 0.8000000119
27740  34.775  -39.284  1.934 0.6000000238
27758  38.388  -38.874  -0.765 0.8000000119
27773  36.033  -39.347  -2.259 0.8000000119
27774  32.777  -39.146  -2.920 0.6999999881
27806  40.140  -39.831  -7.284 0.8999999762
27807  39.778  -39.329  -7.531 0.8999999762
27808  38.993  -39.232  -7.616 0.8999999762
28690  34.995  -37.707  2.370 0.5000000000
28705  38.855  -38.186  0.240 0.6999999881
28715  39.011  -38.243  -0.044 0.6999999881
28738  35.842  -38.655  -3.293 0.8000000119
28739  33.415  -38.450  -3.953 0.6999999881
28751  37.074  -38.665  -4.595 0.6999999881
28763  32.119  -37.750  -5.233 0.8000000119
28764  31.116  -38.330  -5.464 0.8000000119
28766  39.999  -38.708  -7.425 0.8999999762
28768  36.019  -38.696  -6.697 0.8000000119
29480  39.239  -37.373  5.590 0.3000000119
29482  36.699  -37.412  5.540 0.3000000119
29495  41.179  -37.594  4.705 0.3000000119
29497  34.856  -36.841  3.871 0.5000000000
29499  33.947  -37.977  3.846 0.3000000119
29517  34.460  -37.402  3.606 0.5000000000
29560  34.871  -37.271  -0.348 0.6999999881
29576  35.291  -38.272  -1.911 0.8000000119
29587  35.179  -37.883  -2.792 0.8000000119
29600  30.358  -38.233  -5.545 0.8999999762
29601  29.898  -37.812  -5.433 0.6999999881
29608  34.467  -37.597  -5.870 0.8000000119
29609  33.664  -37.375  -5.616 0.8000000119
29616  47.308  -38.457  -7.827 0.3000000119
30359  38.129  -36.383  5.736 0.3000000119
30361  36.332  -36.603  5.264 0.4000000060
30375  40.489  -36.298  5.153 0.3000000119
30376  36.138  -36.135  4.724 0.4000000060
30419  45.155  -36.646  -0.293 0.3000000119
30434  33.929  -36.180  -0.670 0.8000000119
30453  34.401  -37.067  -1.776 0.8000000119
30465  29.212  -36.552  -4.205 0.6999999881
30487  31.230  -37.147  -5.985 0.8999999762
30504  34.441  -35.947  -7.276 1.0000000000
31204  40.176  -35.528  5.213 0.3000000119
31225  41.468  -35.676  4.406 0.3000000119
31227  37.373  -35.149  4.822 0.4000000060
31229  36.154  -35.872  3.980 0.4000000060
31243  42.401  -35.746  3.349 0.3000000119
31253  43.341  -35.799  2.146 0.3000000119
31273  44.535  -35.604  0.469 0.3000000119
31276  34.851  -35.513  0.895 0.6999999881
31318  35.376  -35.835  -4.173 0.8000000119
31339  45.126  -36.464  -5.493 0.3000000119
31342  31.938  -35.314  -6.115 0.8999999762
31349  39.650  -35.674  -8.812 1.0000000000
31360  35.685  -35.080  -8.215 1.0000000000
31362  39.556  -35.512  -8.888 1.0000000000
32075  40.511  -34.898  4.860 0.3000000119
32077  38.953  -34.834  5.235 0.3000000119
32098  40.171  -34.194  4.764 0.3000000119
32122  43.199  -34.930  2.200 0.3000000119
32123  42.663  -34.608  2.802 0.3000000119
32137  34.964  -34.165  1.607 0.6999999881
32144  44.311  -34.717  0.722 0.3000000119
32161  46.292  -34.853  -1.946 0.4000000060
32174  34.303  -34.963  -3.336 0.8000000119
32183  44.519  -35.112  -4.360 0.3000000119
32185  41.885  -34.524  -3.955 0.4000000060
32186  41.480  -34.234  -4.071 0.4000000060
32204  31.771  -34.076  -5.175 1.0000000000
32208  29.016  -35.114  -4.490 0.6999999881
32212  44.044  -35.564  -4.943 0.3000000119
32225  38.383  -35.018  -7.642 0.8999999762
32239  38.932  -34.242  -9.146 1.0000000000
32240  38.290  -34.424  -9.334 1.0000000000
33073  39.765  -33.543  4.426 0.4000000060
33091  38.081  -33.528  3.249 0.5000000000
33141  41.861  -33.688  -2.411 0.4000000060
33158  40.811  -33.862  -3.513 0.4000000060
33159  33.462  -33.797  -2.176 0.8000000119
33169  33.772  -33.744  -2.862 0.6999999881
33184  42.022  -34.335  -4.211 0.3000000119
33185  34.623  -33.760  -4.383 0.8000000119
33203  28.966  -34.129  -5.699 0.8000000119
33218  35.465  -33.015  -9.150 1.0000000000
34019  41.440  -31.942  2.312 0.4000000060
34020  40.219  -31.789  2.915 0.4000000060
34021  39.374  -31.810  2.827 0.5000000000
34031  43.225  -32.723  1.083 0.4000000060
34032  42.468  -32.231  1.297 0.4000000060
34095  41.017  -32.654  -4.001 0.4000000060
34114  41.497  -33.643  -4.341 0.4000000060
34118  30.329  -32.755  -5.044 0.8000000119
34132  29.768  -33.627  -5.574 0.8000000119
34140  33.495  -32.937  -6.734 1.0000000000
34142  28.096  -32.627  -7.369 0.6999999881
34147  33.724  -33.078  -7.610 1.0000000000
34148  28.201  -32.287  -7.725 0.6999999881
34942  38.816  -31.290  2.247 0.6000000238
34951  41.752  -31.730  0.943 0.4000000060
34956  37.434  -31.270  1.839 0.6000000238
34957  36.075  -31.694  1.621 0.6999999881
34972  33.780  -31.458  0.147 0.6000000238
34986  33.554  -31.360  -0.812 0.6000000238
35035  34.566  -31.584  -4.425 0.6999999881
35855  38.809  -30.864  0.571 0.6000000238
35869  36.708  -31.212  1.226 0.6999999881
35886  36.199  -30.421  0.174 0.6000000238
35887  35.410  -30.193  0.018 0.6000000238
35904  38.319  -30.538  -1.405 0.5000000000
35907  33.727  -30.683  -1.350 0.6999999881
35919  33.745  -30.940  -2.285 0.6999999881
35947  31.148  -30.755  -4.083 0.8999999762
35976  28.446  -31.223  -8.094 0.6999999881
35984  37.141  -31.215  -10.197 1.0000000000
35985  35.076  -29.943  -9.654 1.0000000000
35992  37.059  -29.701  -10.578 1.0000000000
36004  36.882  -29.969  -10.803 1.0000000000
36005  36.306  -30.169  -10.786 1.0000000000
36788  42.330  -29.313  -1.580 0.4000000060
36791  39.147  -29.731  -1.509 0.5000000000
36795  34.543  -29.502  -1.646 0.6000000238
36805  34.649  -29.535  -2.630 0.6000000238
36843  35.773  -29.819  -5.512 0.8000000119
36886  28.713  -29.628  -8.915 0.5000000000
36907  36.649  -29.478  -10.800 1.0000000000
37756  42.153  -28.666  -1.542 0.5000000000
37761  36.550  -28.451  -1.324 0.6000000238
37770  43.623  -28.834  -1.793 0.4000000060
37771  36.211  -27.880  -2.931 0.6999999881
37819  30.209  -28.649  -4.937 0.8999999762
37856  28.804  -28.985  -8.928 0.6000000238
37870  37.552  -28.330  -10.128 1.0000000000
38682  38.923  -27.904  -1.568 0.6999999881
38690  45.285  -27.671  -3.134 0.3000000119
38741  38.894  -27.125  -6.257 0.6999999881
38743  35.275  -27.684  -5.524 1.0000000000
38765  38.224  -27.045  -8.794 1.0000000000
38781  38.050  -26.772  -9.375 1.0000000000
38804  29.210  -27.960  -9.885 0.6000000238
38819  37.056  -27.401  -10.478 1.0000000000
39636  39.479  -26.945  -2.655 0.6999999881
39647  44.881  -26.088  -3.138 0.5000000000
39648  39.521  -26.486  -4.239 0.6999999881
39659  39.629  -26.261  -5.132 0.6999999881
39683  39.420  -26.007  -6.801 0.6999999881
39686  31.197  -25.812  -5.981 0.6999999881
39696  39.126  -25.251  -7.213 0.8000000119
39699  30.369  -26.446  -7.838 0.8999999762
39711  37.409  -25.936  -9.319 1.0000000000
39712  37.008  -26.182  -9.954 1.0000000000
39731  37.048  -26.543  -10.159 1.0000000000
40527  40.809  -25.552  -1.533 0.6000000238
40536  39.557  -26.593  -2.618 0.6999999881
40556  37.142  -25.055  -5.598 0.8999999762
40563  39.328  -25.365  -5.866 0.6999999881
40603  37.796  -25.794  -9.023 1.0000000000
40605  30.648  -25.862  -9.346 0.8000000119
40617  30.542  -25.923  -10.257 0.8000000119
40618  30.168  -26.363  -10.488 0.6999999881
41468  43.044  -24.478  -2.208 0.6000000238
41478  38.254  -25.063  -3.021 0.6000000238
41481  35.643  -24.467  -3.176 0.6000000238
41482  34.621  -24.284  -2.978 0.6999999881
41505  38.694  -24.709  -7.057 0.8000000119
41506  38.320  -24.656  -6.856 0.8000000119
41520  38.805  -24.903  -7.270 0.8000000119
41567  31.222  -24.783  -11.029 0.6000000238
41585  30.261  -24.444  -11.483 0.4000000060
42391  41.688  -23.029  -2.033 0.5000000000
42394  35.769  -23.378  -2.564 0.6000000238
42425  32.584  -23.376  -5.815 0.5000000000
43403  38.120  -22.225  -1.277 0.5000000000
43404  37.128  -22.362  -1.384 0.5000000000
43405  36.281  -22.443  -1.732 0.5000000000
43406  35.369  -22.279  -2.230 0.5000000000
43439  33.487  -22.416  -3.500 0.5000000000
43450  44.207  -23.079  -4.519 0.4000000060
43452  33.066  -22.262  -4.202 0.6000000238
43461  44.295  -22.034  -5.294 0.4000000060
43527  31.798  -23.244  -12.220 0.4000000060
43540  31.373  -22.820  -12.828 0.4000000060
44502  38.113  -21.120  -1.329 0.5000000000
44503  37.152  -21.030  -1.457 0.5000000000
44518  40.752  -21.714  -2.123 0.5000000000
44657  31.686  -21.838  -13.314 0.3000000119
45670  39.890  -20.605  -2.149 0.5000000000
45671  36.107  -20.000  -2.141 0.4000000060
45672  35.432  -19.966  -2.533 0.4000000060
45685  41.340  -20.327  -3.307 0.4000000060
45686  34.888  -20.038  -2.964 0.4000000060
45705  42.455  -20.278  -4.459 0.4000000060
45707  34.167  -20.196  -4.179 0.4000000060
45744  44.108  -20.642  -6.243 0.3000000119
45755  43.708  -19.896  -6.853 0.3000000119
45770  33.578  -20.845  -10.295 0.3000000119
45811  34.294  -20.446  -12.893 0.3000000119
45817  33.705  -20.444  -13.519 0.3000000119
46745  37.450  -19.099  -2.190 0.4000000060
46805  34.072  -19.017  -5.164 0.3000000119
47721  39.320  -18.392  -2.858 0.3000000119
47722  38.545  -18.353  -2.575 0.3000000119
47794  34.104  -18.331  -6.406 0.3000000119
47892  35.184  -18.362  -14.898 0.3000000119
48883  35.224  -17.939  -15.215 0.3000000119
48884  34.743  -18.249  -14.941 0.3000000119
49852  34.295  -16.432  -9.758 0.3000000119
49897  31.917  -17.174  -13.864 0.3000000119
49909  35.313  -17.300  -15.488 0.3000000119
49911  33.016  -16.374  -14.146 0.3000000119
50841  35.121  -15.887  -12.780 0.3000000119
50847  35.955  -16.326  -15.021 0.3000000119
50860  35.566  -16.003  -15.440 0.3000000119
51868  34.666  -14.568  -8.309 0.3000000119
51879  35.139  -14.361  -9.721 0.3000000119
51936  36.437  -14.196  -13.974 0.3000000119
51959  36.105  -14.965  -16.265 0.3000000119
53006  34.927  -14.002  -15.594 0.3000000119
55325  35.758  -11.768  -12.399 0.3000000119
56596  36.164  -10.394  -15.155 0.3000000119
116785  35.341  -31.827  -6.137 0.6999999881
116790  38.326  -33.307  -9.071 1.0000000000
116800  37.257  -32.388  -9.945 1.0000000000
117122  36.427  -32.481  -7.650 1.0000000000
117249  36.693  -31.259  -8.644 1.0000000000
117359  37.500  -32.711  -9.568 1.0000000000
117382  34.151  -33.217  -8.278 1.0000000000
117732  35.507  -14.110  -11.095 0.3000000119
117849  36.218  -30.074  -7.612 0.8999999762
117954  33.386  -34.704  -0.023 0.8000000119
119196  28.905  -45.622  0.245 0.5000000000
119294  34.594  -16.298  -6.809 0.3000000119
120051  33.502  -39.759  -2.988 0.6999999881
120885  40.182  -37.076  -7.977 0.8999999762
121018  31.848  -38.443  -4.058 0.8000000119
121052  42.403  -23.341  -2.414 0.5000000000
121462  36.863  -25.987  -9.546 1.0000000000
121656  39.984  -36.798  -8.291 1.0000000000
122031  28.300  -28.953  -9.013 0.5000000000
122340  33.649  -19.498  -5.838 0.3000000119
122438  40.333  -40.676  -7.143 0.6999999881
123066  35.500  -31.638  1.357 0.6999999881
123602  32.548  -23.387  -9.515 0.4000000060
123730  39.976  -42.055  -0.935 0.5000000000
124110  30.725  -35.173  -5.466 1.0000000000
124133  42.095  -19.816  -4.439 0.4000000060
124598  34.953  -35.929  -3.620 0.8000000119
124851  39.936  -28.688  -1.481 0.6999999881
125545  28.513  -50.087  -0.862 0.4000000060
125747  43.819  -25.958  -2.149 0.6000000238
126216  34.520  -15.957  -8.331 0.3000000119
126409  28.470  -32.974  -6.919 0.6999999881
126425  33.287  -32.978  -0.857 0.8000000119
126473  26.815  -47.296  -0.036 0.4000000060
126533  33.376  -21.219  -4.405 0.5000000000
126650  39.292  -38.223  5.490 0.3000000119
127168  34.993  -19.378  -14.313 0.3000000119
127246  33.110  -40.240  4.206 0.3000000119
127299  29.366  -50.259  -0.608 0.4000000060
127364  37.448  -27.727  -10.256 1.0000000000
127979  27.959  -28.355  -9.383 0.5000000000
128095  33.013  -42.067  -1.592 0.6000000238
128502  29.641  -41.263  -1.200 0.5000000000
129053  42.448  -33.918  2.945 0.4000000060
129120  36.653  -14.570  -16.037 0.3000000119
129389  29.234  -28.335  -8.894 0.6000000238
129474  32.796  -22.708  -4.620 0.5000000000
129517  36.284  -27.964  -2.083 0.6999999881
129937  33.137  -35.764  -6.965 0.8999999762
130253  37.253  -39.636  -6.932 0.8000000119
130444  36.583  -42.056  0.376 0.6000000238
130696  27.341  -48.240  -0.335 0.4000000060
130929  39.342  -38.244  -6.574 0.8999999762
131663  35.619  -29.894  -10.380 1.0000000000
132176  35.405  -43.890  1.256 0.6000000238
132332  35.541  -16.067  -13.934 0.3000000119
132654  31.841  -41.328  -0.814 0.6000000238
132690  37.605  -41.807  -4.008 0.6000000238
132710  37.601  -28.308  -8.226 0.8000000119
132946  26.143  -55.024  0.059 0.4000000060
133062  33.831  -33.051  -3.166 0.8000000119
133404  32.527  -23.214  -6.620 0.6000000238
133990  36.620  -27.624  -10.380 1.0000000000
134114  39.640  -32.260  -2.071 0.4000000060
134183  40.310  -33.134  -2.676 0.4000000060
134184  32.223  -45.069  -0.705 0.6000000238
134286  32.431  -41.850  -1.044 0.6999999881
134356  37.224  -17.964  -2.580 0.3000000119
134380  35.627  -33.610  -5.974 0.6999999881
134660  34.008  -31.040  -3.119 0.6999999881
135175  34.465  -17.693  -12.216 0.3000000119
135692  26.319  -55.256  0.502 0.4000000060
135734  36.463  -14.949  -15.724 0.3000000119
136137  36.357  -20.986  -1.644 0.4000000060
136171  33.736  -35.973  -7.017 0.8999999762
136673  30.948  -49.547  -0.191 0.4000000060
136725  36.309  -30.913  0.669 0.5000000000
136962  37.050  -30.360  -10.410 1.0000000000
137138  36.323  -33.326  -9.351 1.0000000000
137190  25.096  -50.519  -1.222 0.3000000119
137593  34.102  -38.744  -4.096 0.6999999881
137707  29.325  -52.251  -0.720 0.4000000060
138327  43.374  -29.958  -1.939 0.3000000119
138988  34.498  -15.958  -9.942 0.3000000119
139248  37.990  -36.964  0.523 0.6999999881
139254  31.579  -46.198  -0.523 0.5000000000
139470  40.417  -21.038  -2.330 0.5000000000
139832  32.683  -44.783  -0.988 0.5000000000
140043  39.444  -30.917  1.238 0.5000000000
140062  29.242  -28.742  -8.254 0.6999999881
140220  42.561  -23.986  -2.178 0.6000000238
140438  43.012  -26.490  -1.638 0.6000000238
140559  41.045  -33.179  -4.240 0.4000000060
141489  30.122  -52.198  -0.578 0.4000000060
141581  44.176  -28.068  -1.996 0.5000000000
141822  33.645  -35.196  -2.113 0.8000000119
142037  27.536  -52.609  -1.140 0.4000000060
142355  30.621  -37.210  -5.931 0.8999999762
