#!ascii label  , from subject sub_0001 vox2ras=TkReg
1841
127358  22.345  -69.054  4.084 0.6999999881
6565  21.500  -68.513  4.148 0.8000000119
5903  21.213  -68.537  5.055 0.8000000119
7184  20.254  -67.207  5.216 0.6999999881
6602  23.294  -68.318  2.131 0.6000000238
5927  22.135  -68.690  3.561 0.6000000238
6566  20.753  -67.824  4.612 0.6000000238
6617  24.194  -68.465  1.823 0.6000000238
5879  21.664  -68.818  5.556 0.8000000119
6547  20.345  -67.793  5.965 0.6999999881
6536  20.103  -67.392  6.633 0.6999999881
7168  19.129  -66.235  7.238 0.6999999881
5925  23.569  -69.020  3.441 0.6000000238
5902  21.922  -69.013  4.801 0.6999999881
6548  20.103  -67.021  5.968 0.6999999881
6616  25.160  -67.739  1.027 0.6000000238
6615  26.495  -67.578  0.908 0.6000000238
7256  24.558  -67.040  0.857 0.6000000238
7276  28.147  -65.655  -0.982 0.6000000238
7937  26.968  -65.642  -0.541 0.6000000238
5854  21.565  -68.429  7.632 0.8000000119
5843  21.106  -68.175  8.352 0.8000000119
142111  19.799  -67.553  7.946 0.6999999881
6490  19.329  -67.477  9.419 0.6999999881
7134  17.920  -66.508  8.970 0.6999999881
124025  21.971  -68.610  6.912 0.8000000119
6523  20.197  -67.835  7.441 0.6999999881
7148  19.238  -66.953  8.003 0.6999999881
5878  22.400  -68.894  5.455 0.6999999881
6535  20.554  -68.187  6.747 0.8000000119
120884  19.717  -67.069  7.277 0.6999999881
5877  23.156  -68.774  5.121 0.6999999881
5943  24.056  -68.827  2.572 0.6999999881
5955  25.637  -68.143  1.501 0.6000000238
5941  25.149  -68.665  2.125 0.6000000238
7265  28.084  -66.414  -0.059 0.6000000238
7267  26.526  -66.669  0.218 0.6000000238
7275  28.919  -66.243  -1.189 0.6000000238
5976  28.372  -68.347  -1.137 0.6999999881
132891  28.212  -67.479  -1.301 0.6000000238
4830  28.476  -70.686  -0.804 0.5000000000
5377  27.788  -68.981  -1.065 0.6000000238
128711  27.543  -70.878  -0.809 0.5000000000
5833  21.265  -67.961  8.899 0.8999999762
122842  19.988  -67.708  9.071 0.8000000119
5853  22.255  -68.297  7.481 0.6999999881
5842  21.871  -68.095  8.344 0.8999999762
6491  18.410  -67.201  9.632 0.6999999881
6546  23.521  -68.120  5.526 0.8000000119
6534  22.623  -68.368  6.733 0.8000000119
6564  23.694  -68.439  4.691 0.8000000119
7223  25.371  -67.703  2.874 0.6999999881
5900  23.359  -69.008  4.282 0.6999999881
5923  25.020  -68.567  2.685 0.8000000119
6600  26.278  -67.618  1.778 0.8000000119
7255  27.179  -67.125  1.426 0.6999999881
7254  27.961  -66.826  0.918 0.6999999881
7264  28.874  -66.210  -0.459 0.6000000238
5975  29.104  -67.657  -1.068 0.6999999881
120246  28.998  -69.811  -0.937 0.6999999881
6507  22.357  -67.095  8.525 0.8999999762
6489  20.618  -67.809  9.131 0.8000000119
127803  19.085  -67.487  10.412 0.6999999881
6521  23.101  -67.100  7.146 0.8000000119
6522  22.604  -67.576  7.791 0.8000000119
7183  23.546  -67.016  5.495 0.6999999881
7224  24.605  -67.071  3.474 0.6999999881
7201  23.823  -66.832  4.333 0.6000000238
7200  24.261  -67.980  4.244 0.8000000119
7242  26.077  -66.952  2.659 0.8000000119
7240  27.474  -67.132  2.119 0.8000000119
7239  28.199  -67.032  1.578 0.6999999881
6613  29.527  -67.265  0.666 0.8000000119
7253  28.651  -66.649  0.514 0.6999999881
5953  29.542  -68.238  1.164 0.8000000119
4829  30.365  -69.888  -0.639 0.6999999881
5971  30.029  -68.495  -0.507 0.6999999881
6626  29.750  -67.015  -0.163 0.6999999881
119954  29.657  -70.506  -0.738 0.6999999881
5375  29.507  -69.020  -0.926 0.6999999881
119100  7.244  -63.607  9.155 0.6000000238
9162  7.530  -63.707  7.781 0.6000000238
9164  5.389  -63.043  7.371 0.6000000238
9786  4.278  -62.234  7.403 0.6999999881
6508  21.682  -67.519  9.060 0.8999999762
6470  19.800  -67.446  10.603 0.6999999881
7886  23.501  -65.906  4.859 0.6000000238
131162  24.590  -65.940  3.204 0.6000000238
7904  23.858  -65.804  4.183 0.6000000238
7243  25.271  -66.305  2.911 0.6999999881
7222  26.484  -66.351  4.225 0.6999999881
7919  26.151  -65.542  3.116 0.6999999881
7739  18.061  -66.145  12.953 0.6999999881
6426  16.126  -67.190  13.394 0.6999999881
7221  26.726  -67.000  3.291 0.8000000119
7241  26.596  -66.731  2.881 0.8000000119
7761  17.511  -65.382  12.381 0.6000000238
7740  17.053  -65.980  12.996 0.6000000238
6427  14.973  -66.779  13.186 0.6999999881
6599  27.491  -67.251  2.661 0.6999999881
7742  15.224  -66.045  12.898 0.5000000000
7075  13.462  -66.539  13.131 0.6999999881
5954  28.635  -68.681  2.135 0.8000000119
117789  28.248  -67.543  2.226 0.8000000119
7741  16.092  -65.775  12.909 0.5000000000
7764  14.691  -65.440  12.101 0.5000000000
5361  30.534  -69.533  -0.166 0.6999999881
8428  14.912  -64.837  11.698 0.5000000000
9091  14.319  -64.363  11.901 0.6000000238
8455  12.967  -64.481  11.488 0.5000000000
7793  12.447  -64.762  11.198 0.6000000238
7817  10.410  -64.983  10.353 0.6999999881
8481  8.869  -64.523  10.126 0.6999999881
8456  12.254  -64.122  10.848 0.5000000000
7816  11.260  -64.799  10.280 0.6000000238
8480  9.645  -64.859  9.962 0.6000000238
9144  8.132  -63.954  8.405 0.6000000238
9092  13.431  -64.191  11.643 0.6000000238
8500  10.427  -64.655  8.781 0.6000000238
133253  8.912  -64.129  8.404 0.6000000238
8477  11.741  -63.679  10.082 0.5000000000
8478  11.440  -64.349  9.582 0.5000000000
121696  8.454  -63.545  7.663 0.6000000238
139507  6.158  -63.075  6.661 0.6000000238
9183  5.606  -62.908  6.522 0.6999999881
11102  4.037  -60.831  7.356 0.6000000238
11087  3.621  -60.521  8.299 0.6999999881
8499  11.169  -64.307  8.794 0.6000000238
137411  9.406  -63.491  7.709 0.6000000238
9181  7.838  -62.998  6.630 0.6000000238
9201  6.288  -62.629  6.036 0.6999999881
11119  5.481  -61.094  6.440 0.5000000000
7102  20.967  -67.006  10.227 0.8999999762
7868  23.242  -65.901  5.681 0.6000000238
7166  23.192  -66.280  7.078 0.6999999881
6448  20.297  -67.190  10.791 0.8000000119
125742  17.577  -67.557  11.383 0.6999999881
6450  18.819  -67.364  12.007 0.6999999881
134620  20.018  -66.779  11.427 0.8000000119
7920  25.677  -65.438  2.830 0.6999999881
7070  18.995  -66.130  12.639 0.8000000119
132574  17.980  -66.858  13.038 0.6000000238
7760  18.515  -65.420  12.325 0.6999999881
8425  17.658  -64.680  11.560 0.6000000238
5940  27.891  -68.779  3.099 0.8000000119
5340  28.459  -69.932  2.888 0.8000000119
130445  16.849  -64.740  11.602 0.5000000000
5350  29.205  -69.656  1.720 0.8000000119
133457  16.022  -65.121  12.009 0.5000000000
127573  15.975  -63.628  11.755 0.5000000000
9078  15.341  -63.423  12.497 0.6000000238
8427  15.631  -64.486  11.814 0.6000000238
9079  14.634  -63.522  12.628 0.6000000238
130525  12.923  -63.247  11.841 0.6000000238
11687  5.572  -59.533  8.027 0.5000000000
9127  11.615  -63.512  9.073 0.5000000000
11728  5.096  -60.400  7.118 0.5000000000
11688  4.552  -59.748  8.344 0.6000000238
9141  11.130  -63.459  8.360 0.6000000238
9785  9.016  -62.744  6.801 0.6999999881
9801  7.560  -62.279  5.715 0.6999999881
9821  6.158  -62.191  5.613 0.6999999881
9759  12.026  -62.683  9.135 0.6000000238
130441  6.943  -62.086  5.311 0.6000000238
9770  11.752  -62.632  8.292 0.6999999881
9784  9.822  -62.308  6.626 0.6000000238
9820  7.756  -61.795  5.468 0.5000000000
7147  22.835  -66.552  7.762 0.6999999881
7827  22.336  -65.693  8.330 0.6999999881
7813  21.477  -66.261  9.847 0.6999999881
7790  20.975  -66.262  10.443 0.8000000119
7814  21.079  -65.564  10.221 0.6999999881
8423  19.484  -64.839  11.245 0.6999999881
7792  20.110  -65.265  11.188 0.6999999881
12303  5.733  -59.221  9.209 0.5000000000
9077  15.842  -62.708  12.614 0.5000000000
129905  4.792  -59.349  9.437 0.5000000000
9065  14.964  -62.829  13.172 0.5000000000
9705  15.838  -61.975  13.162 0.5000000000
9720  14.220  -62.674  12.991 0.6000000238
9113  12.003  -63.181  10.709 0.6000000238
11131  6.213  -61.498  5.781 0.5000000000
10339  15.019  -61.519  13.506 0.5000000000
9747  12.745  -62.140  11.003 0.6000000238
10374  13.154  -61.920  11.646 0.6000000238
8513  22.391  -64.891  7.462 0.6999999881
8495  21.680  -64.922  8.795 0.6999999881
8474  21.420  -65.277  9.562 0.6999999881
122139  12.515  -61.814  7.463 0.5000000000
10338  15.732  -61.206  13.578 0.5000000000
9799  10.299  -61.663  5.957 0.5000000000
10351  14.273  -61.161  12.883 0.5000000000
10392  13.493  -61.698  10.601 0.5000000000
9769  12.608  -62.221  8.625 0.5000000000
9160  10.530  -62.311  7.123 0.5000000000
10417  13.504  -61.815  8.060 0.5000000000
10440  12.488  -61.031  6.591 0.5000000000
131812  14.388  -60.031  11.973 0.5000000000
10401  14.454  -61.224  9.127 0.5000000000
10428  11.918  -61.522  6.609 0.5000000000
11035  14.428  -60.435  12.843 0.5000000000
10391  14.174  -61.243  10.194 0.5000000000
9768  13.438  -62.031  9.052 0.5000000000
11002  15.280  -60.657  13.647 0.5000000000
10373  13.788  -61.334  11.359 0.5000000000
11074  14.593  -60.358  9.774 0.5000000000
11618  6.582  -58.840  12.935 0.6000000238
11619  5.644  -58.596  13.002 0.6000000238
11636  7.044  -59.086  11.947 0.5000000000
11600  6.970  -59.234  13.706 0.6999999881
123330  6.053  -58.982  13.765 0.6000000238
11601  5.131  -58.878  13.692 0.6000000238
123467  5.655  -60.627  15.872 0.6999999881
11575  8.071  -59.647  14.298 0.6000000238
11576  7.272  -59.536  14.459 0.6999999881
123799  5.819  -59.933  15.103 0.6999999881
10984  4.990  -60.127  15.130 0.6999999881
10966  6.559  -60.655  16.536 0.8000000119
11018  8.704  -59.882  13.657 0.5000000000
125380  8.533  -59.766  12.702 0.5000000000
10983  6.633  -59.996  15.418 0.8000000119
10982  7.709  -59.713  15.156 0.6000000238
9679  7.609  -62.774  16.920 0.6999999881
11005  10.088  -60.386  13.567 0.5000000000
11017  9.555  -60.207  12.863 0.5000000000
10309  6.891  -61.354  17.307 0.6999999881
9680  6.537  -62.286  16.927 0.6999999881
10965  7.222  -60.688  17.060 0.6999999881
10981  8.763  -59.841  14.690 0.6999999881
9041  8.583  -63.664  16.722 0.6999999881
9671  7.745  -61.723  17.543 0.6999999881
10980  9.824  -60.257  14.632 0.6000000238
10964  8.020  -60.389  16.907 0.8000000119
11515  7.652  -59.801  21.976 0.6999999881
136857  7.914  -60.221  22.245 0.8000000119
12215  12.099  -59.132  15.243 0.4000000060
8362  9.286  -64.026  17.178 0.6999999881
10969  11.181  -60.139  14.924 0.5000000000
9035  9.219  -63.048  17.331 0.6999999881
10970  10.548  -60.334  15.273 0.6000000238
10971  9.713  -60.256  15.831 0.6000000238
10308  7.565  -60.970  17.525 0.6999999881
10972  8.871  -60.111  16.396 0.8000000119
10953  8.733  -60.525  17.153 0.8000000119
16511  4.400  -52.465  17.617 0.5000000000
16523  3.436  -52.281  17.083 0.5000000000
15716  3.233  -53.587  17.449 0.5000000000
12881  4.920  -58.269  17.075 0.5000000000
122568  6.150  -59.019  18.285 0.6000000238
12200  6.228  -58.374  17.620 0.6000000238
125295  3.938  -58.314  17.104 0.6000000238
138295  2.381  -56.226  18.022 0.6000000238
12178  6.607  -59.424  19.224 0.6999999881
12191  5.109  -59.232  18.319 0.6999999881
11531  6.638  -59.480  20.275 0.6999999881
11545  5.938  -59.470  19.951 0.6999999881
9008  9.559  -63.668  19.310 0.6999999881
9632  9.433  -62.640  20.610 0.6999999881
9615  9.080  -61.986  21.305 0.8000000119
11568  12.016  -59.971  16.263 0.5000000000
8350  9.648  -64.046  17.874 0.6999999881
10961  11.274  -60.350  15.966 0.6000000238
9669  9.636  -62.162  17.932 0.8000000119
10963  9.437  -60.415  16.846 0.6999999881
9660  10.283  -61.922  18.351 0.8000000119
120249  9.154  -61.334  17.741 0.8000000119
17440  4.251  -51.448  17.202 0.5000000000
17441  3.799  -51.644  16.903 0.6000000238
17454  3.972  -51.219  16.400 0.5000000000
16539  3.444  -51.979  16.792 0.6000000238
16524  3.119  -52.652  17.041 0.6000000238
15726  2.931  -53.465  17.287 0.6000000238
131429  2.784  -53.121  16.948 0.6000000238
15735  2.540  -53.838  17.076 0.5000000000
12893  5.387  -57.614  16.562 0.5000000000
12894  4.441  -57.790  16.544 0.5000000000
12199  6.950  -58.353  17.874 0.6000000238
12895  3.531  -57.736  16.684 0.6000000238
12882  3.195  -58.059  17.195 0.6999999881
14254  2.459  -55.636  17.710 0.6000000238
129801  7.148  -58.978  18.528 0.6000000238
11544  7.346  -59.430  19.884 0.6999999881
12179  4.859  -59.362  18.996 0.6999999881
12202  4.519  -58.812  17.704 0.6999999881
12203  3.569  -58.463  17.856 0.8000000119
13550  2.495  -56.934  17.856 0.6999999881
12176  8.135  -59.227  19.435 0.6999999881
11529  8.858  -59.575  20.986 0.6999999881
11514  8.567  -59.843  22.047 0.8000000119
10251  9.578  -61.369  21.793 0.8000000119
10883  8.615  -60.271  22.302 0.8000000119
118932  11.703  -60.360  16.902 0.5000000000
10279  12.255  -61.076  19.327 0.6000000238
8991  10.353  -62.972  20.000 0.8000000119
9614  10.087  -62.181  21.174 0.8000000119
10951  10.917  -60.576  17.037 0.6000000238
10950  11.428  -60.643  17.620 0.6999999881
9659  10.630  -62.555  18.828 0.8000000119
10299  10.719  -60.877  17.950 0.6999999881
10292  10.880  -61.564  18.582 0.6999999881
134022  9.905  -61.178  18.079 0.8000000119
18329  4.891  -50.386  16.516 0.4000000060
17453  4.378  -50.916  16.845 0.5000000000
17470  3.484  -51.826  16.187 0.4000000060
16559  3.036  -52.546  16.452 0.5000000000
15013  2.590  -54.250  15.702 0.5000000000
12892  6.298  -57.383  16.606 0.5000000000
12906  4.073  -57.208  15.988 0.6000000238
13574  3.390  -56.584  15.841 0.6000000238
14265  2.430  -55.114  16.448 0.6000000238
12190  7.906  -58.280  18.179 0.6000000238
13563  2.839  -56.516  16.584 0.6999999881
121714  2.517  -56.426  17.349 0.6999999881
12189  8.530  -58.677  18.749 0.6000000238
10900  9.278  -60.150  22.144 0.8000000119
10280  11.791  -61.684  19.902 0.6999999881
9658  11.256  -62.130  19.401 0.6999999881
9631  10.628  -62.538  20.510 0.8000000119
121580  10.531  -61.394  21.694 0.8000000119
10291  11.623  -61.547  19.127 0.6999999881
19141  5.030  -49.962  16.015 0.4000000060
19140  5.707  -50.073  16.665 0.4000000060
19139  6.843  -49.932  17.111 0.4000000060
18339  4.285  -50.480  15.671 0.5000000000
18330  4.465  -50.407  16.142 0.4000000060
19127  7.163  -50.002  17.953 0.5000000000
16558  2.890  -52.953  15.495 0.5000000000
14286  3.320  -55.000  14.249 0.5000000000
14277  2.537  -54.960  15.694 0.5000000000
15029  3.660  -54.604  13.331 0.5000000000
13575  2.814  -55.781  15.917 0.6999999881
12163  8.696  -59.333  20.050 0.6000000238
10899  9.935  -60.664  22.036 0.8000000119
10922  12.748  -60.531  19.844 0.6000000238
10248  12.099  -60.902  21.097 0.6000000238
11512  11.195  -59.923  21.483 0.6999999881
11527  10.734  -59.436  21.127 0.6999999881
10267  11.727  -61.621  20.797 0.6999999881
19952  7.751  -48.972  17.824 0.3000000119
19165  4.811  -49.855  15.048 0.4000000060
19155  4.854  -49.889  15.584 0.3000000119
19154  5.493  -49.529  15.556 0.4000000060
132327  6.222  -49.689  16.245 0.4000000060
19138  7.457  -49.588  16.580 0.4000000060
19126  7.557  -49.511  17.531 0.5000000000
17484  3.956  -51.143  15.013 0.4000000060
19125  8.157  -48.990  17.174 0.3000000119
16578  3.229  -52.559  14.741 0.4000000060
14285  3.952  -55.320  13.716 0.5000000000
15759  3.013  -53.372  14.643 0.4000000060
13582  4.465  -55.797  14.164 0.6000000238
16589  3.682  -52.460  13.805 0.4000000060
15028  4.336  -55.034  13.088 0.4000000060
15767  3.397  -53.490  13.671 0.5000000000
121148  9.354  -59.775  21.779 0.6999999881
10898  10.860  -60.560  21.818 0.6999999881
19121  7.362  -49.335  18.269 0.4000000060
19137  8.279  -49.236  16.388 0.4000000060
19962  8.798  -48.628  16.542 0.3000000119
126008  4.397  -50.873  14.394 0.3000000119
16599  3.779  -53.100  12.737 0.4000000060
15039  4.279  -54.653  12.385 0.4000000060
15780  3.806  -54.026  12.474 0.4000000060
19163  5.790  -49.077  14.710 0.3000000119
19153  6.607  -49.365  15.490 0.3000000119
19152  7.784  -49.436  15.812 0.4000000060
19968  8.635  -49.122  15.620 0.3000000119
19981  5.595  -49.008  14.249 0.3000000119
17496  4.732  -51.127  13.598 0.3000000119
16598  4.353  -52.711  12.161 0.3000000119
16588  4.197  -52.153  13.144 0.3000000119
142208  4.398  -53.923  11.124 0.3000000119
19969  7.569  -49.278  15.006 0.3000000119
19977  9.407  -48.648  15.067 0.3000000119
19970  6.501  -48.949  14.603 0.3000000119
131999  8.410  -49.012  14.532 0.3000000119
17504  5.345  -50.955  12.899 0.3000000119
16597  5.013  -52.285  11.729 0.3000000119
16613  5.387  -52.680  10.860 0.3000000119
121578  8.489  -48.398  17.225 0.3000000119
19980  6.197  -48.716  13.941 0.3000000119
19994  6.948  -48.544  13.298 0.3000000119
18390  5.839  -50.849  12.183 0.3000000119
7743  13.818  -65.700  12.369 0.6000000238
7766  12.344  -65.369  12.000 0.6999999881
7795  11.010  -65.153  11.220 0.6999999881
122169  9.491  -64.810  11.085 0.6999999881
15760  2.762  -53.815  15.184 0.4000000060
14276  3.028  -55.373  15.025 0.6000000238
19961  9.309  -48.519  15.865 0.3000000119
6586  21.662  -67.977  3.354 0.6999999881
7149  18.395  -66.168  8.078 0.6999999881
5924  24.454  -68.887  3.116 0.8000000119
6643  29.001  -66.717  -1.190 0.6000000238
6636  29.567  -66.969  -0.617 0.6999999881
120193  23.780  -67.729  4.909 0.6000000238
6471  18.496  -67.479  11.344 0.6999999881
136762  27.523  -67.849  3.186 0.8000000119
5963  30.210  -68.545  -0.232 0.6999999881
5952  30.187  -69.077  0.527 0.8000000119
9804  4.533  -62.064  6.661 0.6999999881
7765  13.171  -65.152  11.728 0.5000000000
8501  9.432  -64.659  9.108 0.6000000238
136094  3.249  -59.034  9.770 0.6000000238
9161  9.824  -62.820  7.272 0.6999999881
7087  19.573  -66.399  12.041 0.8000000119
8453  17.742  -63.837  10.712 0.5000000000
128961  16.416  -64.143  11.298 0.6000000238
134680  12.801  -62.537  11.686 0.6000000238
9022  10.291  -63.206  18.436 0.8000000119
2095  24.236  -76.926  2.655 0.4000000060
2428  22.860  -75.902  3.374 0.4000000060
2444  25.849  -75.249  0.934 0.3000000119
2100  24.883  -76.527  1.584 0.4000000060
1779  24.432  -77.085  2.104 0.4000000060
131357  23.497  -77.111  3.265 0.4000000060
3756  26.665  -72.637  2.551 0.4000000060
3757  25.841  -72.520  2.763 0.5000000000
3260  24.794  -72.879  2.647 0.5000000000
3771  26.351  -72.600  2.073 0.3000000119
140735  25.630  -73.631  1.581 0.4000000060
2806  24.108  -74.826  2.489 0.4000000060
134052  26.344  -73.750  0.756 0.3000000119
2816  25.438  -74.843  1.457 0.3000000119
2434  24.888  -75.756  1.891 0.3000000119
2443  25.973  -74.688  0.689 0.3000000119
3770  27.071  -72.612  1.840 0.4000000060
3755  27.517  -72.830  2.259 0.4000000060
3746  26.770  -72.913  3.119 0.5000000000
3769  27.775  -72.793  1.517 0.3000000119
3278  26.968  -73.249  0.460 0.3000000119
122409  26.981  -73.302  -0.103 0.4000000060
4271  27.322  -71.785  -0.713 0.4000000060
3790  26.731  -72.489  -0.678 0.4000000060
123134  26.430  -71.629  -0.783 0.4000000060
3258  28.245  -73.412  2.192 0.4000000060
3269  29.153  -73.741  1.694 0.4000000060
3768  28.733  -72.942  1.258 0.4000000060
121340  29.845  -73.505  0.999 0.4000000060
2813  31.222  -74.317  1.503 0.5000000000
3276  29.148  -72.625  0.585 0.4000000060
3776  31.052  -73.145  0.586 0.4000000060
3289  27.403  -72.655  -0.394 0.4000000060
3782  28.143  -72.204  -0.417 0.5000000000
3787  29.896  -71.824  -0.297 0.4000000060
118337  28.056  -71.452  -0.765 0.4000000060
131232  27.452  -68.262  -1.193 0.6000000238
131862  26.830  -70.250  -0.812 0.4000000060
3256  31.747  -73.698  1.646 0.6000000238
3767  32.407  -72.922  1.278 0.6000000238
3775  31.512  -72.764  0.486 0.6000000238
3766  32.452  -72.295  0.864 0.6000000238
4262  31.586  -71.696  0.180 0.6000000238
4817  32.122  -71.275  0.842 0.6999999881
4269  29.811  -71.357  -0.482 0.5000000000
4825  30.536  -70.815  -0.481 0.6000000238
5349  30.758  -69.966  0.424 0.6999999881
4234  31.159  -71.312  3.228 0.6999999881
4789  30.785  -71.045  2.538 0.6999999881
4240  31.857  -71.855  2.492 0.6000000238
4808  31.469  -71.233  1.806 0.6999999881
4791  29.082  -70.508  3.090 0.6999999881
6583  27.018  -67.509  3.717 0.6999999881
119262  31.262  -70.577  1.045 0.6999999881
4801  29.316  -70.466  2.281 0.6999999881
4809  30.172  -70.139  1.266 0.6999999881
4774  30.500  -70.203  3.880 0.5000000000
5312  29.512  -69.854  4.388 0.6000000238
131707  29.768  -70.736  2.600 0.6999999881
5328  28.452  -70.047  3.749 0.6000000238
5314  27.983  -69.431  4.379 0.6999999881
5897  28.194  -69.055  4.913 0.6999999881
117690  30.296  -70.842  1.904 0.6999999881
5898  27.722  -68.708  4.792 0.6999999881
141393  26.980  -67.614  4.536 0.6000000238
5896  28.964  -69.175  4.966 0.6000000238
5895  30.043  -68.871  4.684 0.6000000238
5876  27.821  -68.237  5.250 0.6000000238
6560  29.453  -68.161  5.139 0.6000000238
7903  24.198  -65.321  3.568 0.5000000000
7855  18.441  -65.438  7.219 0.6000000238
7167  19.681  -66.469  6.364 0.6000000238
6545  27.095  -67.123  5.250 0.6000000238
7885  26.700  -65.694  4.833 0.6000000238
8581  25.844  -64.644  3.293 0.5000000000
7921  24.890  -64.997  2.985 0.5000000000
118650  17.049  -65.457  8.418 0.6000000238
7828  17.590  -65.864  8.479 0.6000000238
7839  17.668  -65.248  7.871 0.6000000238
6543  28.152  -67.409  5.379 0.6000000238
119099  26.601  -65.087  4.418 0.5000000000
7120  14.837  -67.063  9.312 0.6000000238
7106  16.045  -67.214  10.201 0.6000000238
7815  16.033  -66.113  9.178 0.6000000238
7830  15.404  -65.773  8.778 0.6000000238
7135  16.956  -66.058  9.055 0.6000000238
7105  16.729  -67.197  10.244 0.6000000238
7117  17.382  -66.949  9.767 0.6000000238
8530  22.679  -64.792  6.608 0.6000000238
7884  27.272  -65.663  4.951 0.6000000238
122133  14.506  -67.626  10.149 0.6000000238
119990  14.819  -67.810  12.265 0.6000000238
124898  15.891  -67.733  12.305 0.6000000238
6472  16.550  -67.589  11.162 0.6000000238
6436  16.502  -67.548  13.009 0.5000000000
6451  17.990  -67.543  12.174 0.6000000238
6434  18.312  -67.129  12.606 0.5000000000
6511  13.422  -67.451  8.908 0.6999999881
6494  13.636  -67.762  9.738 0.6000000238
6493  15.358  -67.616  11.035 0.6000000238
139785  15.312  -67.630  12.706 0.6000000238
6438  14.929  -67.302  12.976 0.6000000238
7088  8.695  -66.974  11.993 0.6000000238
6474  13.636  -68.106  11.053 0.6000000238
120417  13.975  -67.565  12.904 0.5000000000
120195  12.821  -68.086  11.664 0.6000000238
7078  10.980  -66.674  12.517 0.6000000238
135522  9.485  -66.790  12.303 0.6000000238
7079  8.397  -66.099  12.294 0.6000000238
6475  11.965  -67.922  11.225 0.6000000238
131008  14.127  -67.035  13.246 0.6000000238
6441  11.626  -67.189  12.590 0.6000000238
7077  11.849  -66.605  12.818 0.5000000000
7746  11.161  -66.006  12.577 0.6000000238
124092  9.085  -66.225  12.412 0.5000000000
7749  8.175  -65.223  12.356 0.5000000000
7767  11.476  -65.505  12.156 0.6000000238
7768  10.573  -65.462  12.142 0.6000000238
7769  9.634  -65.158  12.123 0.6000000238
8430  9.010  -64.723  11.950 0.6000000238
9094  7.898  -64.076  11.658 0.6999999881
118555  7.214  -63.929  11.830 0.6999999881
9095  6.720  -63.270  11.467 0.6999999881
9736  6.191  -62.600  11.221 0.6999999881
135095  10.215  -65.096  11.529 0.6000000238
8458  8.632  -64.419  11.363 0.6999999881
9128  7.502  -63.214  10.373 0.6999999881
9114  7.430  -63.375  11.256 0.6999999881
9115  6.952  -62.709  10.913 0.6999999881
9761  5.774  -61.883  10.101 0.6000000238
136930  7.930  -63.873  9.646 0.6000000238
8570  24.202  -64.179  3.413 0.5000000000
8555  23.554  -64.873  4.248 0.5000000000
9209  23.481  -63.606  3.897 0.5000000000
8556  23.006  -64.107  4.811 0.6000000238
9842  22.838  -61.601  3.417 0.6000000238
9827  23.287  -62.507  3.657 0.6000000238
9191  22.401  -63.496  5.240 0.6000000238
8543  22.755  -64.413  5.678 0.6000000238
8531  22.015  -64.164  7.029 0.6000000238
9828  21.926  -61.572  3.665 0.5000000000
9192  21.641  -63.056  5.610 0.6000000238
8514  21.764  -64.465  7.893 0.6000000238
9812  20.024  -61.839  5.350 0.6000000238
9175  20.635  -63.166  6.842 0.5000000000
9156  21.289  -63.786  7.326 0.6000000238
8496  21.135  -64.171  8.376 0.6000000238
9796  19.882  -62.424  6.256 0.5000000000
9157  20.579  -63.573  7.756 0.6000000238
8452  18.873  -64.211  10.618 0.5000000000
128027  18.705  -63.177  9.253 0.5000000000
8450  20.534  -65.013  10.438 0.6000000238
9139  20.379  -63.825  8.687 0.6000000238
123213  30.782  -70.411  -0.292 0.6999999881
8542  23.125  -65.069  5.189 0.5000000000
7745  12.039  -65.974  12.764 0.6000000238
8459  8.120  -63.849  10.697 0.6999999881
7869  23.079  -65.130  5.943 0.6000000238
8475  21.028  -64.482  9.194 0.6000000238
9108  19.235  -63.839  9.825 0.6000000238
2445  25.439  -75.890  1.236 0.3000000119
133916  26.023  -74.317  1.067 0.3000000119
2805  25.024  -73.622  2.077 0.4000000060
129964  26.101  -73.974  0.362 0.3000000119
3277  27.973  -72.651  0.627 0.4000000060
3283  28.113  -72.473  -0.066 0.4000000060
3268  30.351  -74.351  1.474 0.4000000060
3275  30.203  -72.939  0.516 0.3000000119
117683  30.949  -73.832  0.978 0.5000000000
3267  32.062  -73.731  1.076 0.6000000238
3282  29.327  -72.193  -0.042 0.5000000000
4264  30.626  -71.574  -0.327 0.5000000000
3788  28.996  -71.817  -0.426 0.5000000000
4250  32.295  -71.719  1.656 0.6000000238
4775  29.424  -70.376  3.724 0.6999999881
123486  13.868  -68.055  12.171 0.6000000238
9749  5.621  -62.069  10.891 0.6000000238
9810  21.835  -62.526  4.473 0.6000000238
10465  20.499  -60.891  4.345 0.5000000000
9173  22.206  -63.861  6.171 0.6000000238
9174  21.443  -63.469  6.524 0.6000000238
9811  20.910  -62.294  4.975 0.5000000000
9795  20.763  -62.761  5.942 0.6000000238
137988  19.626  -61.039  5.364 0.5000000000
9780  19.768  -62.859  7.130 0.5000000000
124287  19.486  -63.481  8.981 0.5000000000
653  18.720  -81.303  20.614 0.4000000060
913  19.333  -80.659  20.733 0.4000000060
431  20.158  -82.262  20.009 0.5000000000
425  15.980  -82.190  20.881 0.5000000000
436  15.524  -82.845  20.917 0.5000000000
113  15.893  -84.531  19.714 0.5000000000
434  17.309  -82.771  20.220 0.5000000000
132640  17.051  -81.219  21.158 0.5000000000
912  20.148  -80.557  20.565 0.4000000060
911  21.694  -80.304  20.500 0.4000000060
665  21.403  -81.394  19.355 0.5000000000
1501  21.073  -78.629  5.302 0.3000000119
1494  21.032  -79.288  6.560 0.3000000119
1508  21.398  -78.666  4.689 0.3000000119
138022  22.344  -78.559  4.133 0.3000000119
638  16.247  -81.589  21.345 0.4000000060
426  15.666  -82.238  21.545 0.5000000000
121739  15.267  -83.024  21.729 0.5000000000
132810  17.148  -80.915  22.633 0.4000000060
636  17.901  -80.855  21.113 0.4000000060
903  19.588  -80.230  21.276 0.3000000119
624  18.596  -80.752  22.924 0.3000000119
682  23.018  -80.345  18.389 0.4000000060
901  21.426  -80.281  21.311 0.3000000119
136109  22.442  -80.282  20.299 0.4000000060
664  22.112  -80.682  19.177 0.5000000000
900  22.425  -80.309  21.178 0.3000000119
122803  21.024  -78.670  6.405 0.3000000119
1256  21.055  -79.692  7.196 0.3000000119
1771  21.268  -77.782  4.566 0.3000000119
2080  21.571  -77.095  4.193 0.3000000119
2089  22.903  -77.754  3.739 0.3000000119
138710  16.530  -81.242  22.698 0.3000000119
612  15.676  -82.245  22.979 0.4000000060
609  17.776  -81.070  23.234 0.3000000119
621  21.780  -80.788  23.011 0.3000000119
662  24.318  -80.162  19.188 0.4000000060
932  23.843  -80.200  18.434 0.4000000060
649  23.872  -80.270  20.093 0.4000000060
620  22.763  -80.702  22.554 0.3000000119
1751  21.045  -77.748  7.621 0.4000000060
121127  21.527  -78.685  8.238 0.4000000060
141651  22.291  -79.726  8.915 0.4000000060
138758  22.481  -79.917  9.327 0.4000000060
1004  22.921  -80.252  10.456 0.5000000000
2069  20.419  -76.585  5.422 0.3000000119
1766  20.814  -77.668  5.211 0.3000000119
2081  20.748  -76.869  4.711 0.3000000119
2429  22.359  -76.547  3.763 0.3000000119
2807  23.375  -75.105  3.066 0.3000000119
414  16.690  -81.844  24.257 0.3000000119
647  25.387  -79.707  20.318 0.3000000119
919  25.058  -79.791  19.710 0.3000000119
1164  24.858  -79.228  18.261 0.4000000060
1400  24.655  -78.225  17.542 0.4000000060
605  22.286  -80.734  23.342 0.3000000119
634  24.233  -80.082  21.053 0.3000000119
619  23.385  -80.376  22.167 0.3000000119
126810  23.844  -80.296  20.905 0.3000000119
120614  24.262  -80.419  13.634 0.5000000000
125731  24.820  -80.340  14.165 0.5000000000
120309  20.662  -75.305  9.071 0.3000000119
2039  20.865  -76.032  8.725 0.3000000119
2388  20.501  -75.482  8.126 0.3000000119
1741  21.290  -77.575  8.560 0.3000000119
1227  24.133  -79.498  11.468 0.5000000000
746  24.172  -80.148  12.550 0.5000000000
1742  20.791  -76.658  8.046 0.3000000119
1472  22.174  -79.183  8.930 0.4000000060
1235  22.944  -79.454  9.978 0.4000000060
1234  23.442  -79.467  10.693 0.5000000000
1003  23.472  -80.053  11.053 0.5000000000
2420  20.550  -75.890  4.885 0.3000000119
139635  20.924  -76.401  4.465 0.3000000119
134153  22.162  -75.607  3.886 0.3000000119
2800  22.563  -74.900  3.701 0.3000000119
2798  23.508  -74.089  2.901 0.4000000060
925  25.448  -79.623  19.554 0.3000000119
1393  26.336  -78.559  18.225 0.4000000060
596  22.118  -80.520  24.209 0.3000000119
883  24.186  -79.757  21.499 0.3000000119
898  25.590  -79.579  20.743 0.3000000119
1410  25.500  -78.081  17.014 0.4000000060
873  22.933  -80.566  23.089 0.3000000119
1187  24.943  -79.007  15.348 0.4000000060
962  24.505  -79.808  14.649 0.5000000000
960  26.646  -80.119  14.545 0.4000000060
950  26.192  -80.146  15.063 0.5000000000
2367  20.620  -74.678  10.509 0.3000000119
975  25.534  -80.130  13.391 0.5000000000
961  25.717  -80.194  14.180 0.5000000000
2027  21.081  -76.015  9.437 0.3000000119
1218  25.715  -79.640  12.807 0.4000000060
986  26.167  -79.805  13.110 0.5000000000
2769  20.262  -74.710  7.918 0.3000000119
2026  21.408  -76.805  9.894 0.4000000060
1733  21.921  -77.742  9.906 0.4000000060
132047  24.727  -79.021  11.813 0.5000000000
987  25.122  -79.946  12.846 0.5000000000
2049  20.385  -75.992  7.237 0.3000000119
1473  21.784  -78.247  9.124 0.4000000060
1465  22.518  -78.782  9.741 0.5000000000
1464  23.214  -78.911  10.525 0.5000000000
121465  20.466  -75.068  5.440 0.3000000119
2793  20.990  -74.826  4.880 0.4000000060
2792  21.713  -73.955  4.784 0.3000000119
122420  21.828  -74.850  4.273 0.4000000060
2799  22.978  -74.006  3.492 0.4000000060
8599  24.198  -63.815  -0.103 0.5000000000
3261  24.166  -73.614  2.602 0.3000000119
847  22.291  -79.489  25.585 0.3000000119
864  22.936  -79.934  23.290 0.3000000119
1150  27.212  -78.749  18.651 0.3000000119
856  22.598  -79.748  24.199 0.3000000119
1174  27.899  -79.458  16.686 0.3000000119
949  26.911  -80.108  15.363 0.5000000000
1196  27.551  -79.735  14.697 0.4000000060
1184  27.701  -79.933  15.613 0.3000000119
3150  20.387  -73.419  10.519 0.3000000119
1207  27.209  -79.576  13.955 0.5000000000
2380  20.800  -75.342  9.928 0.3000000119
1709  25.477  -78.111  12.576 0.4000000060
1217  26.291  -79.605  12.989 0.4000000060
1722  21.882  -77.138  10.628 0.4000000060
1715  22.372  -77.118  11.275 0.4000000060
118279  22.937  -77.611  11.523 0.4000000060
1454  24.957  -78.518  12.213 0.4000000060
2394  20.176  -75.112  7.351 0.3000000119
2777  20.155  -74.064  6.844 0.3000000119
1721  22.567  -77.997  10.732 0.4000000060
1459  23.993  -78.979  11.170 0.5000000000
2785  21.130  -73.937  5.283 0.3000000119
3245  22.402  -73.077  4.786 0.4000000060
3250  22.959  -73.078  4.029 0.4000000060
7940  24.273  -64.591  0.417 0.5000000000
3249  23.536  -73.288  3.343 0.4000000060
3749  23.676  -72.573  3.958 0.5000000000
8598  24.958  -64.274  -0.777 0.5000000000
1118  23.114  -79.327  23.964 0.3000000119
133845  15.520  -65.206  8.332 0.5000000000
1434  27.650  -79.155  14.522 0.3000000119
1423  28.181  -79.225  15.374 0.3000000119
7840  16.814  -64.868  8.051 0.5000000000
7831  14.826  -65.456  8.305 0.6000000238
3634  21.031  -72.420  10.805 0.3000000119
2730  20.608  -73.943  11.117 0.3000000119
3650  20.517  -72.718  9.388 0.3000000119
2354  20.898  -74.800  11.174 0.3000000119
2352  21.999  -75.680  11.958 0.3000000119
1705  26.096  -77.597  12.917 0.4000000060
1704  26.756  -78.022  13.278 0.4000000060
7185  19.990  -66.474  5.595 0.5000000000
7152  12.132  -66.712  7.229 0.5000000000
124167  21.899  -76.616  11.111 0.3000000119
2004  22.881  -76.896  11.900 0.3000000119
1711  23.698  -77.524  12.039 0.3000000119
1977  25.083  -76.519  12.874 0.3000000119
7202  20.407  -66.894  4.331 0.5000000000
3198  20.340  -73.415  6.907 0.3000000119
3239  20.925  -73.443  5.849 0.3000000119
7226  21.293  -66.961  3.230 0.5000000000
3238  21.716  -73.211  5.424 0.3000000119
7244  22.487  -66.413  2.259 0.5000000000
3237  22.589  -72.460  5.654 0.4000000060
120956  23.147  -65.905  1.640 0.6000000238
3719  23.589  -72.311  5.371 0.4000000060
3739  24.008  -72.274  4.577 0.5000000000
7269  24.719  -65.709  0.487 0.5000000000
3717  25.053  -72.625  4.771 0.4000000060
131689  24.286  -72.411  3.934 0.3000000119
3758  24.282  -72.703  3.269 0.4000000060
8597  25.767  -64.442  -0.847 0.6000000238
2417  26.622  -76.229  4.149 0.3000000119
2789  26.526  -75.263  3.878 0.4000000060
3736  26.106  -72.880  3.753 0.4000000060
129733  25.084  -72.428  2.987 0.3000000119
127677  26.645  -65.214  -1.152 0.6000000238
7952  25.406  -65.073  -1.142 0.5000000000
2077  27.926  -76.439  4.292 0.3000000119
2426  27.874  -76.218  3.421 0.5000000000
2797  27.325  -75.302  3.229 0.4000000060
3248  27.627  -73.699  2.789 0.4000000060
130672  25.580  -66.687  -1.214 0.6000000238
2076  28.557  -76.516  4.200 0.3000000119
2425  28.697  -76.219  3.304 0.5000000000
2804  28.216  -75.526  2.733 0.4000000060
2803  28.714  -74.475  2.171 0.4000000060
140889  29.214  -76.304  3.896 0.4000000060
2433  29.268  -75.648  2.497 0.5000000000
2815  29.737  -75.029  1.835 0.4000000060
2814  30.303  -75.071  1.916 0.5000000000
7832  14.028  -65.804  8.197 0.6000000238
4142  21.663  -71.869  11.120 0.3000000119
3129  20.777  -73.255  11.552 0.3000000119
2719  21.465  -74.009  12.538 0.3000000119
2343  21.714  -74.908  12.271 0.3000000119
7138  13.765  -66.699  8.511 0.6000000238
7151  12.680  -66.681  7.711 0.6000000238
3649  21.363  -72.358  9.821 0.3000000119
2342  22.456  -75.304  12.551 0.3000000119
2341  23.311  -75.652  12.761 0.3000000119
7140  12.163  -67.314  7.972 0.6000000238
3647  22.477  -72.723  10.074 0.3000000119
1992  22.710  -76.094  12.238 0.3000000119
1991  23.539  -76.515  12.418 0.3000000119
136375  10.133  -67.534  8.508 0.6000000238
137554  21.714  -72.237  6.716 0.3000000119
130078  8.792  -67.601  9.352 0.6000000238
6514  8.965  -67.355  8.626 0.6000000238
6515  8.139  -67.774  8.947 0.6000000238
5845  7.292  -67.948  8.667 0.5000000000
3235  25.252  -73.584  5.019 0.4000000060
140170  26.217  -73.752  4.029 0.4000000060
125312  29.407  -76.079  3.901 0.4000000060
2423  29.775  -75.600  3.165 0.5000000000
4158  23.118  -71.394  10.839 0.3000000119
4141  22.310  -71.363  11.569 0.3000000119
3616  21.225  -72.299  11.572 0.3000000119
3604  21.415  -72.458  12.398 0.3000000119
2718  22.186  -74.527  12.865 0.3000000119
2327  23.013  -74.837  13.040 0.3000000119
124074  23.969  -75.077  13.234 0.3000000119
7137  14.597  -66.302  8.807 0.5000000000
128794  22.468  -72.001  10.535 0.3000000119
3648  21.853  -72.430  9.847 0.3000000119
6512  12.591  -67.644  8.983 0.5000000000
7139  13.000  -67.046  8.295 0.6000000238
1978  24.373  -75.973  12.916 0.3000000119
120600  11.741  -67.572  8.782 0.6000000238
136732  23.228  -73.087  10.321 0.3000000119
6496  10.954  -67.595  9.128 0.6000000238
2784  24.761  -74.054  5.791 0.3000000119
141553  24.375  -73.017  6.151 0.3000000119
5844  7.781  -67.825  9.331 0.6000000238
6502  6.092  -67.199  8.950 0.6000000238
6495  11.701  -67.772  9.871 0.6000000238
124985  10.781  -67.727  10.001 0.5000000000
6477  10.045  -67.635  10.659 0.6000000238
6498  9.155  -67.689  10.005 0.6000000238
6480  7.624  -67.583  10.324 0.6000000238
6500  7.183  -67.667  9.639 0.6000000238
7123  5.990  -66.193  9.408 0.6000000238
6481  6.962  -67.211  10.136 0.6000000238
7819  5.564  -65.388  9.669 0.5000000000
119016  12.783  -67.898  10.241 0.5000000000
6476  11.056  -67.749  10.918 0.5000000000
6458  8.738  -67.487  11.286 0.5000000000
7108  6.975  -66.473  10.793 0.6000000238
8461  3.653  -64.065  10.552 0.5000000000
124277  4.510  -62.456  11.347 0.6000000238
9116  4.026  -63.433  11.085 0.6000000238
9117  3.094  -63.243  11.190 0.5000000000
9098  3.832  -62.791  11.316 0.6000000238
9118  1.863  -62.782  10.746 0.6000000238
6457  9.522  -67.407  11.688 0.5000000000
7771  6.828  -64.925  11.831 0.5000000000
7772  6.090  -64.616  11.254 0.5000000000
7818  6.106  -65.425  10.248 0.6000000238
8433  6.542  -64.021  11.704 0.6000000238
140944  5.498  -64.232  11.014 0.5000000000
123575  4.506  -64.534  10.204 0.5000000000
9096  5.958  -63.211  11.462 0.6000000238
9129  6.947  -62.654  9.974 0.6000000238
9737  5.309  -62.574  11.323 0.6000000238
9739  2.672  -62.266  11.386 0.5000000000
7689  6.089  -65.455  18.015 0.5000000000
6455  11.362  -67.602  11.952 0.5000000000
7090  7.325  -65.915  11.560 0.5000000000
125424  7.157  -64.508  11.995 0.6000000238
8340  4.818  -64.100  18.990 0.5000000000
9012  4.498  -63.313  19.266 0.6000000238
8353  6.424  -64.731  18.538 0.6000000238
7688  7.139  -65.301  17.912 0.6000000238
8354  5.413  -64.778  18.514 0.5000000000
7699  7.685  -65.663  17.130 0.5000000000
7713  7.308  -65.837  15.821 0.5000000000
11020  0.825  -61.069  12.236 0.5000000000
9740  1.550  -61.397  11.522 0.5000000000
9616  8.162  -61.895  21.423 0.6000000238
141644  7.056  -61.478  22.247 0.6999999881
9634  7.665  -62.456  20.859 0.6000000238
9618  6.514  -61.935  21.954 0.6999999881
9620  4.782  -62.114  21.308 0.6000000238
9637  4.526  -62.286  20.365 0.6000000238
9635  6.681  -62.474  21.025 0.6000000238
132795  5.946  -62.691  20.690 0.6000000238
9633  8.563  -62.531  20.726 0.6000000238
8994  8.114  -63.066  20.168 0.6000000238
8995  6.451  -62.972  20.175 0.6000000238
8996  5.692  -62.965  20.037 0.5000000000
9648  4.223  -62.545  19.571 0.6000000238
8993  9.005  -63.156  20.024 0.6000000238
9009  6.973  -63.457  19.651 0.6000000238
9010  6.139  -63.524  19.603 0.5000000000
8997  4.932  -62.863  19.881 0.6000000238
137563  8.541  -63.760  19.393 0.6000000238
8338  6.722  -64.108  19.137 0.6000000238
132091  8.407  -64.452  18.587 0.6000000238
8352  7.439  -64.660  18.548 0.6000000238
7687  8.242  -65.082  17.742 0.6000000238
137356  8.221  -65.054  16.332 0.5000000000
129567  6.263  -65.581  15.379 0.5000000000
8379  5.902  -64.594  15.581 0.5000000000
9050  4.600  -63.706  15.430 0.5000000000
127108  4.240  -62.872  15.080 0.5000000000
9604  5.885  -61.734  22.206 0.6000000238
10236  4.832  -61.039  22.504 0.6999999881
8336  9.294  -64.157  18.581 0.5000000000
8369  8.648  -64.575  16.694 0.6000000238
8371  7.490  -64.417  15.927 0.6000000238
8378  7.019  -65.195  15.581 0.5000000000
9044  5.981  -63.620  16.066 0.6000000238
9681  5.353  -62.935  16.258 0.5000000000
9682  4.934  -62.201  16.056 0.6000000238
9692  4.359  -62.193  15.514 0.6000000238
12175  9.902  -58.805  19.537 0.4000000060
134168  5.543  -59.209  21.028 0.6999999881
12149  3.936  -58.145  21.606 0.5000000000
12135  4.059  -58.715  22.351 0.5000000000
12161  10.318  -59.103  20.378 0.6000000238
12162  9.437  -59.271  20.201 0.5000000000
12134  4.984  -58.975  22.117 0.6000000238
11499  4.395  -59.452  22.527 0.5000000000
12160  12.011  -58.766  20.652 0.5000000000
127669  6.439  -59.458  21.234 0.6000000238
11498  5.460  -59.737  22.520 0.8000000119
11497  7.025  -60.083  22.282 0.6999999881
10885  5.360  -60.562  22.648 0.8000000119
10237  3.959  -60.642  22.306 0.6999999881
9043  6.889  -63.438  16.354 0.6000000238
136419  6.004  -62.903  16.564 0.6000000238
125509  9.035  -59.013  19.387 0.5000000000
11546  5.115  -59.393  19.786 0.6999999881
12806  3.001  -57.629  22.383 0.5000000000
12831  12.417  -58.171  20.179 0.4000000060
12174  10.761  -58.578  19.783 0.4000000060
12159  12.826  -58.835  20.492 0.4000000060
10909  13.138  -59.919  20.148 0.5000000000
10936  12.752  -60.520  19.113 0.4000000060
12166  3.476  -57.812  20.852 0.5000000000
12817  3.140  -57.425  21.760 0.5000000000
12865  9.479  -57.727  18.020 0.3000000119
12866  8.787  -58.102  18.247 0.3000000119
12165  4.146  -58.576  20.641 0.6000000238
139587  13.491  -58.644  20.104 0.4000000060
11556  13.568  -59.567  18.847 0.4000000060
10949  12.191  -60.401  17.752 0.4000000060
12193  3.628  -58.571  18.821 0.6000000238
12180  4.307  -59.103  19.532 0.6000000238
121774  13.301  -59.583  18.064 0.4000000060
12850  3.073  -57.778  19.144 0.5000000000
12833  2.631  -57.118  20.702 0.5000000000
13547  10.573  -56.625  17.545 0.3000000119
12877  8.607  -57.544  17.545 0.3000000119
12878  7.572  -57.700  17.402 0.4000000060
11562  13.319  -59.237  17.373 0.3000000119
10960  12.287  -60.043  16.974 0.4000000060
11567  12.262  -59.481  15.848 0.4000000060
13559  7.557  -56.550  16.355 0.4000000060
12867  3.075  -58.001  18.338 0.6000000238
12851  2.466  -56.941  19.567 0.4000000060
13560  6.735  -56.768  16.154 0.4000000060
14252  10.880  -55.832  17.233 0.3000000119
14262  9.571  -55.531  16.395 0.3000000119
12868  2.590  -57.199  18.542 0.5000000000
13561  5.806  -57.039  15.853 0.4000000060
12905  4.937  -57.321  16.078 0.4000000060
140835  4.100  -56.127  14.695 0.5000000000
117969  5.613  -56.526  15.223 0.4000000060
13581  4.952  -56.259  14.779 0.4000000060
15778  6.415  -54.485  12.251 0.3000000119
15050  6.158  -54.505  11.197 0.3000000119
14298  5.929  -54.884  12.987 0.3000000119
14312  4.930  -55.105  12.596 0.3000000119
15052  4.725  -54.303  10.986 0.3000000119
18321  5.338  -50.574  17.232 0.4000000060
15797  6.608  -54.085  10.338 0.3000000119
2325  25.397  -75.930  13.219 0.3000000119
3236  24.685  -72.801  5.476 0.4000000060
14284  5.266  -55.682  14.131 0.3000000119
10319  5.200  -61.468  16.143 0.6000000238
129717  6.809  -50.387  18.255 0.4000000060
11510  12.236  -60.248  21.115 0.5000000000
14299  5.421  -55.167  13.393 0.3000000119
134246  26.160  -72.588  3.136 0.3000000119
3243  26.830  -73.762  3.547 0.4000000060
7107  7.466  -66.968  11.007 0.5000000000
914  18.739  -80.448  21.206 0.4000000060
654  17.792  -81.848  20.579 0.5000000000
202  15.299  -84.493  20.399 0.5000000000
674  22.387  -80.592  18.648 0.5000000000
1488  21.198  -78.793  7.198 0.4000000060
625  17.805  -80.697  22.533 0.4000000060
663  23.412  -80.399  19.088 0.4000000060
1165  23.592  -80.090  17.963 0.4000000060
1489  20.864  -77.906  6.677 0.4000000060
1025  21.506  -80.048  7.901 0.4000000060
771  21.925  -80.194  9.020 0.4000000060
126850  15.524  -82.769  23.555 0.3000000119
606  21.304  -80.781  23.755 0.3000000119
131629  24.742  -79.960  19.919 0.3000000119
926  24.429  -80.020  18.759 0.4000000060
125176  24.090  -79.336  17.819 0.4000000060
1752  20.600  -76.971  6.990 0.3000000119
2411  20.270  -75.650  5.758 0.4000000060
1152  25.184  -79.640  18.959 0.4000000060
127652  24.707  -77.838  16.727 0.4000000060
995  24.492  -79.753  12.187 0.5000000000
7933  22.772  -65.098  1.798 0.5000000000
2419  21.341  -75.867  4.249 0.4000000060
122025  24.656  -79.495  21.511 0.3000000119
1409  26.336  -78.460  17.347 0.4000000060
1175  26.330  -78.788  16.358 0.4000000060
1186  25.840  -79.375  15.534 0.5000000000
974  26.471  -80.046  13.632 0.5000000000
2016  21.508  -76.355  10.646 0.3000000119
3199  20.274  -73.523  7.572 0.3000000119
2776  20.243  -74.700  6.186 0.3000000119
2786  20.595  -74.277  5.613 0.3000000119
7939  25.104  -64.562  -0.121 0.6000000238
1183  28.344  -79.437  16.179 0.3000000119
1185  27.137  -79.830  16.097 0.4000000060
1706  25.273  -77.250  12.740 0.3000000119
3740  23.229  -72.463  4.736 0.4000000060
1700  27.781  -77.067  15.248 0.3000000119
1976  25.860  -76.697  13.163 0.3000000119
2418  25.763  -75.887  4.379 0.4000000060
3244  25.695  -73.159  4.429 0.4000000060
3737  25.393  -72.667  4.163 0.4000000060
2408  27.728  -76.236  5.097 0.3000000119
3117  21.595  -73.162  12.939 0.3000000119
6497  10.098  -67.661  9.557 0.6000000238
2790  25.820  -74.430  4.454 0.3000000119
2707  22.709  -74.191  13.221 0.3000000119
2706  23.631  -74.176  13.482 0.3000000119
3163  23.670  -73.861  10.230 0.3000000119
7797  5.353  -64.728  10.404 0.5000000000
8460  4.856  -63.859  10.870 0.6000000238
10234  6.439  -61.276  22.485 0.6999999881
10886  4.638  -60.261  22.596 0.6999999881
121375  6.300  -59.761  22.280 0.6999999881
12164  4.624  -58.749  21.454 0.6000000238
13539  10.301  -57.368  17.965 0.3000000119
12876  9.601  -56.978  17.324 0.3000000119
127662  23.896  -67.598  1.472 0.5000000000
6603  22.607  -67.614  2.309 0.5000000000
4222  30.973  -70.778  3.593 0.6000000238
7770  7.474  -65.095  12.186 0.4000000060
8432  7.691  -64.553  12.147 0.5000000000
9738  3.791  -62.135  11.377 0.5000000000
9773  5.556  -62.310  9.031 0.5000000000
9762  5.132  -61.744  9.621 0.5000000000
10394  4.164  -61.487  10.645 0.5000000000
10376  2.784  -61.510  11.315 0.5000000000
10395  3.248  -61.230  10.900 0.5000000000
9146  6.392  -63.088  8.771 0.5000000000
10377  1.757  -60.611  11.554 0.4000000060
9774  4.429  -62.048  8.583 0.5000000000
10403  4.371  -61.501  9.686 0.5000000000
10396  2.521  -60.831  11.138 0.5000000000
11037  1.222  -60.329  12.160 0.5000000000
10418  3.790  -61.508  8.768 0.6000000238
10404  3.415  -61.105  9.654 0.5000000000
11036  1.855  -59.842  11.536 0.5000000000
135985  3.693  -62.119  14.967 0.5000000000
10420  3.096  -60.588  9.186 0.6000000238
10987  1.826  -60.745  14.169 0.5000000000
135822  2.179  -61.354  14.382 0.5000000000
11075  2.688  -60.150  9.716 0.6000000238
11638  1.521  -59.660  12.143 0.6000000238
11019  0.887  -60.458  13.187 0.5000000000
10430  3.781  -61.197  7.511 0.6000000238
11675  2.643  -59.590  9.891 0.6000000238
11659  2.316  -59.354  10.739 0.6000000238
11581  2.545  -60.320  14.241 0.6000000238
11658  2.660  -58.993  10.074 0.6000000238
10986  3.260  -60.678  14.761 0.5000000000
10975  3.922  -61.063  15.258 0.5000000000
12260  2.358  -58.773  11.939 0.6000000238
11604  1.797  -59.352  13.228 0.6000000238
10268  4.018  -61.602  20.881 0.5000000000
121206  3.295  -60.726  21.471 0.5000000000
10255  4.333  -61.398  21.864 0.5000000000
10974  4.687  -60.854  15.601 0.6000000238
12274  2.950  -58.474  11.414 0.6000000238
10985  4.094  -60.399  14.965 0.6000000238
11620  2.381  -58.868  12.845 0.6000000238
11580  3.413  -59.972  14.335 0.6000000238
12244  3.990  -58.630  12.806 0.6000000238
13571  6.306  -56.266  15.561 0.3000000119
17439  5.013  -51.088  17.577 0.3000000119
2802  30.380  -75.014  2.279 0.4000000060
125058  31.092  -73.427  2.722 0.5000000000
6646  26.104  -67.401  -1.285 0.5000000000
137522  27.509  -66.379  -1.305 0.5000000000
3753  31.101  -72.423  3.394 0.4000000060
126412  28.264  -66.033  -1.180 0.4000000060
4773  31.342  -70.664  4.235 0.4000000060
7258  23.177  -67.054  1.815 0.4000000060
7268  25.524  -66.387  0.310 0.4000000060
7257  23.915  -66.093  1.148 0.4000000060
7938  26.201  -65.176  -0.432 0.4000000060
7945  26.965  -65.803  -1.153 0.4000000060
5892  33.261  -68.505  4.063 0.4000000060
5893  32.226  -68.456  4.072 0.4000000060
7245  21.966  -67.331  2.752 0.4000000060
5309  32.641  -69.321  4.683 0.4000000060
5310  31.632  -69.259  4.330 0.4000000060
6559  30.446  -67.608  4.407 0.4000000060
141991  29.672  -67.238  4.776 0.5000000000
12290  3.254  -58.646  10.562 0.5000000000
11673  4.013  -59.443  9.195 0.5000000000
12258  4.246  -58.389  12.243 0.5000000000
120207  4.356  -58.653  10.778 0.5000000000
12272  5.404  -58.844  11.121 0.5000000000
12243  4.764  -58.510  12.950 0.5000000000
12256  6.056  -58.866  12.053 0.5000000000
10887  3.681  -59.858  22.543 0.4000000060
11500  3.505  -59.090  22.593 0.4000000060
12257  5.121  -58.540  12.209 0.5000000000
11579  4.430  -59.607  14.277 0.5000000000
4790  30.135  -70.799  3.125 0.5000000000
135106  31.253  -69.940  4.165 0.4000000060
5894  31.159  -68.370  4.245 0.4000000060
130948  16.247  -84.200  19.722 0.4000000060
121  16.649  -84.475  18.976 0.4000000060
945  13.938  -81.057  16.372 0.4000000060
304  16.770  -83.544  19.985 0.4000000060
201  17.100  -83.944  19.474 0.4000000060
701  14.662  -81.206  17.148 0.4000000060
131  17.033  -84.227  18.561 0.4000000060
937  16.266  -80.242  18.060 0.4000000060
690  15.688  -81.016  17.859 0.4000000060
131465  15.632  -82.730  16.996 0.4000000060
433  18.412  -82.854  20.043 0.5000000000
303  17.703  -83.261  19.948 0.5000000000
302  18.358  -83.340  19.598 0.4000000060
217  17.742  -84.197  19.010 0.4000000060
465  16.075  -81.924  17.808 0.4000000060
432  19.307  -82.443  20.184 0.5000000000
445  20.277  -82.560  19.537 0.5000000000
301  19.133  -83.006  19.713 0.5000000000
216  17.765  -83.686  18.916 0.4000000060
140093  17.150  -83.974  17.739 0.4000000060
318  19.886  -82.830  18.643 0.4000000060
215  18.954  -83.172  18.965 0.4000000060
686  19.598  -81.793  17.223 0.4000000060
687  18.716  -81.528  17.727 0.4000000060
131659  17.526  -81.535  18.210 0.4000000060
325  17.511  -82.825  17.904 0.4000000060
329  16.826  -83.948  17.049 0.4000000060
936  17.253  -80.591  18.076 0.4000000060
689  16.641  -81.129  18.184 0.4000000060
126857  20.089  -82.529  17.716 0.5000000000
323  19.397  -82.722  18.022 0.4000000060
222  18.240  -83.211  18.612 0.4000000060
328  17.533  -83.636  17.891 0.4000000060
472  20.275  -81.959  17.048 0.5000000000
461  19.862  -82.385  17.529 0.4000000060
462  19.229  -82.346  17.853 0.4000000060
140359  17.957  -82.885  18.129 0.4000000060
1178  19.947  -79.670  15.573 0.3000000119
967  19.594  -80.558  14.625 0.3000000119
1438  20.292  -78.899  15.162 0.4000000060
941  19.929  -80.251  15.963 0.3000000119
1414  21.122  -78.389  16.430 0.4000000060
1415  20.440  -78.807  16.205 0.4000000060
729  20.014  -81.578  13.307 0.3000000119
980  19.999  -80.636  13.934 0.4000000060
1200  20.418  -79.231  14.687 0.4000000060
1428  21.287  -78.188  15.552 0.4000000060
964  21.593  -80.061  13.911 0.4000000060
1199  21.081  -79.147  14.422 0.4000000060
1435  22.744  -78.732  14.783 0.4000000060
1692  23.747  -77.829  15.830 0.3000000119
698  19.727  -81.214  16.568 0.3000000119
1412  23.003  -77.930  16.707 0.3000000119
134737  21.630  -79.014  17.262 0.4000000060
979  20.891  -80.748  13.383 0.4000000060
1694  22.539  -77.747  16.171 0.3000000119
133371  21.944  -79.264  14.377 0.4000000060
1198  23.638  -79.597  14.512 0.4000000060
1188  23.904  -78.596  15.194 0.4000000060
697  20.294  -81.140  16.560 0.4000000060
939  21.141  -79.893  17.117 0.4000000060
738  20.517  -81.569  12.706 0.4000000060
1411  23.882  -77.708  16.557 0.3000000119
135614  21.961  -80.772  12.568 0.4000000060
728  21.415  -80.896  12.846 0.4000000060
142099  23.375  -80.559  12.370 0.4000000060
977  23.390  -80.559  13.517 0.4000000060
963  22.858  -80.126  14.098 0.4000000060
460  20.564  -82.202  17.504 0.4000000060
696  21.045  -81.059  17.070 0.4000000060
1166  22.706  -79.734  17.645 0.3000000119
934  21.808  -80.253  17.594 0.4000000060
129728  23.395  -79.301  17.592 0.3000000119
748  21.927  -80.724  11.950 0.4000000060
755  22.231  -80.483  10.495 0.4000000060
125387  22.906  -80.593  11.843 0.4000000060
976  24.521  -80.304  13.189 0.4000000060
118630  23.978  -80.330  14.057 0.4000000060
444  20.860  -82.161  19.239 0.4000000060
933  22.748  -80.288  17.995 0.3000000119
666  20.777  -81.923  19.663 0.4000000060
317  20.444  -82.606  18.624 0.4000000060
443  21.438  -81.530  18.938 0.4000000060
459  20.857  -82.192  18.084 0.4000000060
683  21.960  -80.746  18.245 0.4000000060
6561  28.471  -66.472  5.111 0.4000000060
978  22.213  -80.596  13.405 0.4000000060
122  16.066  -84.630  19.390 0.4000000060
130  17.168  -84.014  18.508 0.4000000060
142  17.270  -83.826  18.192 0.4000000060
200  17.748  -83.652  19.400 0.5000000000
206  18.380  -83.323  19.281 0.4000000060
207  18.036  -83.515  19.319 0.4000000060
208  17.274  -84.011  19.095 0.4000000060
209  16.593  -84.335  19.350 0.4000000060
221  19.265  -82.955  18.582 0.4000000060
225  17.508  -83.740  17.776 0.4000000060
297  15.131  -83.728  21.090 0.5000000000
305  15.743  -83.579  20.331 0.5000000000
310  20.537  -82.535  19.117 0.4000000060
311  20.039  -82.796  19.115 0.5000000000
312  19.288  -82.982  19.254 0.4000000060
313  18.817  -83.149  19.485 0.4000000060
321  20.297  -82.631  18.094 0.4000000060
322  19.789  -82.822  18.303 0.4000000060
324  18.351  -82.957  18.283 0.4000000060
326  16.543  -82.945  17.410 0.4000000060
420  15.523  -82.446  22.253 0.5000000000
435  16.273  -82.777  20.437 0.4000000060
446  19.563  -82.865  19.493 0.5000000000
451  21.364  -81.507  18.457 0.4000000060
452  20.887  -82.197  18.772 0.4000000060
463  18.367  -82.121  18.184 0.4000000060
464  16.880  -82.048  18.064 0.4000000060
474  13.851  -81.947  16.320 0.4000000060
589  21.833  -80.332  24.899 0.3000000119
603  23.413  -80.307  22.177 0.3000000119
604  22.951  -80.689  22.884 0.3000000119
610  16.900  -81.305  23.436 0.3000000119
611  16.175  -81.617  23.163 0.3000000119
617  24.589  -79.996  20.800 0.3000000119
618  23.799  -80.084  21.468 0.3000000119
626  16.646  -81.080  21.952 0.4000000060
627  15.968  -81.666  22.264 0.4000000060
633  24.877  -79.826  20.632 0.3000000119
635  23.277  -80.421  21.669 0.3000000119
637  17.393  -80.725  21.834 0.4000000060
648  24.416  -80.103  20.554 0.3000000119
650  21.073  -80.793  20.053 0.4000000060
651  20.388  -81.280  20.098 0.4000000060
652  19.649  -81.289  20.342 0.5000000000
655  16.718  -81.959  20.656 0.5000000000
661  24.661  -79.923  19.285 0.4000000060
671  24.783  -79.847  19.127 0.3000000119
672  24.363  -80.040  18.860 0.4000000060
673  23.726  -80.261  18.656 0.4000000060
684  20.987  -81.743  17.497 0.4000000060
685  20.656  -81.728  17.063 0.4000000060
688  18.000  -81.235  18.081 0.4000000060
725  23.839  -80.428  12.724 0.4000000060
726  23.372  -80.617  12.922 0.4000000060
727  22.573  -80.698  13.035 0.4000000060
737  22.737  -80.680  12.468 0.4000000060
747  23.583  -80.380  11.927 0.4000000060
754  23.005  -80.430  11.133 0.4000000060
857  22.056  -80.232  24.590 0.3000000119
865  22.423  -80.439  23.804 0.3000000119
871  24.106  -79.330  22.215 0.3000000119
872  23.512  -79.838  22.090 0.3000000119
882  25.142  -79.486  21.220 0.3000000119
884  21.927  -80.444  21.931 0.3000000119
887  19.059  -80.210  22.079 0.4000000060
888  18.165  -80.394  21.917 0.4000000060
899  23.191  -80.319  20.624 0.4000000060
918  25.783  -79.553  20.084 0.3000000119
920  22.916  -80.313  19.735 0.4000000060
921  21.963  -80.479  19.732 0.4000000060
931  24.154  -80.020  18.322 0.4000000060
940  20.513  -80.144  16.583 0.3000000119
948  27.248  -80.073  14.852 0.4000000060
951  25.351  -80.032  14.854 0.5000000000
952  19.543  -80.457  15.317 0.3000000119
965  20.604  -79.890  14.115 0.4000000060
966  20.108  -79.907  14.485 0.4000000060
996  23.953  -80.018  11.866 0.5000000000
1010  22.959  -79.917  10.094 0.4000000060
1017  22.019  -79.989  8.612 0.4000000060
1026  20.788  -80.160  7.292 0.3000000119
1112  22.535  -79.536  24.752 0.3000000119
1162  27.265  -78.859  17.659 0.3000000119
1163  25.612  -78.857  18.522 0.4000000060
1167  15.973  -79.530  17.675 0.4000000060
1176  20.725  -79.124  16.767 0.4000000060
1177  20.205  -79.385  16.161 0.4000000060
1197  27.117  -80.016  14.071 0.4000000060
1201  19.954  -79.558  15.029 0.3000000119
1208  26.900  -79.987  13.271 0.5000000000
1226  25.033  -79.458  12.343 0.4000000060
1243  22.605  -79.545  9.385 0.4000000060
1250  21.935  -79.625  8.367 0.4000000060
1251  21.480  -79.457  7.770 0.4000000060
1262  20.987  -79.185  5.755 0.3000000119
1348  22.763  -79.141  24.810 0.3000000119
1399  25.544  -78.423  17.830 0.4000000060
1401  23.703  -78.284  17.293 0.3000000119
1402  22.708  -78.646  17.216 0.3000000119
1413  22.076  -78.155  16.701 0.3000000119
1424  25.332  -78.338  16.132 0.4000000060
1425  24.479  -78.005  15.883 0.3000000119
1426  23.076  -77.917  15.569 0.3000000119
1427  22.157  -77.996  15.465 0.3000000119
1429  20.582  -78.549  15.660 0.4000000060
1430  20.134  -79.035  15.628 0.4000000060
1436  21.611  -78.511  14.828 0.4000000060
1437  20.770  -78.603  14.946 0.4000000060
1444  27.255  -78.589  13.949 0.3000000119
1445  26.763  -79.089  13.403 0.5000000000
1446  26.160  -78.580  12.953 0.4000000060
1453  25.491  -79.059  12.552 0.4000000060
1495  20.822  -78.196  5.876 0.3000000119
1507  22.129  -79.556  4.237 0.3000000119
1693  23.257  -77.683  16.171 0.3000000119
1695  21.798  -77.921  16.124 0.4000000060
1702  27.821  -78.158  14.733 0.3000000119
1710  24.675  -77.794  12.347 0.4000000060
1720  23.436  -78.340  11.347 0.5000000000
1758  20.518  -77.259  6.051 0.4000000060
1990  24.425  -76.920  12.562 0.3000000119
2005  22.250  -76.397  11.630 0.3000000119
2006  21.668  -75.984  11.287 0.3000000119
2038  21.157  -76.750  8.995 0.3000000119
2057  20.303  -76.308  6.316 0.3000000119
2063  28.922  -76.450  4.450 0.3000000119
2064  28.236  -76.431  4.574 0.3000000119
2075  28.975  -76.475  3.889 0.4000000060
2087  28.304  -76.459  3.822 0.5000000000
2088  27.522  -76.382  3.929 0.3000000119
2094  24.654  -76.600  2.140 0.4000000060
2096  23.639  -76.233  2.944 0.4000000060
2353  21.374  -75.256  11.568 0.3000000119
2366  21.092  -75.519  10.771 0.3000000119
2379  21.240  -75.988  10.115 0.3000000119
2395  20.109  -74.717  6.865 0.3000000119
2404  20.176  -75.409  6.601 0.3000000119
2424  29.273  -76.034  3.352 0.5000000000
2427  27.159  -76.129  3.694 0.5000000000
2432  29.796  -75.492  2.524 0.5000000000
2435  24.177  -75.970  2.507 0.4000000060
2442  29.826  -75.385  2.136 0.5000000000
2708  22.096  -73.766  13.170 0.3000000119
2720  20.985  -73.787  11.867 0.3000000119
2729  21.131  -74.472  11.785 0.3000000119
2739  20.373  -73.938  10.315 0.3000000119
2761  20.389  -74.596  8.627 0.3000000119
2770  20.157  -74.353  7.430 0.3000000119
2791  22.371  -73.955  4.184 0.4000000060
3116  22.861  -73.571  13.403 0.3000000119
3128  21.098  -73.228  12.257 0.3000000119
3138  20.529  -73.196  10.963 0.3000000119
3221  20.392  -73.798  6.300 0.3000000119
3257  30.912  -74.340  2.261 0.6000000238
3259  25.545  -72.739  2.239 0.5000000000
3270  26.801  -72.885  1.272 0.3000000119
3271  26.127  -73.067  1.452 0.3000000119
3274  31.741  -73.688  0.908 0.5000000000
3290  26.847  -73.010  -0.578 0.4000000060
3605  20.972  -72.763  11.829 0.3000000119
3617  20.796  -72.784  11.192 0.3000000119
3633  21.858  -72.074  10.470 0.3000000119
3635  20.529  -72.850  10.388 0.3000000119
3695  23.982  -72.467  5.813 0.4000000060
3699  20.748  -73.025  6.566 0.3000000119
3718  24.355  -72.298  5.046 0.5000000000
3720  21.569  -72.637  6.216 0.3000000119
3738  24.733  -72.424  4.243 0.3000000119
3747  25.409  -72.509  3.499 0.3000000119
3748  24.755  -72.439  3.591 0.3000000119
3752  31.997  -72.818  2.218 0.6000000238
3754  28.206  -73.102  1.811 0.4000000060
3774  31.959  -72.271  0.484 0.6000000238
3777  27.414  -72.777  1.186 0.4000000060
3780  31.102  -72.094  -0.183 0.5000000000
3781  30.602  -72.304  0.070 0.4000000060
3789  28.118  -71.961  -0.689 0.5000000000
4159  22.370  -71.534  10.962 0.3000000119
4239  32.406  -72.274  1.738 0.6000000238
4248  32.388  -71.740  0.878 0.6000000238
4249  32.572  -72.009  1.200 0.6000000238
4259  32.083  -71.756  0.526 0.6000000238
4263  31.114  -71.292  -0.222 0.6000000238
4270  28.845  -71.380  -0.627 0.6000000238
4807  32.090  -71.318  1.046 0.6999999881
4818  31.227  -70.694  0.415 0.6999999881
4824  31.477  -71.277  0.181 0.6000000238
4831  27.829  -69.859  -0.906 0.5000000000
5286  22.024  -68.789  5.873 0.6999999881
5311  30.650  -69.484  4.293 0.4000000060
5313  28.621  -69.787  4.416 0.6000000238
5369  30.328  -69.366  -0.517 0.6999999881
5374  30.134  -69.066  -0.732 0.6999999881
5376  28.583  -69.101  -1.007 0.6999999881
5823  7.834  -67.804  9.848 0.6000000238
5834  7.420  -67.797  9.377 0.6000000238
5835  6.827  -67.913  8.943 0.5000000000
5855  20.808  -68.317  7.595 0.6999999881
5861  22.941  -68.512  5.964 0.6999999881
5862  22.289  -68.666  6.212 0.6999999881
5863  21.680  -68.731  6.243 0.8000000119
5864  21.220  -68.615  6.869 0.8000000119
5875  28.565  -68.295  5.310 0.6999999881
5880  20.947  -68.521  5.956 0.8000000119
5899  24.063  -68.688  3.877 0.6999999881
5901  22.690  -69.077  4.596 0.6999999881
5921  27.951  -69.526  3.742 0.6999999881
5922  27.397  -68.542  4.176 0.6999999881
5926  22.804  -69.029  3.471 0.6000000238
5942  24.714  -68.785  2.527 0.6999999881
5944  22.483  -68.401  2.864 0.6000000238
5956  24.662  -68.729  2.146 0.6999999881
5964  30.007  -67.844  0.225 0.8000000119
5974  29.715  -68.156  -0.765 0.6999999881
6425  16.788  -67.182  13.283 0.6999999881
6433  19.016  -66.843  12.424 0.8000000119
6435  17.426  -67.299  12.879 0.5000000000
6437  15.712  -67.508  13.077 0.5000000000
6439  13.257  -67.179  13.181 0.6000000238
6440  12.435  -67.214  12.936 0.5000000000
6442  10.928  -67.193  12.312 0.5000000000
6443  10.209  -66.979  12.310 0.6000000238
6449  19.468  -67.080  11.786 0.6999999881
6452  17.014  -67.674  12.253 0.6000000238
6453  13.099  -67.832  12.659 0.6000000238
6454  12.195  -67.718  12.320 0.6000000238
6456  10.508  -67.477  11.707 0.5000000000
6459  8.100  -67.352  11.220 0.5000000000
6473  14.447  -67.923  11.315 0.6000000238
6478  9.135  -67.674  10.859 0.5000000000
6479  8.381  -67.746  10.498 0.6000000238
6488  21.097  -67.608  9.537 0.8999999762
6492  18.049  -67.379  10.526 0.6999999881
6499  8.308  -67.797  9.701 0.6000000238
6501  6.643  -67.593  9.285 0.6000000238
6509  20.326  -67.923  8.332 0.6999999881
6510  19.609  -67.509  8.623 0.6999999881
6513  11.190  -67.447  8.171 0.6000000238
6524  11.448  -67.095  7.385 0.5000000000
6533  23.222  -67.708  6.409 0.8000000119
6544  27.533  -67.485  5.325 0.6000000238
6562  27.281  -67.869  4.956 0.6000000238
6563  26.820  -67.101  4.997 0.6000000238
6584  26.639  -66.974  4.372 0.6999999881
6585  24.709  -68.293  3.408 0.8000000119
6587  20.990  -67.483  3.851 0.6000000238
6601  25.610  -68.178  2.225 0.8000000119
6614  28.917  -66.986  1.140 0.6999999881
6625  29.891  -67.687  -0.354 0.6999999881
6627  29.283  -66.676  0.127 0.6000000238
6628  25.911  -67.553  0.763 0.6000000238
6641  29.712  -67.632  -0.580 0.6999999881
6642  29.484  -67.121  -0.848 0.6999999881
6644  28.164  -66.625  -1.341 0.6000000238
6645  27.179  -67.248  -1.372 0.5000000000
7049  7.245  -66.172  16.095 0.5000000000
7071  18.515  -66.649  12.813 0.6000000238
7072  17.345  -66.725  13.248 0.6999999881
7073  16.526  -66.582  13.347 0.6999999881
7074  15.734  -66.577  13.315 0.6999999881
7076  12.624  -66.581  13.138 0.6000000238
7080  7.838  -65.788  12.154 0.4000000060
7086  20.151  -66.020  11.495 0.6999999881
7089  7.938  -66.605  11.781 0.5000000000
7103  20.522  -66.535  10.899 0.8000000119
7104  17.258  -67.382  10.602 0.6999999881
7116  21.462  -67.055  9.601 0.8999999762
7118  16.482  -66.698  9.627 0.6000000238
7119  15.353  -67.214  9.832 0.6000000238
7121  14.176  -67.250  9.124 0.6999999881
7122  6.544  -66.317  10.161 0.6000000238
7132  21.943  -66.604  9.162 0.6999999881
7133  18.811  -66.998  8.788 0.6999999881
7136  15.345  -66.503  9.213 0.6000000238
7150  13.307  -66.268  7.902 0.6000000238
7165  23.354  -66.606  6.395 0.6000000238
7181  27.580  -66.566  5.281 0.6000000238
7182  26.909  -66.423  5.192 0.6000000238
7198  29.315  -66.419  4.607 0.5000000000
7199  26.646  -66.498  4.869 0.6999999881
7203  20.059  -66.240  4.870 0.5000000000
7225  24.179  -66.165  3.715 0.6000000238
7263  29.394  -66.499  -0.623 0.6000000238
7266  27.322  -66.718  0.266 0.6999999881
7274  29.266  -66.443  -1.041 0.6000000238
7277  27.536  -65.965  -0.524 0.6000000238
7281  28.872  -66.200  -1.219 0.6000000238
7282  27.442  -65.680  -1.141 0.4000000060
7283  26.569  -66.336  -1.250 0.6000000238
7284  25.845  -65.626  -1.150 0.5000000000
7698  8.370  -65.251  16.865 0.6000000238
7700  6.776  -65.917  17.337 0.5000000000
7708  7.745  -65.641  16.353 0.5000000000
7744  12.879  -65.865  12.777 0.6999999881
7747  10.044  -66.069  12.466 0.5000000000
7748  8.753  -65.628  12.397 0.5000000000
7759  19.496  -65.503  11.941 0.8000000119
7762  16.642  -65.312  12.248 0.5000000000
7763  15.445  -65.264  12.079 0.5000000000
7791  20.628  -65.770  10.840 0.6999999881
7794  11.804  -65.066  11.099 0.6999999881
7796  6.650  -65.598  11.011 0.5000000000
7829  16.249  -65.429  8.556 0.5000000000
7838  22.860  -65.601  7.333 0.6000000238
7853  23.137  -65.678  6.497 0.6999999881
7902  26.353  -65.566  4.099 0.6000000238
7932  23.449  -64.848  1.037 0.5000000000
7946  26.505  -64.829  -0.881 0.4000000060
7947  25.100  -64.383  -1.063 0.5000000000
7951  26.029  -64.584  -1.051 0.6000000238
8337  7.629  -64.025  19.213 0.6000000238
8339  5.785  -64.127  19.060 0.6000000238
8351  9.051  -64.506  17.824 0.6000000238
8363  8.831  -64.774  17.212 0.6000000238
8370  8.150  -64.469  16.247 0.6000000238
8372  6.724  -64.251  15.784 0.5000000000
8377  7.776  -65.155  15.920 0.5000000000
8408  15.033  -64.199  12.107 0.6000000238
8409  8.874  -65.071  12.338 0.5000000000
8424  18.697  -64.750  11.475 0.6000000238
8426  16.214  -64.685  11.550 0.6000000238
8429  14.001  -64.913  11.571 0.5000000000
8431  8.387  -64.592  12.139 0.6000000238
8434  5.730  -63.780  11.376 0.5000000000
8451  19.773  -64.562  10.513 0.6999999881
8454  16.886  -64.095  10.968 0.6000000238
8457  11.785  -64.448  10.505 0.5000000000
8476  20.215  -64.281  9.650 0.6000000238
8479  10.941  -64.883  9.377 0.6000000238
8482  8.447  -64.292  9.146 0.6000000238
8567  26.397  -64.473  3.892 0.5000000000
8582  25.447  -64.306  3.148 0.5000000000
8590  23.741  -63.884  0.491 0.5000000000
8605  25.469  -64.376  -1.041 0.5000000000
8992  9.847  -63.201  19.982 0.8000000119
9007  10.321  -63.302  19.250 0.8000000119
9011  5.293  -63.509  19.509 0.5000000000
9023  9.974  -63.745  18.483 0.6999999881
9033  10.249  -62.717  18.208 0.8000000119
9034  9.859  -63.351  17.828 0.6999999881
9042  7.815  -63.770  16.343 0.6999999881
9049  5.162  -63.739  15.939 0.5000000000
9059  4.059  -63.647  14.726 0.5000000000
9080  13.746  -63.481  12.326 0.6000000238
9093  12.416  -62.847  11.263 0.6000000238
9097  4.647  -63.068  11.331 0.6000000238
9111  16.528  -63.328  11.289 0.5000000000
9112  12.623  -63.736  11.301 0.6000000238
9126  11.862  -62.849  9.911 0.6000000238
9142  10.376  -63.341  7.821 0.6000000238
9143  9.871  -64.158  8.297 0.6000000238
9145  7.648  -63.951  8.688 0.6000000238
9147  5.574  -63.072  8.100 0.6000000238
9158  19.598  -63.187  8.032 0.5000000000
9163  6.067  -63.278  7.473 0.6000000238
9165  4.855  -62.798  7.927 0.6000000238
9182  6.779  -63.299  6.925 0.6000000238
9184  4.923  -62.638  6.946 0.6999999881
9202  5.761  -62.497  5.997 0.6999999881
9210  22.780  -63.081  4.397 0.6000000238
9617  7.303  -61.948  21.677 0.6000000238
9619  5.706  -62.280  21.487 0.6000000238
9630  11.274  -62.225  20.312 0.6999999881
9636  5.256  -62.589  20.647 0.5000000000
9647  10.804  -62.699  19.714 0.8000000119
9670  8.756  -61.883  17.582 0.6999999881
9672  7.121  -62.004  17.336 0.6999999881
9678  8.432  -62.627  17.215 0.6999999881
9691  4.744  -62.938  15.781 0.6000000238
9706  15.266  -62.106  13.347 0.5000000000
9707  14.811  -62.223  13.335 0.5000000000
9719  15.425  -62.638  13.065 0.5000000000
9721  13.304  -62.621  12.303 0.6000000238
9748  12.291  -62.442  10.479 0.6000000238
9750  4.675  -61.968  11.119 0.6000000238
9757  13.096  -61.999  10.036 0.5000000000
9758  12.506  -62.357  9.589 0.5000000000
9760  6.346  -62.283  10.549 0.6000000238
9771  11.036  -62.765  7.821 0.6999999881
9772  6.287  -62.320  9.739 0.6000000238
9775  3.899  -61.651  7.875 0.6000000238
9783  11.461  -62.114  7.318 0.5000000000
9787  3.999  -61.706  7.079 0.6000000238
9800  9.363  -61.860  5.819 0.5000000000
9802  7.063  -62.630  6.051 0.6999999881
9803  5.237  -62.480  6.313 0.6999999881
9819  8.652  -61.328  5.500 0.5000000000
9822  5.276  -62.119  6.311 0.6999999881
9829  21.039  -61.625  4.143 0.5000000000
9830  20.416  -61.577  4.668 0.5000000000
10233  8.205  -60.745  22.280 0.8000000119
10235  5.640  -61.177  22.582 0.8000000119
10249  11.410  -61.229  21.486 0.6999999881
10250  11.036  -62.027  21.149 0.6999999881
10252  8.643  -61.315  21.922 0.8000000119
10253  7.759  -61.354  22.100 0.6000000238
10254  5.159  -61.717  22.088 0.6999999881
10266  12.273  -61.095  20.309 0.6000000238
10300  8.372  -60.982  17.687 0.6999999881
10310  5.612  -62.207  16.554 0.6000000238
10318  5.999  -61.410  16.686 0.6000000238
10320  4.524  -61.546  15.661 0.5000000000
10321  3.966  -61.612  15.228 0.5000000000
10326  3.161  -61.380  14.854 0.5000000000
10327  2.542  -60.907  14.557 0.5000000000
10328  1.302  -61.233  14.004 0.5000000000
10337  16.573  -61.162  13.345 0.5000000000
10352  13.777  -61.762  12.497 0.6000000238
10375  3.800  -61.729  11.156 0.5000000000
10378  1.035  -60.991  11.904 0.4000000060
10393  5.057  -61.643  10.437 0.5000000000
10402  13.965  -61.745  9.564 0.5000000000
10405  2.805  -60.603  10.173 0.5000000000
10415  14.428  -61.163  8.347 0.5000000000
10416  14.130  -61.648  8.614 0.5000000000
10419  3.547  -61.118  8.487 0.6000000238
10429  11.163  -61.583  6.300 0.5000000000
10441  11.641  -61.031  5.968 0.5000000000
10444  4.976  -61.638  6.607 0.6999999881
10445  4.178  -61.427  6.892 0.6999999881
10456  6.990  -61.632  5.308 0.5000000000
10457  5.802  -61.824  5.906 0.6999999881
10884  6.231  -60.434  22.589 0.6999999881
10897  11.668  -60.432  21.462 0.6000000238
10910  12.580  -60.419  20.600 0.6000000238
10935  13.213  -60.058  19.380 0.4000000060
10937  11.639  -60.953  18.452 0.6999999881
10952  9.204  -60.840  17.528 0.8000000119
10962  10.334  -60.460  16.379 0.6000000238
10973  7.349  -60.128  16.213 0.6999999881
10979  10.557  -60.296  14.266 0.6000000238
10988  1.146  -60.533  13.763 0.5000000000
11003  14.883  -60.092  13.418 0.5000000000
11006  9.440  -60.190  13.836 0.5000000000
11007  1.795  -60.038  13.726 0.6000000238
11054  14.246  -60.556  11.062 0.5000000000
11055  2.348  -60.061  10.653 0.6000000238
11088  3.103  -59.985  9.186 0.6000000238
11101  4.501  -60.525  7.362 0.6000000238
11120  4.550  -61.012  6.872 0.6000000238
11130  6.765  -61.388  5.542 0.5000000000
11511  11.968  -59.817  21.197 0.5000000000
11513  10.176  -59.987  21.753 0.8000000119
11516  6.801  -59.644  21.915 0.6000000238
11517  6.002  -59.277  22.001 0.6999999881
11525  12.665  -59.678  20.721 0.5000000000
11526  11.586  -59.347  21.032 0.5000000000
11528  9.821  -59.490  21.116 0.6999999881
11530  7.298  -59.623  21.015 0.6999999881
11532  4.740  -59.113  20.446 0.6999999881
11542  13.603  -59.403  19.671 0.4000000060
11543  8.059  -59.470  20.438 0.6999999881
11557  12.926  -60.126  18.446 0.4000000060
11558  5.600  -59.427  19.050 0.6999999881
11563  12.798  -59.847  17.504 0.4000000060
11571  11.759  -59.828  15.474 0.5000000000
11573  11.566  -59.466  14.757 0.4000000060
11577  6.374  -59.501  14.516 0.6999999881
11578  5.473  -59.483  14.445 0.6999999881
11599  7.864  -59.527  13.601 0.6000000238
11602  4.239  -58.990  13.434 0.5000000000
11603  3.328  -58.883  13.155 0.6000000238
11605  1.256  -59.831  13.253 0.6000000238
11621  1.648  -59.264  12.559 0.6000000238
11622  1.165  -59.932  12.688 0.6000000238
11637  1.966  -59.243  11.626 0.6000000238
11657  4.088  -59.006  9.926 0.5000000000
11672  5.153  -59.432  8.746 0.5000000000
11674  3.138  -59.404  9.458 0.6000000238
11689  3.715  -59.857  8.724 0.6999999881
11710  4.878  -59.960  7.646 0.5000000000
11711  4.160  -60.233  7.908 0.6000000238
12136  3.340  -58.379  22.520 0.4000000060
12148  4.276  -58.492  22.007 0.5000000000
12157  13.918  -58.763  19.836 0.4000000060
12158  13.397  -59.229  20.271 0.4000000060
12173  11.591  -58.315  20.070 0.4000000060
12177  7.408  -59.294  19.114 0.6999999881
12181  3.586  -58.359  19.824 0.6000000238
12188  9.457  -58.377  18.735 0.3000000119
12192  4.313  -59.076  18.495 0.6999999881
12201  5.453  -58.709  17.650 0.5000000000
12214  12.668  -58.885  15.808 0.4000000060
12259  3.249  -58.485  12.278 0.6000000238
12271  6.480  -59.055  11.059 0.5000000000
12273  3.739  -58.342  11.466 0.5000000000
12275  2.444  -58.806  10.976 0.6000000238
12289  5.087  -59.191  10.093 0.5000000000
12805  3.716  -58.068  22.189 0.5000000000
12832  3.014  -57.633  20.012 0.5000000000
12879  6.684  -57.801  17.250 0.5000000000
12880  5.839  -58.001  17.133 0.6000000238
12883  2.882  -57.316  17.100 0.6999999881
12891  7.180  -57.204  16.732 0.4000000060
13549  8.022  -57.023  16.882 0.4000000060
13557  9.192  -56.251  16.690 0.3000000119
13562  3.312  -57.091  16.429 0.6000000238
13572  4.935  -56.883  15.464 0.4000000060
13573  4.126  -56.602  15.241 0.6000000238
13583  3.626  -55.655  14.432 0.5000000000
14253  10.072  -56.130  16.910 0.3000000119
14260  11.173  -55.082  16.972 0.3000000119
14261  10.395  -55.324  16.670 0.3000000119
14275  5.785  -56.019  14.767 0.4000000060
14287  2.819  -54.648  14.970 0.5000000000
14300  4.765  -55.388  13.484 0.6000000238
14311  5.596  -54.950  11.978 0.3000000119
14993  2.540  -54.822  17.232 0.5000000000
15001  2.456  -54.372  16.458 0.5000000000
15019  3.145  -54.186  14.309 0.5000000000
15038  4.797  -54.777  11.668 0.3000000119
15051  5.387  -54.552  11.062 0.3000000119
15064  5.381  -54.129  10.455 0.3000000119
15725  3.243  -52.920  17.185 0.6000000238
15749  2.676  -53.508  16.240 0.6000000238
15779  4.279  -54.267  11.649 0.4000000060
15796  7.431  -53.718  10.875 0.3000000119
16512  3.666  -52.854  17.373 0.5000000000
16522  3.886  -52.010  17.259 0.5000000000
16577  4.098  -51.614  14.094 0.3000000119
16614  4.724  -53.260  11.222 0.3000000119
17469  3.826  -51.265  15.801 0.4000000060
17485  3.513  -51.803  15.380 0.4000000060
17505  4.805  -51.789  12.619 0.3000000119
18351  4.838  -50.094  14.276 0.3000000119
18352  4.424  -50.429  14.927 0.3000000119
19164  5.285  -49.420  14.924 0.3000000119
19948  8.026  -48.479  17.717 0.3000000119
20769  8.264  -47.999  17.583 0.3000000119
117437  24.299  -78.416  11.809 0.4000000060
117557  20.854  -72.462  10.033 0.3000000119
117579  26.834  -71.075  -0.829 0.5000000000
117581  9.114  -59.976  15.483 0.8000000119
118348  24.969  -80.372  13.706 0.5000000000
118389  6.887  -63.721  8.119 0.6000000238
118672  7.829  -58.920  18.774 0.6000000238
118751  19.891  -67.578  9.783 0.6999999881
118876  21.597  -81.015  17.761 0.4000000060
119238  22.005  -79.944  25.110 0.3000000119
119655  11.181  -58.919  20.536 0.6000000238
119779  15.563  -82.728  24.307 0.3000000119
119839  27.394  -72.403  -0.547 0.4000000060
121686  22.512  -80.704  23.535 0.3000000119
121966  8.293  -59.828  15.860 0.8000000119
122327  21.190  -63.992  7.835 0.6000000238
122937  20.641  -68.021  5.338 0.8000000119
124116  4.567  -58.485  11.594 0.5000000000
124150  23.230  -68.895  2.865 0.6000000238
124695  22.325  -80.584  11.309 0.4000000060
124759  29.882  -69.632  -0.868 0.6999999881
124784  8.091  -59.668  21.340 0.8000000119
124804  14.366  -66.370  12.921 0.5000000000
124835  20.433  -67.469  10.009 0.8000000119
124875  10.009  -60.688  17.408 0.6999999881
124998  21.487  -77.421  9.305 0.4000000060
125041  2.864  -57.733  17.721 0.6999999881
125536  14.468  -61.749  13.201 0.6000000238
125959  23.904  -80.494  13.217 0.4000000060
125964  21.865  -65.743  9.193 0.6999999881
126103  29.115  -68.455  -1.015 0.6999999881
126337  4.161  -53.631  11.818 0.3000000119
126404  9.443  -67.561  9.222 0.6000000238
126919  29.041  -67.573  1.515 0.8000000119
127564  19.275  -67.418  11.254 0.6999999881
128327  6.998  -54.163  11.454 0.3000000119
129027  10.182  -64.864  9.451 0.6000000238
129509  22.477  -62.275  3.797 0.6000000238
129594  8.373  -62.149  5.852 0.5000000000
129640  20.933  -80.357  20.706 0.4000000060
129776  12.381  -60.637  18.606 0.6000000238
130097  21.360  -72.268  10.456 0.3000000119
130843  9.052  -60.702  22.201 0.8000000119
131184  7.246  -60.767  22.479 0.6999999881
131508  12.674  -59.482  16.597 0.4000000060
132345  10.642  -64.035  8.369 0.6000000238
132629  2.650  -59.494  13.640 0.6000000238
132660  32.176  -73.068  0.849 0.6000000238
132835  9.281  -65.582  12.396 0.5000000000
133141  6.521  -61.799  5.454 0.5000000000
133227  7.254  -62.950  20.247 0.6000000238
133894  16.843  -84.315  17.976 0.4000000060
133912  5.299  -63.262  11.368 0.6000000238
134288  24.734  -74.549  2.080 0.4000000060
134681  28.957  -67.348  5.260 0.6000000238
134768  22.757  -80.557  21.964 0.3000000119
135445  25.447  -79.277  21.371 0.3000000119
135658  23.713  -80.258  21.499 0.3000000119
135704  24.913  -68.448  1.668 0.6000000238
135728  14.711  -60.948  13.335 0.5000000000
135733  3.661  -51.910  14.616 0.4000000060
135821  3.625  -59.417  13.753 0.6000000238
136151  5.661  -62.285  5.954 0.6999999881
136260  12.230  -59.295  20.835 0.5000000000
136291  13.346  -68.148  11.977 0.6000000238
136303  5.368  -51.538  12.199 0.3000000119
136386  15.502  -67.121  13.298 0.6000000238
136650  30.309  -68.950  -0.391 0.6999999881
137019  3.444  -56.069  15.131 0.6000000238
137085  22.964  -69.171  3.969 0.6999999881
137145  16.446  -60.692  13.800 0.5000000000
137218  27.116  -79.084  16.812 0.4000000060
137355  14.124  -60.879  12.122 0.5000000000
137478  0.885  -60.549  12.623 0.5000000000
137531  6.433  -67.008  9.597 0.6000000238
137536  3.165  -52.283  15.700 0.4000000060
137575  15.294  -81.826  17.372 0.4000000060
137717  10.075  -62.737  20.465 0.8000000119
137882  21.311  -81.549  17.992 0.4000000060
137909  19.488  -82.949  18.737 0.4000000060
137942  20.930  -64.873  9.863 0.6000000238
138132  7.691  -63.436  19.721 0.6000000238
138217  2.487  -55.716  16.874 0.6999999881
138580  7.526  -67.705  9.788 0.6000000238
138751  19.771  -82.756  19.783 0.5000000000
138826  19.958  -61.156  4.805 0.5000000000
139113  5.224  -49.439  14.488 0.3000000119
139245  5.461  -55.021  12.727 0.3000000119
139368  27.150  -72.863  2.711 0.5000000000
139727  8.370  -64.146  9.895 0.6000000238
139934  20.774  -81.361  12.961 0.4000000060
139941  19.812  -67.271  11.212 0.8000000119
140216  18.606  -82.215  20.405 0.5000000000
140243  5.527  -49.767  16.085 0.4000000060
140601  25.781  -75.158  0.703 0.3000000119
140651  15.849  -66.724  9.570 0.6000000238
140703  24.501  -67.955  1.341 0.6000000238
140815  13.128  -67.727  9.396 0.5000000000
141227  2.340  -56.625  19.018 0.5000000000
141230  26.535  -79.927  15.698 0.5000000000
141315  24.227  -77.901  17.104 0.4000000060
141478  22.800  -67.844  7.148 0.6999999881
141593  24.611  -79.377  11.885 0.5000000000
141824  22.771  -79.760  9.667 0.4000000060
141941  6.155  -59.426  20.609 0.6999999881
