#!ascii label  , from subject sub_0001 vox2ras=TkReg
1530
3257  30.912  -74.340  2.261 0.5000000000
141263  19.731  -61.185  11.174 0.6000000238
10348  18.897  -61.055  12.741 0.6000000238
10349  17.906  -60.946  12.711 0.6000000238
10335  18.516  -60.800  13.487 0.6999999881
10336  17.542  -60.782  13.384 0.6000000238
10998  18.929  -60.491  14.000 0.6999999881
10977  17.605  -60.201  14.201 0.6000000238
8569  24.961  -63.520  2.973 0.5000000000
7882  28.878  -65.489  4.203 0.6000000238
8566  28.039  -63.910  3.270 0.6000000238
8568  26.167  -63.667  3.276 0.5000000000
6582  31.027  -66.650  3.548 0.5000000000
7197  30.179  -66.469  4.094 0.4000000060
7901  27.838  -64.834  4.199 0.5000000000
8554  27.068  -64.775  4.321 0.6000000238
9781  18.918  -62.385  7.413 0.5000000000
4772  31.971  -70.221  5.020 0.4000000060
9782  18.500  -61.472  6.899 0.5000000000
9140  18.603  -62.686  8.364 0.5000000000
10425  18.021  -60.920  7.225 0.6000000238
126670  19.368  -60.199  8.598 0.6000000238
11050  20.615  -60.828  10.148 0.6000000238
10388  20.557  -61.222  10.879 0.6999999881
11051  19.539  -60.696  10.319 0.6000000238
10368  20.399  -61.424  11.783 0.6999999881
11014  21.675  -60.735  13.020 0.6000000238
11015  20.912  -60.981  13.150 0.6999999881
11591  22.598  -59.203  13.467 0.6000000238
10997  21.105  -60.261  13.511 0.6000000238
122932  20.144  -60.055  13.722 0.6999999881
12235  22.131  -58.502  13.588 0.6999999881
10978  16.809  -60.177  14.094 0.6000000238
9222  24.268  -62.755  3.062 0.5000000000
9220  25.844  -62.725  2.753 0.6000000238
9221  25.127  -62.387  2.559 0.5000000000
7220  29.758  -65.366  3.573 0.6000000238
7899  29.370  -64.374  3.133 0.6999999881
119517  27.169  -63.568  3.305 0.6000000238
137507  31.307  -67.467  3.746 0.4000000060
11127  19.760  -60.506  5.626 0.5000000000
9813  19.374  -61.555  5.950 0.5000000000
3735  30.770  -72.711  4.112 0.5000000000
10439  18.678  -60.908  6.696 0.5000000000
119133  20.878  -60.110  7.837 0.6999999881
11096  19.167  -60.330  7.167 0.6000000238
11082  21.823  -60.204  8.733 0.6999999881
124982  20.572  -60.374  8.683 0.6000000238
11083  19.797  -60.263  7.809 0.6000000238
11069  21.184  -60.664  9.535 0.6999999881
11070  20.055  -60.493  9.462 0.6000000238
10387  21.546  -60.947  10.503 0.6999999881
138232  22.102  -60.796  12.126 0.6000000238
11034  22.118  -60.926  11.231 0.6000000238
11613  23.060  -59.836  12.926 0.6000000238
10347  21.138  -61.223  12.476 0.6000000238
11590  23.484  -59.108  13.253 0.6000000238
12234  23.105  -58.320  13.517 0.6999999881
12239  17.639  -58.568  14.057 0.6999999881
124160  15.521  -59.819  13.813 0.5000000000
11593  20.710  -59.366  13.664 0.6999999881
129395  19.803  -59.313  13.794 0.6999999881
11596  17.364  -59.497  14.302 0.6000000238
124692  26.522  -61.818  2.494 0.5000000000
9827  23.287  -62.507  3.657 0.5000000000
9824  28.432  -62.850  2.857 0.6999999881
123370  26.787  -62.053  2.400 0.6000000238
7897  31.245  -64.757  2.569 0.5000000000
7898  30.350  -64.224  2.750 0.6999999881
8565  29.046  -63.850  2.928 0.6999999881
133047  28.539  -64.084  3.194 0.6000000238
9219  27.666  -62.421  2.596 0.6000000238
6581  32.673  -67.067  2.717 0.4000000060
6558  31.867  -66.845  3.099 0.4000000060
7218  31.632  -65.803  2.902 0.5000000000
10452  20.107  -60.576  4.884 0.5000000000
11094  21.026  -59.880  6.873 0.5000000000
11109  21.113  -59.661  5.837 0.5000000000
11110  20.104  -60.021  6.051 0.5000000000
134435  22.537  -60.109  8.239 0.6000000238
11095  19.929  -60.123  6.958 0.5000000000
119649  22.756  -60.634  9.044 0.6999999881
10386  23.835  -61.670  10.697 0.6000000238
11067  22.777  -61.041  9.975 0.6999999881
11068  22.173  -60.677  9.728 0.6999999881
10366  24.100  -61.181  11.546 0.6000000238
11048  23.265  -61.198  10.865 0.6000000238
11049  22.481  -60.997  10.633 0.6999999881
10994  25.084  -60.114  13.034 0.6999999881
11032  23.632  -60.658  11.668 0.6000000238
11033  22.815  -60.772  11.443 0.6000000238
136041  26.132  -58.190  13.504 0.6000000238
11588  25.280  -59.354  13.202 0.6999999881
11612  23.939  -59.570  12.706 0.6999999881
13587  25.974  -56.752  13.670 0.6000000238
12916  25.488  -57.588  13.601 0.6000000238
11589  24.676  -58.854  13.171 0.6999999881
141549  15.293  -58.292  12.099 0.6000000238
12918  23.879  -57.727  13.477 0.6999999881
12238  18.545  -58.541  13.924 0.6999999881
12241  15.789  -58.440  13.467 0.6000000238
14292  25.523  -55.395  13.243 0.6999999881
135795  25.197  -56.822  13.639 0.6000000238
13590  23.772  -56.837  13.402 0.8000000119
12919  22.512  -57.709  13.478 0.6999999881
12920  21.672  -57.852  13.426 0.6999999881
132496  20.293  -58.596  13.530 0.6999999881
138348  24.859  -61.725  2.690 0.6000000238
9206  29.256  -63.555  3.119 0.6999999881
9208  28.397  -62.889  3.646 0.6999999881
9838  28.118  -62.424  2.666 0.6000000238
7918  31.131  -63.998  2.581 0.5000000000
8563  30.609  -63.614  2.864 0.6999999881
139861  33.550  -66.521  2.454 0.4000000060
7217  32.541  -66.130  2.688 0.5000000000
126954  21.527  -59.911  3.946 0.5000000000
10464  21.365  -60.638  3.800 0.5000000000
11736  22.100  -59.490  5.651 0.5000000000
119013  22.723  -59.877  7.455 0.6000000238
10412  23.614  -61.307  8.220 0.6000000238
11081  23.147  -60.458  8.140 0.6999999881
117792  21.941  -59.736  7.731 0.6999999881
9765  23.603  -61.715  9.126 0.6999999881
10399  23.294  -60.990  8.883 0.6999999881
9733  24.317  -62.135  11.509 0.6000000238
9746  24.056  -62.462  10.726 0.6000000238
122544  23.337  -61.286  9.793 0.6999999881
10332  26.479  -61.348  13.017 0.6999999881
132016  25.571  -60.836  13.164 0.6999999881
118589  24.648  -61.560  12.240 0.6999999881
12961  15.853  -57.506  10.830 0.6000000238
11586  27.356  -59.100  13.212 0.6000000238
123290  26.768  -59.942  13.374 0.6999999881
10346  24.849  -60.825  12.625 0.6999999881
14304  27.629  -55.158  12.670 0.6000000238
13586  26.962  -56.600  13.383 0.6000000238
12932  27.682  -56.956  12.869 0.6000000238
12230  26.956  -58.276  13.447 0.6000000238
11587  26.256  -59.054  13.392 0.6999999881
12950  16.052  -57.448  11.685 0.6000000238
14290  26.980  -55.544  13.189 0.6000000238
12915  26.512  -57.488  13.557 0.6000000238
12946  20.101  -57.171  11.857 0.6999999881
12947  19.243  -57.266  11.669 0.6000000238
12923  17.976  -57.836  13.272 0.6999999881
12937  17.047  -57.562  12.831 0.6000000238
15032  27.619  -54.428  12.404 0.5000000000
15023  25.733  -54.609  12.954 0.6000000238
14306  24.919  -54.934  12.840 0.8000000119
14307  24.254  -55.311  12.613 0.8000000119
13601  22.490  -56.412  12.574 0.8000000119
12933  22.071  -57.110  13.123 0.8000000119
12934  21.246  -57.299  12.910 0.6999999881
12936  19.555  -57.534  12.558 0.6999999881
13589  24.620  -56.451  13.432 0.8000000119
13591  22.891  -56.965  13.218 0.8000000119
9825  28.179  -62.205  2.952 0.6999999881
10471  26.569  -61.596  2.923 0.6999999881
10473  24.828  -61.124  3.099 0.6999999881
9841  23.806  -61.791  3.271 0.6000000238
8551  30.584  -63.754  3.665 0.6999999881
11136  23.958  -60.957  3.707 0.6000000238
8550  31.095  -63.707  3.227 0.6000000238
10463  22.370  -60.809  3.440 0.5000000000
11138  22.416  -60.223  3.805 0.5000000000
14391  12.208  -55.896  5.265 0.6000000238
136951  22.813  -59.700  5.408 0.5000000000
13033  12.948  -57.006  5.092 0.5000000000
11108  23.000  -59.716  6.441 0.5000000000
13011  15.257  -57.500  5.518 0.6000000238
10411  24.160  -62.000  7.756 0.6999999881
11093  23.352  -60.262  7.277 0.6000000238
9755  23.845  -62.462  9.368 0.6999999881
141853  23.479  -60.725  7.728 0.6999999881
119124  16.384  -56.674  8.262 0.6000000238
128578  24.522  -63.012  11.636 0.6999999881
9107  23.943  -63.080  10.063 0.6000000238
10345  26.792  -62.053  12.601 0.6999999881
9716  26.410  -62.905  12.574 0.6999999881
9718  24.873  -62.477  12.294 0.6999999881
13633  16.938  -56.944  9.755 0.6000000238
13648  17.077  -56.721  8.898 0.6000000238
135766  27.348  -59.920  13.080 0.6000000238
9704  26.035  -62.089  13.013 0.6999999881
13618  18.400  -57.034  10.076 0.6000000238
12969  15.591  -57.514  9.850 0.6000000238
12944  28.103  -57.578  11.309 0.6000000238
130409  27.811  -57.793  12.804 0.6000000238
13617  19.390  -56.971  9.962 0.6999999881
12958  18.874  -57.102  10.831 0.6000000238
12960  17.235  -57.186  10.978 0.6000000238
13597  28.051  -56.491  12.303 0.6000000238
14326  22.928  -55.418  10.936 0.6000000238
124313  21.983  -56.186  10.805 0.6000000238
13609  21.411  -56.539  11.285 0.6999999881
12957  19.903  -56.909  10.867 0.6000000238
12948  17.762  -57.382  12.256 0.6000000238
15045  23.899  -54.738  11.475 0.6000000238
13608  22.207  -56.238  11.570 0.8000000119
15044  24.411  -54.688  12.174 0.6000000238
14318  23.438  -55.249  11.517 0.6999999881
13602  21.701  -56.699  12.315 0.8000000119
9188  28.562  -63.526  4.397 0.6999999881
9807  27.795  -62.407  4.063 0.6999999881
10449  26.318  -61.504  3.974 0.6999999881
8539  29.796  -64.233  4.592 0.6999999881
8553  29.032  -63.504  3.860 0.6999999881
10462  24.670  -60.911  3.861 0.6000000238
11137  23.250  -60.513  3.942 0.6000000238
15130  13.208  -54.596  5.409 0.6000000238
124422  11.553  -54.597  7.283 0.6000000238
14406  12.894  -55.567  4.936 0.6000000238
15132  11.512  -55.224  6.093 0.6000000238
11106  24.239  -60.704  5.555 0.6000000238
13044  13.661  -57.172  4.745 0.5000000000
9779  24.965  -62.602  7.235 0.6999999881
10423  24.473  -61.720  7.004 0.6999999881
13010  16.331  -57.558  5.436 0.4000000060
13032  14.868  -57.914  5.012 0.5000000000
134548  24.146  -63.062  9.129 0.6999999881
124011  24.442  -62.835  8.242 0.8000000119
13680  17.142  -57.246  6.179 0.5000000000
9123  24.521  -63.887  9.699 0.6000000238
9764  23.900  -62.269  8.630 0.6999999881
130341  17.549  -56.868  7.095 0.6000000238
8407  25.848  -63.488  12.340 0.6999999881
8422  24.699  -63.830  11.354 0.6999999881
13646  18.975  -56.959  8.114 0.6999999881
13647  18.050  -56.807  8.528 0.6000000238
11030  27.614  -61.081  11.940 0.6999999881
10365  27.540  -61.884  12.032 0.6999999881
13644  20.656  -56.518  8.291 0.5000000000
13632  17.788  -56.880  9.450 0.6000000238
11652  27.783  -59.895  10.521 0.6000000238
130749  27.732  -60.261  11.847 0.6000000238
11011  27.445  -60.413  12.590 0.6999999881
13631  18.897  -56.948  9.072 0.6999999881
12282  27.823  -58.994  10.512 0.6000000238
11610  28.014  -58.830  12.157 0.6000000238
120942  21.220  -56.316  9.695 0.5000000000
13629  20.339  -56.703  9.867 0.6000000238
138476  28.027  -57.272  12.230 0.6000000238
15072  23.243  -54.386  10.362 0.6000000238
15058  22.821  -55.110  10.377 0.5000000000
13616  20.863  -56.627  10.561 0.6999999881
15805  24.279  -53.339  10.774 0.6000000238
9189  27.959  -63.245  4.856 0.6999999881
9808  26.815  -62.146  4.660 0.6999999881
10450  25.526  -61.210  4.573 0.6000000238
10451  24.860  -60.857  4.597 0.6000000238
15870  12.773  -54.168  6.555 0.4000000060
121336  12.211  -54.462  7.900 0.5000000000
10435  25.000  -61.161  5.474 0.6000000238
15143  13.775  -55.106  4.839 0.5000000000
15086  11.445  -54.859  8.162 0.6000000238
9793  25.602  -62.375  6.367 0.6999999881
9154  25.502  -63.392  7.531 0.6999999881
10436  24.358  -61.151  6.357 0.6000000238
13042  15.566  -57.666  4.722 0.5000000000
9122  25.094  -64.241  9.065 0.6999999881
13009  17.169  -57.679  5.212 0.4000000060
9073  28.431  -63.740  12.101 0.6999999881
8420  26.730  -64.588  11.575 0.6999999881
7758  26.438  -64.820  11.084 0.6999999881
118778  18.206  -56.985  6.418 0.6000000238
9730  28.985  -62.005  11.545 0.6999999881
9715  28.357  -63.125  12.115 0.6999999881
8406  26.247  -64.070  11.939 0.6999999881
8421  25.940  -64.506  11.426 0.6999999881
13660  19.078  -56.628  6.611 0.5000000000
119423  18.417  -56.834  7.460 0.5000000000
10384  27.954  -61.291  10.898 0.6000000238
10364  28.107  -61.775  11.415 0.6999999881
9732  27.413  -62.791  12.183 0.6999999881
9075  26.508  -63.594  12.241 0.6999999881
118975  19.574  -56.707  7.356 0.5000000000
121650  28.015  -58.469  9.747 0.5000000000
11651  27.970  -60.281  9.988 0.6000000238
11047  27.769  -60.759  10.894 0.6000000238
9170  27.480  -63.669  5.942 0.6999999881
9792  26.325  -62.611  5.882 0.6999999881
15855  12.858  -54.139  7.565 0.4000000060
8529  27.007  -64.212  6.804 0.6999999881
9809  25.804  -61.824  5.353 0.6999999881
15074  12.243  -54.457  9.696 0.4000000060
9171  26.667  -63.399  6.386 0.6999999881
15075  11.641  -54.765  9.369 0.6000000238
8493  26.293  -64.607  8.207 0.8000000119
9153  26.231  -63.890  7.385 0.6999999881
7812  27.023  -65.399  9.687 0.6000000238
8494  25.750  -64.711  8.996 0.6000000238
13603  11.046  -56.442  12.697 0.6000000238
8419  27.591  -64.716  11.609 0.6999999881
7756  28.016  -65.303  11.136 0.6999999881
8472  26.135  -65.021  9.771 0.6000000238
9072  29.067  -63.477  12.147 0.6000000238
11029  29.412  -61.249  11.069 0.6000000238
12911  11.206  -58.015  13.683 0.5000000000
11066  28.393  -60.482  9.710 0.6000000238
10383  28.441  -61.384  10.873 0.6999999881
11669  28.915  -60.039  9.014 0.5000000000
8511  27.508  -64.966  7.298 0.6999999881
15060  12.663  -54.331  10.247 0.4000000060
8492  27.041  -65.167  8.180 0.8000000119
15061  11.865  -54.759  10.313 0.5000000000
7811  27.977  -65.856  9.558 0.8000000119
14310  12.278  -55.787  12.403 0.4000000060
15049  12.452  -54.741  10.908 0.4000000060
7826  26.524  -65.210  8.946 0.6999999881
13593  11.534  -56.700  13.310 0.4000000060
14320  11.410  -55.419  11.403 0.5000000000
9712  30.658  -61.927  11.912 0.6000000238
8403  28.870  -64.244  11.991 0.6000000238
7755  28.953  -65.385  11.115 0.6999999881
13592  12.446  -56.667  13.778 0.4000000060
11028  30.528  -60.712  11.315 0.6000000238
10363  30.155  -61.575  11.692 0.6000000238
12910  11.670  -57.937  14.241 0.4000000060
13594  10.820  -56.881  12.926 0.6000000238
11044  29.915  -60.623  10.668 0.6000000238
11668  29.827  -60.262  9.133 0.5000000000
131690  29.522  -59.994  8.509 0.5000000000
15059  13.188  -54.337  10.834 0.4000000060
130017  27.894  -65.746  8.024 0.8000000119
15037  13.198  -55.343  12.097 0.4000000060
7824  28.050  -66.044  8.748 0.6999999881
14296  12.347  -56.254  13.055 0.4000000060
8447  29.939  -65.232  10.941 0.6000000238
7787  28.442  -65.661  10.408 0.6999999881
137558  30.725  -62.687  11.901 0.6000000238
8417  29.422  -64.827  11.628 0.6000000238
13569  12.703  -57.064  14.455 0.4000000060
12909  12.290  -57.592  14.565 0.4000000060
138111  30.874  -60.042  11.032 0.6000000238
12904  12.361  -58.265  15.043 0.4000000060
11650  30.485  -60.137  10.186 0.4000000060
15048  13.832  -54.567  11.478 0.4000000060
130225  28.655  -66.243  8.868 0.6999999881
14309  13.731  -55.716  12.897 0.4000000060
8446  30.886  -64.780  10.435 0.6999999881
7786  29.395  -65.682  10.363 0.6000000238
14295  13.156  -56.223  13.381 0.4000000060
121437  31.329  -62.016  11.792 0.6000000238
121807  31.233  -63.256  11.534 0.6000000238
12903  12.901  -57.541  15.098 0.4000000060
142076  31.471  -59.853  11.118 0.6000000238
11566  13.271  -58.703  16.575 0.3000000119
11649  31.245  -59.721  9.817 0.4000000060
11667  31.144  -59.882  8.817 0.4000000060
11666  31.810  -59.592  9.346 0.4000000060
13578  14.175  -56.374  14.801 0.4000000060
120261  13.996  -56.835  15.499 0.4000000060
117657  32.018  -60.845  11.610 0.6000000238
11629  32.117  -59.730  11.071 0.6000000238
11628  33.141  -59.898  11.136 0.6000000238
120386  32.725  -59.651  9.460 0.4000000060
11665  33.559  -59.899  9.183 0.5000000000
11695  32.496  -59.780  7.885 0.4000000060
12830  13.202  -58.096  20.052 0.3000000119
11679  33.599  -59.834  8.252 0.4000000060
15017  16.081  -55.012  14.315 0.4000000060
12845  14.434  -57.283  19.504 0.3000000119
12864  10.758  -57.636  18.635 0.4000000060
134772  17.323  -54.361  14.026 0.4000000060
14268  16.492  -55.309  16.193 0.4000000060
13525  15.036  -55.950  19.163 0.3000000119
13535  15.631  -56.179  18.616 0.3000000119
13529  12.283  -56.974  19.250 0.3000000119
12846  13.608  -57.353  19.776 0.3000000119
12863  11.508  -57.294  18.945 0.3000000119
15006  17.097  -54.856  15.807 0.4000000060
14997  17.031  -54.760  16.819 0.4000000060
14249  16.061  -55.835  17.510 0.4000000060
14233  13.396  -55.945  19.223 0.3000000119
13536  12.577  -56.219  18.947 0.3000000119
13570  7.078  -56.243  15.998 0.4000000060
14274  6.255  -55.476  15.163 0.3000000119
142155  5.800  -55.022  13.604 0.3000000119
13537  11.825  -56.607  18.568 0.3000000119
13538  11.095  -57.018  18.193 0.3000000119
15721  16.670  -53.811  17.763 0.4000000060
136526  15.870  -55.043  18.520 0.4000000060
14979  15.437  -54.728  18.621 0.3000000119
14242  13.783  -55.237  18.911 0.3000000119
14243  12.880  -55.431  18.520 0.3000000119
13548  8.774  -56.854  16.947 0.3000000119
14244  12.101  -55.898  18.215 0.3000000119
15011  6.818  -54.757  15.609 0.3000000119
13546  11.360  -56.258  17.871 0.3000000119
15748  6.928  -53.928  15.276 0.4000000060
15012  6.296  -54.563  14.870 0.3000000119
15765  7.136  -53.425  13.857 0.3000000119
15766  6.491  -54.083  13.420 0.3000000119
15713  15.460  -54.113  18.370 0.4000000060
14980  14.784  -54.393  18.491 0.4000000060
14981  13.425  -54.766  18.274 0.3000000119
14264  7.849  -55.924  15.963 0.4000000060
14991  12.738  -54.902  17.871 0.3000000119
14263  8.762  -55.726  16.154 0.3000000119
126198  7.466  -55.120  15.959 0.4000000060
14272  8.264  -55.104  15.987 0.4000000060
15777  7.207  -53.695  12.713 0.3000000119
135887  15.582  -53.056  17.305 0.4000000060
15724  13.994  -53.885  17.351 0.4000000060
14998  13.093  -54.333  17.362 0.4000000060
138897  12.458  -54.346  16.941 0.4000000060
14251  11.640  -55.520  17.568 0.3000000119
122027  10.744  -54.666  16.347 0.3000000119
14271  9.127  -55.017  15.975 0.3000000119
15746  8.638  -53.800  15.437 0.3000000119
133379  9.068  -53.390  14.886 0.5000000000
15747  7.738  -53.657  15.316 0.4000000060
15757  7.371  -53.411  14.714 0.4000000060
131217  7.566  -53.559  11.839 0.3000000119
15741  14.043  -53.019  16.066 0.4000000060
15732  13.396  -53.652  16.546 0.4000000060
15743  12.293  -53.583  15.985 0.3000000119
15744  10.609  -53.752  15.321 0.3000000119
16573  10.927  -52.740  14.378 0.3000000119
16584  10.529  -52.089  13.681 0.3000000119
14999  11.453  -54.559  16.602 0.3000000119
15007  11.249  -54.033  15.959 0.3000000119
15755  9.633  -53.203  14.686 0.3000000119
16574  9.997  -52.764  14.228 0.3000000119
16585  9.530  -52.363  13.548 0.3000000119
15008  10.285  -54.229  15.743 0.3000000119
16575  9.006  -52.932  14.239 0.3000000119
16587  7.764  -53.147  13.338 0.3000000119
16612  7.825  -53.142  10.483 0.3000000119
17466  16.936  -51.904  16.044 0.3000000119
16554  15.490  -52.368  15.951 0.3000000119
16555  14.561  -52.465  15.480 0.3000000119
16571  13.770  -52.246  14.868 0.3000000119
16572  12.239  -52.058  14.258 0.3000000119
17501  11.623  -51.156  13.054 0.3000000119
16556  13.702  -52.657  15.447 0.3000000119
137231  12.484  -52.456  14.732 0.3000000119
124186  11.800  -52.627  14.608 0.3000000119
16583  11.438  -52.124  14.034 0.3000000119
17495  9.971  -51.753  12.958 0.3000000119
17503  9.673  -51.803  11.988 0.3000000119
16586  8.553  -52.715  13.266 0.3000000119
16594  9.109  -52.339  11.907 0.3000000119
16596  7.924  -53.065  12.534 0.3000000119
16611  8.662  -52.751  11.128 0.3000000119
17480  17.685  -51.132  14.977 0.3000000119
17468  15.295  -52.118  15.233 0.3000000119
120269  14.654  -51.944  14.545 0.3000000119
17482  13.675  -51.774  14.175 0.3000000119
127834  12.366  -51.198  13.349 0.3000000119
18380  10.826  -50.804  11.866 0.3000000119
17512  10.216  -51.293  11.461 0.3000000119
17513  9.645  -51.860  10.937 0.3000000119
16632  8.307  -52.753  9.971 0.3000000119
18386  12.441  -50.074  12.279 0.3000000119
130579  11.039  -51.027  12.537 0.3000000119
17528  10.152  -51.447  10.466 0.3000000119
17529  9.577  -52.155  9.857 0.3000000119
16631  9.096  -52.477  10.397 0.3000000119
16650  8.868  -52.512  9.381 0.3000000119
141458  11.889  -49.972  11.767 0.3000000119
18387  11.288  -50.293  11.449 0.3000000119
18388  10.669  -50.745  11.011 0.3000000119
19190  13.074  -49.713  12.184 0.3000000119
130379  12.196  -49.206  10.705 0.3000000119
19214  11.703  -49.740  10.246 0.3000000119
18414  11.269  -50.394  9.761 0.3000000119
18415  10.799  -51.193  9.100 0.3000000119
17547  10.123  -51.682  9.412 0.3000000119
17565  10.083  -51.682  8.306 0.3000000119
3247  30.564  -73.735  3.530 0.5000000000
3745  30.953  -71.680  3.844 0.5000000000
4760  31.712  -71.437  5.044 0.4000000060
10334  19.426  -60.873  13.457 0.6999999881
127853  18.204  -59.201  14.359 0.6999999881
5920  31.975  -67.682  3.462 0.4000000060
138029  31.582  -72.553  4.842 0.5000000000
11013  23.782  -60.165  12.313 0.6000000238
11012  24.435  -60.087  12.549 0.6000000238
9137  25.503  -63.993  8.253 0.8000000119
9794  25.056  -61.757  6.329 0.6999999881
8473  25.334  -64.531  9.811 0.6000000238
11670  28.230  -59.789  9.337 0.5000000000
9074  27.747  -63.568  12.096 0.6999999881
12927  11.266  -57.365  13.522 0.4000000060
11684  29.045  -59.639  8.368 0.5000000000
10362  31.172  -61.207  11.661 0.6000000238
11683  30.285  -60.134  8.366 0.4000000060
8416  30.355  -64.504  11.387 0.6000000238
9728  32.040  -62.330  11.521 0.6000000238
12890  13.924  -57.925  16.578 0.3000000119
11648  32.015  -59.491  10.218 0.4000000060
129748  32.903  -59.578  10.523 0.4000000060
15016  17.023  -54.719  14.729 0.4000000060
16538  14.985  -52.814  16.393 0.3000000119
17481  16.738  -51.469  15.106 0.3000000119
8469  31.991  -64.482  9.852 0.5000000000
7808  31.133  -65.600  9.439 0.5000000000
7114  30.364  -66.246  9.141 0.6999999881
7130  30.201  -66.565  8.164 0.6999999881
7837  28.144  -65.561  7.263 0.6000000238
8471  30.942  -65.233  9.897 0.5000000000
7809  29.833  -66.035  9.714 0.6000000238
136753  28.497  -66.254  8.257 0.6000000238
7867  30.042  -65.226  5.681 0.6000000238
8540  28.897  -64.173  4.920 0.6000000238
7128  31.342  -66.518  7.945 0.6999999881
7163  30.095  -66.296  6.409 0.6000000238
139237  29.621  -65.879  6.202 0.6000000238
7146  29.612  -66.540  7.289 0.6999999881
7164  29.299  -66.136  6.656 0.6000000238
8541  28.153  -64.025  5.470 0.6000000238
8445  31.997  -63.853  10.428 0.5000000000
7145  31.752  -66.641  7.012 0.6999999881
7162  31.094  -66.449  6.326 0.6999999881
7179  31.471  -66.017  5.642 0.6000000238
7866  30.629  -64.606  4.748 0.6000000238
139737  31.989  -66.442  7.682 0.6000000238
134726  30.641  -66.691  7.124 0.6999999881
7180  30.792  -65.704  5.615 0.6000000238
7127  32.647  -66.171  8.425 0.6000000238
133025  33.324  -63.501  10.717 0.5000000000
8415  31.295  -63.998  11.102 0.5000000000
142148  32.539  -66.480  7.569 0.6999999881
118817  32.593  -66.368  5.724 0.6000000238
7881  31.072  -64.093  3.996 0.6000000238
9086  33.892  -62.867  11.189 0.5000000000
9087  32.852  -62.724  11.167 0.5000000000
10358  35.866  -60.994  10.973 0.5000000000
9727  33.463  -62.043  11.496 0.5000000000
11062  35.839  -60.515  9.481 0.4000000060
129775  17.061  -61.195  12.696 0.4000000060
10370  18.188  -60.880  11.847 0.4000000060
10371  17.443  -61.109  11.836 0.4000000060
10389  17.726  -60.786  10.810 0.5000000000
11072  18.010  -60.336  9.346 0.5000000000
11073  17.503  -60.747  9.388 0.5000000000
10360  33.964  -61.241  11.546 0.5000000000
10414  17.677  -60.535  8.635 0.5000000000
9109  18.273  -63.398  9.906 0.6000000238
11023  35.219  -60.572  11.065 0.4000000060
11084  18.714  -60.173  7.752 0.5000000000
10413  17.652  -61.120  8.114 0.5000000000
9124  17.922  -62.546  9.170 0.5000000000
10372  16.834  -61.707  11.937 0.5000000000
132975  17.108  -61.326  11.000 0.5000000000
9734  16.799  -62.298  11.183 0.5000000000
123335  17.154  -61.941  10.254 0.5000000000
10400  17.401  -61.350  9.494 0.5000000000
9756  17.443  -62.078  9.529 0.5000000000
9125  17.369  -62.874  9.914 0.5000000000
11627  34.013  -59.996  11.032 0.5000000000
11080  34.952  -61.111  8.018 0.4000000060
11645  35.042  -60.012  9.922 0.4000000060
11063  34.819  -60.558  8.684 0.4000000060
12254  14.987  -58.871  12.418 0.5000000000
9735  16.336  -62.616  11.959 0.5000000000
10361  32.887  -61.196  11.643 0.5000000000
11646  34.294  -59.773  10.375 0.4000000060
12266  15.510  -57.898  11.512 0.5000000000
11653  14.851  -59.273  9.842 0.5000000000
11086  14.585  -60.507  8.587 0.5000000000
12267  15.036  -58.659  11.436 0.5000000000
11664  34.270  -59.902  9.482 0.4000000060
12284  15.083  -58.343  9.842 0.5000000000
12299  14.840  -58.828  9.112 0.5000000000
12298  15.033  -57.813  9.179 0.5000000000
11702  14.144  -58.903  8.250 0.5000000000
11098  14.275  -60.130  8.074 0.5000000000
136278  14.408  -60.837  7.942 0.4000000060
12320  14.024  -57.646  8.122 0.5000000000
11703  13.702  -59.403  7.824 0.6000000238
135535  13.152  -60.721  7.007 0.6000000238
12978  15.600  -56.757  8.439 0.5000000000
128144  13.794  -57.135  7.611 0.5000000000
12321  13.411  -57.866  7.916 0.5000000000
122906  12.756  -58.723  7.634 0.6000000238
11721  11.535  -60.028  6.422 0.6000000238
11113  11.162  -60.655  5.819 0.6000000238
10442  10.803  -61.067  5.580 0.5000000000
10443  9.859  -61.145  5.402 0.5000000000
10455  7.629  -61.490  5.404 0.5000000000
134613  15.113  -56.697  7.889 0.5000000000
13663  14.031  -56.887  6.813 0.5000000000
12991  12.965  -57.051  7.115 0.5000000000
123493  12.564  -57.638  7.641 0.5000000000
12992  11.895  -57.260  7.092 0.6000000238
11704  10.712  -59.212  7.400 0.6000000238
11722  10.656  -60.221  6.117 0.6000000238
11114  10.333  -60.774  5.499 0.6000000238
126580  8.888  -60.645  5.744 0.5000000000
12288  5.995  -59.256  10.127 0.5000000000
11118  6.285  -60.788  6.221 0.5000000000
13681  15.766  -56.894  6.531 0.5000000000
13013  13.157  -56.939  5.810 0.5000000000
13014  12.181  -56.736  6.208 0.6000000238
13015  11.215  -56.577  6.384 0.6000000238
13017  9.434  -56.534  6.627 0.6000000238
12324  9.858  -58.487  7.559 0.6000000238
12995  9.086  -57.529  7.053 0.6000000238
11705  9.785  -59.486  7.123 0.6000000238
123986  8.348  -57.796  7.111 0.6000000238
133045  9.010  -60.170  6.140 0.6000000238
11725  7.437  -59.615  6.560 0.5000000000
11117  7.028  -60.438  6.107 0.5000000000
132783  6.395  -59.919  6.686 0.5000000000
12328  6.593  -58.416  7.630 0.5000000000
11709  5.653  -59.604  7.429 0.5000000000
12312  6.174  -58.973  8.370 0.5000000000
13035  11.786  -56.247  5.732 0.6000000238
122421  9.907  -55.889  6.269 0.6000000238
138773  9.148  -55.902  6.729 0.6000000238
14351  8.629  -55.751  8.093 0.6000000238
13664  8.451  -56.496  7.289 0.6000000238
12996  8.044  -57.276  7.382 0.6000000238
13665  7.791  -57.033  7.740 0.6000000238
12326  7.603  -58.094  7.217 0.5000000000
12979  7.168  -57.418  8.099 0.5000000000
12338  7.082  -58.681  7.113 0.5000000000
12980  6.685  -57.778  8.376 0.5000000000
12301  6.771  -57.943  9.244 0.6000000238
132146  6.371  -58.240  8.626 0.5000000000
121643  6.371  -58.588  9.189 0.5000000000
12287  6.913  -59.085  9.967 0.5000000000
11617  7.533  -59.264  12.788 0.5000000000
14350  9.408  -55.309  7.912 0.6000000238
13634  8.685  -56.082  9.150 0.6000000238
129670  8.060  -56.301  8.679 0.6000000238
12971  7.069  -57.409  8.692 0.6000000238
12286  8.164  -58.198  9.952 0.6000000238
138326  8.220  -59.182  10.902 0.5000000000
14339  9.383  -55.748  8.960 0.6000000238
12963  8.403  -57.304  9.733 0.6000000238
11634  8.996  -59.448  10.997 0.6000000238
122078  9.272  -59.863  11.835 0.5000000000
14321  10.656  -55.774  11.386 0.6000000238
14329  10.041  -55.945  10.699 0.6000000238
126928  9.770  -56.596  10.668 0.6000000238
12962  9.308  -57.443  10.352 0.6000000238
12285  9.012  -58.258  10.334 0.6000000238
11633  9.837  -59.459  11.278 0.5000000000
12940  10.468  -57.003  12.503 0.6000000238
12951  10.321  -57.643  11.634 0.6000000238
130344  10.698  -57.935  12.479 0.6000000238
12269  9.845  -58.413  10.780 0.6000000238
11598  10.950  -59.473  13.238 0.6000000238
11004  10.557  -60.161  13.390 0.5000000000
11574  11.034  -59.758  14.098 0.4000000060
8527  28.444  -64.743  6.061 0.6000000238
135817  28.715  -66.243  7.463 0.6999999881
9088  31.929  -63.117  11.080 0.5000000000
137513  32.668  -62.003  11.582 0.5000000000
9725  35.603  -62.078  11.241 0.5000000000
10359  35.007  -61.189  11.379 0.5000000000
9110  16.887  -63.097  10.597 0.6000000238
12323  10.822  -58.173  7.768 0.6000000238
12994  9.954  -57.348  7.136 0.6000000238
12337  7.673  -58.947  6.850 0.6000000238
12998  6.789  -57.852  7.873 0.5000000000
124242  9.414  -56.087  9.899 0.6000000238
13621  8.949  -56.606  9.829 0.6000000238
12268  10.438  -58.812  11.585 0.6000000238
11016  10.190  -60.304  12.841 0.6000000238
120598  29.886  -75.423  3.950 0.4000000060
2782  28.811  -75.333  5.510 0.5000000000
3234  30.363  -74.621  5.484 0.5000000000
121174  29.756  -75.409  5.145 0.4000000060
2788  30.353  -75.029  4.601 0.4000000060
2780  31.507  -74.511  5.083 0.4000000060
134952  30.358  -74.664  3.953 0.4000000060
3217  29.544  -73.422  6.260 0.5000000000
126852  29.143  -74.319  5.833 0.5000000000
3233  31.432  -74.560  5.260 0.5000000000
3241  31.670  -74.412  4.881 0.5000000000
3242  30.796  -74.107  4.283 0.4000000060
3692  31.296  -73.312  6.261 0.5000000000
3215  31.914  -74.395  5.516 0.5000000000
3231  32.221  -74.376  5.308 0.5000000000
3733  32.169  -74.063  4.929 0.5000000000
3734  31.148  -73.206  4.545 0.4000000060
4205  32.306  -72.669  5.172 0.4000000060
133021  31.997  -73.783  6.218 0.5000000000
3214  32.721  -73.803  5.622 0.5000000000
3213  33.614  -73.474  5.744 0.5000000000
123342  33.018  -73.455  5.363 0.5000000000
3716  33.096  -73.612  4.997 0.5000000000
4759  32.559  -71.281  5.397 0.4000000060
7896  32.412  -64.775  2.788 0.5000000000
7916  32.314  -64.856  2.642 0.4000000060
7236  33.851  -65.982  2.554 0.4000000060
5939  34.433  -67.244  2.367 0.4000000060
6580  33.450  -67.278  2.537 0.4000000060
5918  33.834  -67.878  2.832 0.4000000060
3715  33.942  -73.222  5.031 0.5000000000
5327  34.299  -68.673  3.632 0.4000000060
5308  33.692  -69.357  4.673 0.4000000060
5298  33.092  -70.193  5.279 0.4000000060
3714  34.783  -73.173  4.839 0.4000000060
137562  34.058  -72.421  4.894 0.5000000000
4204  33.248  -72.567  5.203 0.4000000060
7216  33.949  -65.800  2.747 0.4000000060
5938  35.415  -67.810  2.451 0.4000000060
5917  34.932  -68.160  2.499 0.4000000060
3229  34.852  -73.321  5.432 0.4000000060
135587  34.637  -69.637  3.973 0.4000000060
4771  34.169  -70.323  4.901 0.4000000060
3732  35.528  -72.504  4.400 0.4000000060
4203  34.817  -72.629  4.593 0.4000000060
4770  35.260  -70.640  3.779 0.4000000060
4758  33.578  -71.279  5.251 0.4000000060
7879  32.481  -64.830  3.332 0.5000000000
7878  33.266  -65.270  2.989 0.4000000060
7215  34.563  -66.233  2.825 0.4000000060
6557  35.412  -67.083  3.155 0.4000000060
5937  36.113  -68.517  2.405 0.4000000060
5339  35.762  -68.595  2.406 0.4000000060
4788  35.987  -70.133  2.614 0.4000000060
5326  35.432  -69.206  2.696 0.4000000060
3731  36.251  -72.348  4.402 0.4000000060
4769  36.237  -70.859  3.117 0.4000000060
7864  32.302  -65.341  4.287 0.5000000000
121921  33.107  -65.578  3.836 0.5000000000
7196  32.837  -66.089  4.857 0.6000000238
7195  34.033  -65.893  3.390 0.5000000000
6556  35.886  -67.686  2.762 0.4000000060
5889  37.169  -69.301  2.869 0.4000000060
5306  37.429  -69.856  3.283 0.4000000060
4767  37.661  -71.008  4.083 0.4000000060
7177  34.153  -66.573  4.392 0.4000000060
7159  33.394  -66.630  5.644 0.5000000000
5874  35.136  -68.085  4.677 0.4000000060
5873  35.980  -68.661  4.009 0.4000000060
6542  34.523  -67.601  5.442 0.5000000000
5860  34.769  -68.427  5.792 0.4000000060
5297  35.362  -68.883  5.122 0.4000000060
5296  36.105  -69.462  4.822 0.4000000060
126501  33.719  -67.241  6.449 0.6000000238
7160  32.621  -66.536  6.546 0.6000000238
125592  34.491  -68.741  6.780 0.5000000000
5277  34.956  -69.451  7.227 0.4000000060
7129  30.957  -66.264  8.733 0.5000000000
14392  11.086  -55.737  6.030 0.5000000000
15087  10.312  -55.064  7.777 0.5000000000
15062  11.133  -55.111  9.957 0.5000000000
141038  10.678  -54.907  6.725 0.5000000000
122778  10.559  -55.374  9.623 0.5000000000
15102  10.102  -54.994  6.794 0.5000000000
3216  30.902  -74.026  5.842 0.5000000000
2781  30.497  -74.955  4.976 0.5000000000
7235  34.506  -66.436  2.550 0.4000000060
6578  35.661  -67.733  2.499 0.4000000060
4220  35.561  -71.745  3.972 0.4000000060
7194  34.800  -66.529  3.340 0.4000000060
5891  35.771  -67.710  3.444 0.4000000060
4800  36.979  -69.644  2.325 0.4000000060
4786  37.189  -70.119  2.509 0.4000000060
140524  33.539  -66.172  4.388 0.5000000000
5307  36.909  -69.307  3.506 0.4000000060
137479  34.186  -67.048  5.419 0.5000000000
139456  34.100  -67.444  5.913 0.6000000238
5285  35.322  -69.399  6.099 0.5000000000
133026  33.430  -67.027  7.701 0.5000000000
9791  37.925  -63.002  5.266 0.3000000119
9777  38.259  -62.824  7.611 0.3000000119
124211  37.993  -62.039  8.431 0.3000000119
9778  37.957  -62.694  6.468 0.3000000119
127260  37.539  -62.100  5.629 0.3000000119
10460  38.954  -61.789  3.686 0.3000000119
120267  38.400  -61.626  4.126 0.3000000119
9121  37.719  -64.123  8.920 0.3000000119
8440  36.576  -64.432  9.919 0.4000000060
127494  38.487  -63.470  6.874 0.3000000119
121751  36.189  -63.487  10.555 0.4000000060
9754  37.779  -62.109  9.254 0.4000000060
9104  34.259  -63.647  10.839 0.4000000060
8444  32.689  -63.988  10.251 0.4000000060
123313  38.447  -63.694  4.938 0.3000000119
9724  36.553  -61.746  10.555 0.4000000060
11105  37.093  -60.857  5.994 0.3000000119
10408  37.465  -61.414  8.130 0.3000000119
121900  35.517  -65.999  10.583 0.4000000060
7099  35.036  -66.674  10.608 0.4000000060
6487  33.365  -66.633  9.443 0.4000000060
7113  32.943  -65.808  9.209 0.4000000060
142046  37.812  -64.393  8.985 0.4000000060
7781  36.013  -65.254  10.395 0.4000000060
128906  34.599  -65.852  10.560 0.4000000060
7782  33.786  -65.670  10.327 0.4000000060
7783  33.095  -65.356  9.881 0.4000000060
9135  38.533  -63.836  7.656 0.3000000119
8441  35.635  -64.393  10.510 0.4000000060
130805  33.451  -65.006  10.267 0.4000000060
7807  31.732  -65.233  9.419 0.4000000060
9152  38.808  -63.877  6.788 0.3000000119
119374  35.219  -63.685  10.799 0.4000000060
7806  32.396  -65.147  9.512 0.4000000060
9187  38.959  -63.987  4.739 0.3000000119
9085  34.903  -62.938  11.236 0.4000000060
10382  36.492  -60.755  10.172 0.4000000060
5822  35.119  -68.072  10.088 0.4000000060
5841  33.708  -67.985  8.262 0.4000000060
6467  35.620  -67.454  10.399 0.4000000060
6486  34.156  -67.703  9.924 0.4000000060
129086  33.445  -67.196  8.818 0.4000000060
8491  38.516  -64.124  8.166 0.3000000119
7805  36.864  -65.431  9.850 0.4000000060
8526  39.599  -64.201  6.353 0.3000000119
8509  39.099  -63.986  6.915 0.3000000119
7822  32.212  -65.744  8.993 0.4000000060
9186  39.309  -63.844  4.913 0.3000000119
6520  33.930  -67.910  7.232 0.4000000060
5840  34.382  -68.582  8.701 0.4000000060
11079  35.945  -60.899  8.416 0.3000000119
10410  35.550  -61.018  7.774 0.3000000119
11060  37.008  -60.945  8.558 0.3000000119
7823  31.617  -65.964  8.896 0.4000000060
7126  33.086  -66.443  8.555 0.4000000060
7144  33.115  -66.796  6.968 0.4000000060
5852  34.307  -68.702  7.739 0.4000000060
120492  38.164  -63.138  8.546 0.3000000119
131218  37.088  -61.430  5.947 0.3000000119
10448  37.711  -61.408  5.212 0.3000000119
9744  37.309  -62.327  9.997 0.4000000060
8442  34.640  -64.360  10.618 0.4000000060
9745  36.185  -62.613  10.836 0.4000000060
8443  33.586  -64.297  10.421 0.4000000060
10381  37.243  -61.355  9.789 0.4000000060
128328  36.485  -66.129  10.382 0.4000000060
136853  33.658  -67.324  9.588 0.4000000060
7100  34.137  -66.479  10.421 0.4000000060
8467  38.035  -64.584  9.052 0.3000000119
129833  34.160  -65.062  10.497 0.4000000060
8510  38.790  -63.963  7.443 0.3000000119
7097  37.183  -66.939  10.524 0.4000000060
7804  37.718  -65.319  9.840 0.3000000119
126540  39.133  -64.226  7.863 0.3000000119
123267  24.708  -76.544  5.712 0.3000000119
2783  25.230  -75.093  4.992 0.3000000119
1765  24.979  -77.398  6.407 0.3000000119
127141  24.414  -75.024  6.302 0.3000000119
2067  25.102  -76.930  5.895 0.3000000119
2409  25.162  -76.269  5.119 0.3000000119
134161  25.611  -77.801  6.997 0.3000000119
1750  24.927  -77.905  7.163 0.3000000119
131261  24.339  -76.886  6.577 0.3000000119
1748  26.268  -77.683  7.301 0.3000000119
1764  25.580  -77.218  6.412 0.3000000119
2079  25.824  -76.349  4.918 0.3000000119
2407  29.223  -76.046  4.720 0.3000000119
1732  26.536  -77.555  8.814 0.3000000119
2037  24.689  -77.111  7.944 0.3000000119
1486  26.953  -77.885  7.879 0.3000000119
1739  25.821  -77.706  8.142 0.3000000119
140674  24.247  -76.748  7.739 0.3000000119
2400  26.945  -75.803  5.762 0.3000000119
3218  28.183  -74.200  6.237 0.3000000119
122482  28.534  -76.181  4.997 0.3000000119
2045  27.480  -76.412  7.892 0.3000000119
137412  26.473  -76.197  6.656 0.3000000119
138253  26.880  -76.265  7.403 0.3000000119
2766  27.602  -74.438  7.351 0.3000000119
3196  27.472  -74.417  6.699 0.3000000119
3195  28.111  -73.541  6.979 0.3000000119
3691  32.710  -73.163  6.423 0.4000000060
3693  30.209  -72.759  6.541 0.4000000060
129254  20.662  -72.609  8.113 0.3000000119
3181  20.286  -73.740  8.927 0.3000000119
2403  24.055  -75.028  7.171 0.3000000119
2774  24.176  -73.893  6.605 0.3000000119
2749  23.942  -74.856  9.678 0.3000000119
2760  23.384  -74.805  8.994 0.3000000119
3662  22.532  -72.971  9.191 0.3000000119
129063  21.967  -72.140  7.961 0.3000000119
3682  20.423  -72.938  8.015 0.3000000119
2377  26.314  -75.803  9.599 0.3000000119
2759  23.836  -75.448  8.962 0.3000000119
3180  22.966  -73.780  8.897 0.3000000119
3697  21.828  -72.128  7.193 0.3000000119
3681  20.609  -72.784  7.401 0.3000000119
2386  24.179  -76.238  8.367 0.3000000119
2387  23.741  -75.426  8.289 0.3000000119
3197  23.146  -73.435  7.976 0.3000000119
3220  23.176  -72.685  7.252 0.3000000119
2775  23.678  -73.693  7.376 0.3000000119
2066  25.940  -76.629  5.834 0.3000000119
2078  26.937  -76.351  4.582 0.3000000119
122662  25.571  -76.265  9.284 0.3000000119
2401  26.708  -75.670  6.459 0.3000000119
127566  20.917  -72.414  9.339 0.3000000119
3696  23.135  -72.296  6.347 0.3000000119
2378  24.534  -75.758  9.171 0.3000000119
3164  22.905  -73.526  9.853 0.3000000119
2768  23.468  -74.556  8.129 0.3000000119
3679  22.612  -72.644  8.125 0.3000000119
130460  22.241  -72.213  6.560 0.3000000119
3694  28.831  -72.948  6.881 0.3000000119
4149  37.078  -72.443  10.626 0.3000000119
3627  36.149  -72.442  10.304 0.3000000119
3642  36.080  -72.718  9.454 0.3000000119
3672  35.668  -72.788  7.702 0.4000000060
3194  35.407  -72.992  6.915 0.4000000060
3212  34.781  -73.234  6.227 0.3000000119
3230  34.111  -73.359  5.334 0.3000000119
3640  37.142  -72.750  9.267 0.3000000119
3656  36.693  -72.879  8.606 0.4000000060
120841  36.653  -72.709  6.698 0.4000000060
137132  37.335  -72.272  6.134 0.4000000060
3712  36.120  -72.766  5.139 0.3000000119
4746  37.824  -71.073  5.235 0.4000000060
4217  37.446  -71.509  4.626 0.4000000060
4218  37.104  -71.479  3.816 0.3000000119
4756  37.536  -70.532  4.152 0.3000000119
4645  36.259  -70.594  12.400 0.3000000119
4662  36.524  -71.309  12.080 0.3000000119
4166  35.480  -72.097  9.893 0.4000000060
129105  35.401  -72.311  9.137 0.4000000060
4187  35.025  -72.627  7.656 0.3000000119
3673  34.923  -73.061  6.894 0.3000000119
3675  33.233  -72.628  6.886 0.3000000119
4121  37.175  -71.080  12.540 0.3000000119
123425  37.217  -71.979  11.450 0.3000000119
4148  37.658  -71.924  10.829 0.3000000119
4165  37.619  -72.319  9.902 0.3000000119
140344  37.367  -72.526  8.497 0.3000000119
3671  37.228  -72.531  7.598 0.4000000060
4164  38.352  -71.524  9.275 0.3000000119
4718  38.653  -70.501  8.716 0.3000000119
4176  38.320  -71.328  8.518 0.3000000119
4186  37.963  -71.703  6.940 0.4000000060
4195  37.841  -71.668  6.109 0.4000000060
4720  37.801  -70.430  7.636 0.3000000119
4733  37.689  -70.612  6.590 0.4000000060
4747  37.404  -70.593  5.448 0.4000000060
140151  36.464  -69.741  8.186 0.3000000119
5275  36.841  -70.125  7.333 0.4000000060
4734  36.937  -70.282  6.360 0.4000000060
4757  37.051  -70.049  4.378 0.4000000060
5266  35.740  -69.455  8.683 0.3000000119
5276  35.857  -70.001  6.751 0.4000000060
5271  34.983  -69.209  8.223 0.3000000119
5223  31.685  -69.852  13.057 0.3000000119
130740  32.074  -69.580  12.433 0.3000000119
136496  31.822  -70.722  11.771 0.3000000119
4666  32.515  -70.463  11.318 0.3000000119
4646  35.222  -70.005  12.152 0.3000000119
134698  34.252  -69.619  12.122 0.3000000119
4664  34.408  -70.218  11.562 0.3000000119
4685  33.157  -70.770  10.727 0.3000000119
5222  37.405  -69.598  13.321 0.3000000119
5233  35.904  -69.660  12.606 0.3000000119
4684  34.020  -70.629  10.742 0.3000000119
4152  34.747  -71.350  10.286 0.3000000119
4167  34.522  -71.530  9.275 0.3000000119
4179  33.859  -71.546  8.408 0.3000000119
4189  33.278  -71.822  7.642 0.3000000119
4190  31.665  -71.669  7.689 0.3000000119
4191  30.792  -71.823  7.452 0.3000000119
5231  37.709  -70.502  13.085 0.3000000119
5269  38.220  -70.110  8.349 0.3000000119
5264  37.990  -69.575  8.771 0.3000000119
5270  37.385  -69.955  8.201 0.3000000119
5829  37.161  -69.095  9.618 0.3000000119
5821  36.332  -68.285  10.069 0.3000000119
5839  35.067  -69.017  9.007 0.3000000119
4625  31.701  -70.053  14.369 0.3000000119
5808  32.507  -68.829  12.989 0.3000000119
5236  32.716  -69.203  12.336 0.3000000119
5247  32.481  -69.819  11.806 0.3000000119
5234  34.733  -69.104  12.500 0.3000000119
5246  33.379  -69.637  11.890 0.3000000119
3677  29.262  -72.547  7.303 0.3000000119
4620  32.246  -70.387  15.042 0.3000000119
5776  31.998  -68.731  13.976 0.3000000119
5792  32.358  -68.363  13.646 0.3000000119
5791  32.835  -68.083  13.425 0.3000000119
5235  33.605  -69.063  12.369 0.3000000119
5805  35.619  -68.700  12.833 0.3000000119
139086  32.258  -68.518  14.635 0.3000000119
131239  32.271  -67.986  14.150 0.3000000119
6422  33.237  -67.192  13.669 0.3000000119
5790  33.582  -67.981  13.239 0.3000000119
4197  31.644  -72.358  6.778 0.3000000119
3690  33.481  -73.386  6.251 0.3000000119
3689  34.212  -73.318  6.257 0.3000000119
3211  35.308  -73.109  6.156 0.3000000119
3711  36.936  -72.198  4.760 0.4000000060
4748  36.423  -70.037  5.645 0.4000000060
6466  36.796  -67.642  10.402 0.3000000119
4150  36.574  -72.270  11.044 0.3000000119
3641  36.581  -72.829  9.363 0.3000000119
4151  35.722  -71.984  10.786 0.3000000119
3657  36.188  -72.890  8.645 0.4000000060
3193  35.796  -72.939  6.768 0.4000000060
3210  35.947  -72.863  6.008 0.4000000060
135103  38.103  -71.011  6.301 0.4000000060
5232  36.869  -70.245  12.960 0.3000000119
4663  35.657  -70.832  11.803 0.3000000119
4178  34.837  -72.038  8.430 0.4000000060
4188  34.231  -72.088  7.785 0.3000000119
4644  37.923  -70.914  12.741 0.3000000119
4134  37.764  -71.596  11.597 0.3000000119
4682  38.409  -71.097  10.810 0.3000000119
4732  38.168  -70.922  7.176 0.4000000060
5265  36.752  -69.537  8.918 0.3000000119
4665  33.259  -70.197  11.324 0.3000000119
4706  33.755  -71.134  10.019 0.3000000119
5820  37.599  -68.453  10.144 0.3000000119
121216  18.166  -61.747  7.667 0.4000000060
1480  26.627  -78.007  7.877 0.3000000119
1481  25.863  -78.135  7.399 0.3000000119
1487  26.275  -77.831  7.346 0.3000000119
1493  25.802  -77.675  6.976 0.3000000119
1499  25.326  -77.600  6.719 0.3000000119
1740  25.047  -77.630  7.495 0.3000000119
1749  25.533  -77.858  7.325 0.3000000119
1757  26.109  -76.978  6.806 0.3000000119
2025  25.910  -77.141  8.942 0.3000000119
2035  27.363  -76.945  8.359 0.3000000119
2036  25.069  -76.724  8.681 0.3000000119
2046  26.949  -76.859  7.823 0.3000000119
2047  26.313  -76.680  7.072 0.3000000119
2048  24.441  -77.215  7.196 0.3000000119
2055  26.285  -76.512  6.078 0.3000000119
2056  24.703  -77.412  6.575 0.3000000119
2065  27.172  -76.415  4.985 0.3000000119
2068  24.598  -76.994  6.137 0.3000000119
2391  27.074  -75.377  7.367 0.3000000119
2392  26.668  -75.769  7.028 0.3000000119
2393  24.097  -76.176  7.394 0.3000000119
2402  24.268  -76.198  6.259 0.3000000119
2410  24.695  -75.684  5.607 0.3000000119
2415  29.674  -75.710  4.563 0.4000000060
2416  29.231  -76.267  4.258 0.3000000119
2750  23.306  -74.229  9.615 0.3000000119
2762  20.248  -74.024  8.137 0.3000000119
2767  26.883  -74.910  6.933 0.3000000119
2772  27.707  -75.232  5.840 0.3000000119
2773  27.038  -75.064  6.435 0.3000000119
2779  32.085  -74.722  5.115 0.5000000000
2796  30.255  -74.886  3.190 0.4000000060
3182  20.316  -73.300  8.380 0.3000000119
3219  23.780  -72.843  6.609 0.3000000119
3228  35.482  -73.086  5.471 0.3000000119
3232  32.163  -74.683  5.153 0.5000000000
3625  36.971  -72.695  9.895 0.3000000119
3626  36.595  -72.596  10.118 0.3000000119
3658  35.662  -72.718  8.554 0.4000000060
3665  20.809  -72.473  8.672 0.3000000119
3674  34.116  -72.765  6.968 0.3000000119
3676  29.937  -72.106  7.238 0.3000000119
3680  21.213  -72.303  7.866 0.3000000119
3698  21.249  -72.407  6.971 0.3000000119
3713  35.474  -73.018  4.869 0.3000000119
4135  37.538  -71.486  12.165 0.3000000119
4136  36.924  -71.750  11.880 0.3000000119
4137  36.147  -71.658  11.503 0.3000000119
4177  37.991  -71.741  7.921 0.4000000060
4196  32.441  -72.016  7.250 0.3000000119
4198  30.693  -72.253  6.816 0.4000000060
4201  37.460  -71.894  5.418 0.4000000060
4202  34.604  -71.550  4.580 0.4000000060
4219  36.302  -71.645  3.717 0.4000000060
4221  31.182  -71.808  4.353 0.5000000000
4233  36.913  -70.717  2.976 0.4000000060
4661  38.302  -70.969  12.044 0.3000000119
4667  32.132  -70.834  11.342 0.3000000119
4683  35.125  -71.069  11.089 0.3000000119
4705  38.734  -70.788  9.607 0.3000000119
4719  38.244  -70.774  8.030 0.4000000060
4768  37.412  -70.450  3.190 0.4000000060
4787  36.730  -70.167  2.422 0.4000000060
5210  32.080  -69.375  14.699 0.3000000119
5211  31.701  -69.531  13.850 0.3000000119
5248  31.965  -70.208  11.760 0.3000000119
5324  37.298  -69.737  2.670 0.4000000060
5325  36.347  -69.371  2.335 0.4000000060
5338  36.600  -69.080  2.400 0.4000000060
5793  32.074  -69.144  13.326 0.3000000119
5804  36.532  -69.285  13.075 0.3000000119
5807  33.055  -68.581  12.818 0.3000000119
5830  35.786  -68.942  9.520 0.3000000119
5831  34.682  -68.413  9.485 0.4000000060
5832  33.890  -67.929  9.205 0.4000000060
5890  36.643  -68.516  2.940 0.4000000060
5915  36.896  -69.182  2.597 0.4000000060
5916  36.331  -68.489  2.564 0.4000000060
5919  32.845  -67.777  3.239 0.4000000060
6407  32.565  -67.414  14.345 0.3000000119
6423  32.613  -67.609  13.863 0.3000000119
6468  34.555  -67.272  10.370 0.4000000060
6469  33.756  -67.012  10.112 0.4000000060
6532  34.216  -67.851  6.300 0.6000000238
6579  35.168  -66.915  2.642 0.4000000060
6598  34.998  -67.053  2.360 0.4000000060
7098  36.074  -66.834  10.528 0.4000000060
7101  33.473  -66.170  9.975 0.4000000060
7115  29.480  -66.359  8.927 0.6999999881
7131  29.130  -66.502  8.136 0.6000000238
7161  31.957  -66.346  6.126 0.6000000238
7178  32.068  -66.028  5.215 0.6000000238
7219  30.695  -65.504  3.163 0.5000000000
7237  32.987  -65.593  2.657 0.4000000060
7238  32.087  -65.169  2.542 0.4000000060
7757  27.152  -65.051  11.096 0.6999999881
7780  37.479  -66.139  10.373 0.3000000119
7784  32.793  -64.666  9.996 0.4000000060
7785  30.314  -65.465  10.178 0.6999999881
7788  27.536  -65.445  10.443 0.6999999881
7789  26.676  -65.076  10.478 0.6000000238
7810  28.930  -66.009  9.644 0.6999999881
7825  27.377  -65.634  8.866 0.6999999881
7850  29.241  -65.169  5.899 0.6000000238
7851  28.631  -65.549  6.696 0.6000000238
7852  28.075  -65.036  6.761 0.6000000238
7865  31.442  -65.186  4.786 0.6000000238
7880  31.684  -64.513  3.760 0.6000000238
7883  28.021  -65.630  4.797 0.5000000000
7895  33.148  -65.371  2.719 0.4000000060
7900  28.577  -64.705  3.673 0.6999999881
7917  31.663  -64.494  2.613 0.5000000000
8404  28.052  -64.233  11.930 0.6999999881
8405  27.126  -64.051  11.980 0.6999999881
8418  28.489  -64.861  11.636 0.6999999881
8448  25.784  -64.702  10.662 0.6999999881
8449  24.892  -64.303  10.599 0.6000000238
8468  37.403  -64.696  9.370 0.4000000060
8470  31.350  -64.867  9.828 0.5000000000
8512  26.802  -64.562  7.589 0.6999999881
8525  40.087  -64.214  6.101 0.3000000119
8528  27.771  -64.425  6.424 0.6000000238
8549  31.705  -64.264  3.019 0.6000000238
8552  29.417  -63.630  3.865 0.6999999881
8562  31.152  -63.824  2.742 0.6000000238
8564  29.808  -63.802  2.960 0.6999999881
8580  31.605  -64.348  2.684 0.5000000000
9071  29.867  -63.120  12.170 0.6000000238
9076  25.101  -63.314  12.108 0.6999999881
9084  35.663  -63.009  11.010 0.4000000060
9089  29.702  -63.996  11.918 0.6000000238
9090  24.215  -63.211  10.961 0.6999999881
9102  37.688  -63.128  9.407 0.4000000060
9103  37.032  -63.352  10.006 0.4000000060
9105  32.560  -63.418  10.687 0.5000000000
9106  24.372  -63.728  10.563 0.6000000238
9136  38.120  -64.178  8.521 0.4000000060
9138  24.739  -63.595  8.715 0.8000000119
9155  25.009  -63.310  7.984 0.8000000119
9168  39.414  -64.180  5.514 0.3000000119
9169  38.901  -64.171  5.814 0.3000000119
9172  25.860  -63.067  6.812 0.6999999881
9185  39.857  -63.908  5.490 0.3000000119
9190  27.209  -62.874  5.350 0.6999999881
9203  39.656  -63.319  4.891 0.3000000119
9207  28.805  -63.263  3.228 0.6999999881
9217  28.710  -63.412  2.989 0.6999999881
9218  28.262  -63.010  2.717 0.6999999881
9713  29.935  -62.325  12.070 0.6000000238
9714  29.111  -62.768  12.105 0.6999999881
9717  25.578  -62.708  12.640 0.6999999881
9726  34.504  -62.066  11.433 0.5000000000
9729  31.458  -62.671  11.602 0.6000000238
9731  28.230  -62.474  11.852 0.6999999881
9766  17.955  -61.943  8.424 0.4000000060
9767  17.593  -61.658  8.909 0.5000000000
9790  38.384  -63.656  5.959 0.3000000119
9797  18.901  -61.298  6.404 0.5000000000
9826  27.364  -61.836  3.321 0.6999999881
9839  27.509  -61.923  2.522 0.6000000238
9840  25.824  -61.893  2.358 0.5000000000
10333  25.913  -61.389  13.180 0.6999999881
10344  27.136  -61.224  12.579 0.6999999881
10350  16.370  -61.889  12.716 0.5000000000
10367  21.353  -61.228  11.491 0.6999999881
10369  18.674  -60.716  11.035 0.4000000060
10385  27.827  -61.392  11.437 0.6999999881
10390  17.313  -60.989  10.119 0.5000000000
10398  37.529  -61.328  8.990 0.4000000060
10409  36.462  -61.105  7.789 0.3000000119
10424  23.858  -61.082  7.261 0.6999999881
10426  14.130  -61.310  7.843 0.4000000060
10427  13.410  -61.288  7.273 0.4000000060
10437  23.738  -60.417  6.461 0.6999999881
10438  19.164  -60.909  6.027 0.5000000000
10461  25.500  -61.228  3.571 0.6999999881
10472  25.703  -61.515  2.661 0.6999999881
10474  24.021  -61.345  3.372 0.6000000238
10475  23.219  -61.159  3.250 0.6000000238
10992  26.955  -60.578  13.067 0.6999999881
10993  26.260  -60.706  13.291 0.6999999881
10995  24.592  -59.511  12.906 0.6999999881
10996  22.107  -60.024  13.314 0.6000000238
10999  18.076  -60.508  14.004 0.6000000238
11000  17.181  -60.541  13.791 0.6000000238
11001  15.984  -60.365  13.935 0.6000000238
11024  34.460  -60.551  11.304 0.5000000000
11025  33.506  -60.490  11.435 0.5000000000
11026  32.527  -60.330  11.446 0.6000000238
11027  31.500  -60.254  11.355 0.6000000238
11031  24.249  -60.608  12.091 0.6000000238
11042  35.603  -60.419  10.442 0.4000000060
11043  34.843  -60.104  10.744 0.4000000060
11045  28.764  -61.000  10.269 0.6999999881
11046  28.099  -60.906  10.330 0.6000000238
11052  18.352  -60.475  10.132 0.5000000000
11053  17.718  -60.638  9.921 0.5000000000
11061  36.843  -60.813  9.305 0.4000000060
11064  34.036  -60.041  8.605 0.4000000060
11065  29.318  -60.592  9.714 0.5000000000
11071  18.891  -60.230  9.416 0.5000000000
11085  17.941  -60.420  7.770 0.5000000000
11097  18.489  -60.501  7.109 0.6000000238
11099  13.918  -60.660  7.487 0.4000000060
11100  12.436  -60.090  6.825 0.6000000238
11107  23.512  -60.143  5.578 0.5000000000
11111  19.226  -60.478  6.460 0.5000000000
11112  11.864  -60.591  6.148 0.6000000238
11115  9.388  -60.910  5.377 0.5000000000
11116  7.952  -60.570  5.883 0.5000000000
11122  38.420  -60.739  4.725 0.3000000119
11123  23.903  -60.664  4.602 0.6000000238
11124  22.181  -59.705  4.629 0.5000000000
11125  21.240  -59.673  4.799 0.5000000000
11126  20.376  -59.976  5.135 0.5000000000
11128  8.382  -61.085  5.472 0.5000000000
11129  7.440  -61.228  5.498 0.5000000000
11135  39.008  -60.889  3.855 0.3000000119
11139  20.727  -60.115  4.326 0.5000000000
11140  23.160  -60.770  3.403 0.6000000238
11592  21.659  -59.343  13.592 0.6000000238
11594  19.307  -60.010  14.098 0.6999999881
11595  18.385  -59.981  14.338 0.6999999881
11597  16.291  -59.601  14.096 0.6000000238
11611  27.734  -59.513  12.557 0.6000000238
11614  15.208  -59.157  13.346 0.5000000000
11615  10.506  -59.952  12.592 0.6000000238
11616  10.039  -60.097  12.111 0.6000000238
11630  31.364  -59.752  10.706 0.4000000060
11631  27.846  -59.461  11.472 0.6000000238
11632  10.336  -59.594  11.935 0.6000000238
11635  8.179  -59.454  11.684 0.5000000000
11647  33.621  -59.575  10.012 0.4000000060
11654  9.356  -58.998  10.668 0.6000000238
11655  8.629  -58.861  10.490 0.6000000238
11656  7.780  -58.801  10.365 0.6000000238
11671  14.722  -59.724  9.111 0.5000000000
11680  33.097  -59.894  8.573 0.4000000060
11681  31.961  -59.858  8.365 0.4000000060
11685  28.515  -59.391  8.675 0.5000000000
11686  14.533  -59.464  8.582 0.5000000000
11700  28.884  -59.185  8.036 0.5000000000
11701  22.069  -59.505  6.739 0.5000000000
11706  8.962  -59.644  6.857 0.6000000238
11707  8.250  -58.830  6.940 0.6000000238
11708  6.271  -59.135  7.290 0.5000000000
11723  9.666  -60.390  5.904 0.6000000238
11724  8.297  -59.822  6.472 0.6000000238
11726  6.745  -59.313  6.871 0.5000000000
11727  5.777  -60.093  6.861 0.5000000000
11732  37.852  -60.565  5.537 0.3000000119
12213  13.138  -58.127  15.771 0.3000000119
12222  11.414  -58.754  14.158 0.4000000060
12231  25.401  -58.531  13.360 0.6000000238
12232  24.661  -58.077  13.438 0.6999999881
12233  23.993  -58.531  13.322 0.6000000238
12236  21.219  -58.590  13.568 0.6999999881
12237  19.408  -58.594  13.663 0.6999999881
12240  16.574  -58.658  13.952 0.6000000238
12242  11.040  -58.333  13.183 0.6000000238
12251  27.820  -58.601  12.730 0.6000000238
12252  19.009  -57.940  13.256 0.6999999881
12253  15.409  -58.364  12.814 0.6000000238
12255  10.767  -59.081  12.440 0.6000000238
12265  27.981  -58.506  11.393 0.6000000238
12270  7.429  -59.118  11.012 0.5000000000
12283  15.302  -58.038  10.674 0.5000000000
12300  7.496  -57.554  9.389 0.6000000238
12302  6.574  -57.850  8.757 0.5000000000
12309  14.951  -57.111  8.567 0.5000000000
12310  14.499  -58.094  8.640 0.5000000000
12311  6.475  -58.192  8.064 0.5000000000
12322  11.778  -57.902  7.733 0.6000000238
12325  8.984  -58.721  7.287 0.6000000238
12327  6.943  -58.140  7.489 0.5000000000
12329  6.277  -58.906  7.725 0.5000000000
12339  6.643  -58.621  7.358 0.5000000000
12847  12.773  -57.470  19.786 0.3000000119
12848  11.941  -57.651  19.647 0.3000000119
12849  10.351  -58.213  19.055 0.4000000060
12902  13.598  -57.395  15.695 0.4000000060
12914  27.317  -57.559  13.283 0.6000000238
12917  24.585  -57.231  13.576 0.6000000238
12921  20.800  -57.939  13.311 0.6999999881
12922  19.909  -57.968  13.245 0.6999999881
12924  17.110  -58.011  13.575 0.6999999881
12925  16.372  -57.900  13.301 0.6000000238
12926  15.822  -57.905  12.948 0.6000000238
12928  10.905  -57.460  13.105 0.6000000238
12931  28.078  -58.090  12.180 0.6000000238
12935  20.413  -57.453  12.712 0.6999999881
12938  16.268  -57.562  12.512 0.6000000238
12939  15.684  -57.835  12.293 0.6000000238
12941  10.181  -56.731  11.708 0.6000000238
12945  20.892  -56.946  12.093 0.6999999881
12949  16.895  -57.277  11.838 0.6000000238
12952  9.927  -57.351  10.938 0.6000000238
12959  18.004  -57.153  10.865 0.6000000238
12968  16.279  -57.164  10.186 0.6000000238
12970  7.656  -56.778  9.053 0.6000000238
12989  14.962  -56.705  7.194 0.5000000000
12990  14.408  -56.892  7.874 0.5000000000
12993  10.971  -57.270  7.186 0.6000000238
12997  7.332  -57.589  7.626 0.5000000000
13012  14.232  -57.324  5.548 0.5000000000
13016  10.247  -56.430  6.398 0.6000000238
13018  8.776  -56.805  7.071 0.6000000238
13031  15.872  -57.791  4.842 0.4000000060
13034  12.443  -56.661  5.490 0.5000000000
13043  14.657  -57.654  4.761 0.5000000000
13526  14.598  -56.483  19.382 0.3000000119
13527  13.924  -56.552  19.612 0.3000000119
13528  13.091  -56.700  19.536 0.3000000119
13534  15.877  -55.546  18.464 0.3000000119
13558  8.355  -56.351  16.465 0.3000000119
13568  13.445  -56.946  14.961 0.4000000060
13579  13.332  -56.563  14.192 0.4000000060
13580  11.874  -57.165  14.061 0.4000000060
13588  25.370  -56.170  13.471 0.6999999881
13598  27.619  -56.063  12.848 0.6000000238
13599  24.049  -55.987  13.038 0.8000000119
13600  23.258  -56.166  12.861 0.8000000119
13604  10.551  -56.423  12.211 0.6000000238
13607  22.910  -55.759  11.807 0.8000000119
13610  10.243  -56.284  11.441 0.6000000238
13614  22.002  -55.938  10.142 0.5000000000
13615  21.534  -56.318  10.461 0.6999999881
13619  17.533  -57.065  10.257 0.6000000238
13620  16.886  -57.122  10.436 0.6000000238
13630  19.982  -56.825  9.065 0.5000000000
13635  8.226  -56.457  9.307 0.6000000238
13645  19.816  -56.802  8.198 0.5000000000
13649  16.151  -56.893  9.230 0.6000000238
13650  8.201  -56.404  7.867 0.6000000238
13651  7.645  -56.888  8.358 0.6000000238
13658  20.519  -56.423  7.448 0.5000000000
13661  16.614  -56.751  7.292 0.6000000238
13662  15.699  -56.633  7.597 0.5000000000
13679  17.976  -57.270  5.394 0.4000000060
13682  14.788  -56.936  6.345 0.6000000238
13694  12.301  -56.397  5.309 0.6000000238
13695  10.876  -55.854  6.085 0.6000000238
13696  10.408  -55.744  6.147 0.6000000238
13708  12.840  -56.520  4.862 0.5000000000
14232  14.249  -55.837  19.312 0.3000000119
14240  15.453  -55.406  18.789 0.3000000119
14241  14.715  -55.121  18.969 0.3000000119
14248  16.287  -55.227  18.104 0.4000000060
14250  12.282  -55.301  17.883 0.3000000119
14258  16.512  -55.290  17.180 0.4000000060
14273  6.919  -55.664  15.784 0.4000000060
14280  16.351  -55.202  15.224 0.4000000060
14283  5.805  -55.300  14.259 0.3000000119
14291  26.269  -55.171  13.207 0.6000000238
14293  24.771  -55.688  13.175 0.8000000119
14297  11.666  -56.206  12.734 0.4000000060
14303  28.161  -55.697  12.264 0.6000000238
14305  26.779  -54.478  12.816 0.5000000000
14308  23.616  -55.551  12.328 0.8000000119
14317  23.876  -55.078  12.024 0.6999999881
14319  12.218  -55.302  11.612 0.4000000060
14327  11.200  -55.217  10.799 0.5000000000
14328  10.572  -55.486  10.446 0.5000000000
14338  10.132  -55.439  8.831 0.6000000238
14362  9.535  -55.123  7.149 0.5000000000
14363  9.055  -55.445  7.188 0.6000000238
14364  8.688  -55.920  7.320 0.6000000238
14378  9.945  -55.549  6.340 0.5000000000
14379  9.496  -55.407  6.695 0.5000000000
14405  14.480  -55.679  4.512 0.5000000000
14989  16.712  -54.555  17.687 0.4000000060
14990  14.043  -54.259  18.055 0.3000000119
14992  12.090  -54.773  17.227 0.4000000060
15000  9.921  -54.807  16.156 0.3000000119
15005  17.725  -54.343  15.532 0.4000000060
15009  9.394  -54.290  15.735 0.3000000119
15010  7.720  -54.308  15.780 0.4000000060
15018  6.133  -54.657  13.916 0.3000000119
15057  23.368  -54.935  10.913 0.6000000238
15076  10.907  -55.150  8.954 0.5000000000
15085  12.229  -54.474  8.895 0.4000000060
15100  12.110  -54.432  6.939 0.6000000238
15101  10.844  -54.762  7.135 0.5000000000
15117  12.797  -54.183  5.936 0.4000000060
15118  12.107  -54.575  6.228 0.6000000238
15119  10.651  -55.323  6.350 0.5000000000
15131  12.288  -55.039  5.609 0.6000000238
15712  16.109  -54.412  18.267 0.4000000060
15722  15.917  -53.630  18.006 0.4000000060
15723  14.895  -53.725  17.900 0.4000000060
15731  14.491  -53.371  16.921 0.3000000119
15733  12.656  -54.047  16.655 0.4000000060
15734  12.023  -54.217  16.561 0.4000000060
15745  9.717  -53.710  15.211 0.3000000119
15754  10.373  -53.261  14.813 0.3000000119
15756  8.299  -53.310  14.818 0.5000000000
15758  6.576  -53.847  14.440 0.3000000119
15789  23.844  -54.224  10.894 0.6000000238
15835  12.875  -54.103  8.563 0.4000000060
16576  7.984  -53.057  14.082 0.4000000060
16595  8.575  -52.661  12.227 0.3000000119
16610  9.240  -52.231  11.295 0.3000000119
17467  16.084  -51.984  15.567 0.3000000119
17483  13.005  -52.114  14.488 0.3000000119
17492  12.828  -51.575  13.838 0.3000000119
17493  11.947  -51.604  13.702 0.3000000119
17494  10.781  -51.458  13.041 0.3000000119
17502  10.403  -51.311  12.343 0.3000000119
17548  9.417  -52.111  8.917 0.3000000119
18379  11.615  -50.529  12.289 0.3000000119
18400  11.197  -50.250  10.612 0.3000000119
18401  10.677  -50.894  10.085 0.3000000119
19202  12.487  -49.474  11.592 0.3000000119
19203  11.770  -49.781  11.064 0.3000000119
117401  15.696  -51.744  14.721 0.3000000119
117544  13.061  -52.565  15.080 0.3000000119
117575  12.970  -55.902  12.734 0.4000000060
117740  11.665  -55.940  5.660 0.6000000238
117839  29.949  -63.665  3.306 0.6999999881
118227  13.255  -60.010  7.283 0.6000000238
118963  11.308  -54.779  6.636 0.5000000000
119104  11.689  -58.918  7.504 0.6000000238
119698  32.029  -61.578  11.678 0.6000000238
119719  10.015  -55.702  9.776 0.6000000238
120128  11.704  -55.630  5.695 0.6000000238
120158  22.514  -72.164  7.206 0.3000000119
121098  17.327  -56.760  7.967 0.6000000238
121507  18.654  -57.520  12.436 0.6000000238
121599  37.490  -72.239  6.700 0.4000000060
121890  15.454  -57.181  9.053 0.5000000000
122285  8.025  -53.135  11.550 0.3000000119
123037  36.776  -72.511  5.694 0.4000000060
123100  10.082  -57.895  18.441 0.4000000060
123324  23.030  -60.062  4.623 0.5000000000
123636  23.783  -62.052  9.944 0.6999999881
123685  16.495  -57.235  11.001 0.6000000238
123789  22.487  -55.852  10.861 0.6000000238
123850  15.788  -59.089  13.880 0.5000000000
123867  23.223  -57.516  13.443 0.8000000119
124264  27.901  -59.434  9.776 0.6000000238
124296  11.323  -55.872  12.112 0.6000000238
124831  11.157  -57.951  19.344 0.3000000119
125637  25.871  -60.042  13.415 0.6999999881
126202  12.388  -50.691  12.854 0.3000000119
126236  13.668  -56.177  4.628 0.6000000238
126575  8.630  -54.452  15.851 0.4000000060
126704  23.002  -60.355  12.181 0.6000000238
126989  35.082  -65.147  10.593 0.4000000060
127067  18.954  -59.320  14.183 0.6999999881
127172  35.730  -69.667  7.730 0.3000000119
127795  14.139  -54.708  18.605 0.3000000119
127858  19.162  -62.018  6.626 0.5000000000
128023  34.806  -67.219  4.198 0.4000000060
128222  7.399  -58.350  9.734 0.6000000238
128300  25.370  -61.751  12.851 0.6999999881
128423  17.647  -57.243  11.498 0.6000000238
128432  33.002  -66.490  7.844 0.4000000060
128769  37.821  -72.105  8.905 0.3000000119
128825  36.715  -62.696  10.463 0.4000000060
129448  34.297  -73.410  5.756 0.3000000119
129799  26.204  -55.931  13.436 0.6000000238
130305  9.240  -52.242  12.691 0.3000000119
130324  31.514  -64.331  10.205 0.5000000000
130438  18.331  -60.124  8.550 0.5000000000
130453  33.141  -59.466  7.633 0.4000000060
130486  26.761  -62.789  2.874 0.6000000238
130595  27.030  -63.385  12.216 0.6999999881
130873  14.635  -59.545  10.927 0.5000000000
130917  18.362  -57.270  11.583 0.6000000238
131451  20.256  -60.733  13.451 0.6999999881
131537  30.600  -65.712  9.707 0.6000000238
132116  30.563  -63.651  11.752 0.6000000238
132365  36.167  -72.876  7.642 0.4000000060
132501  20.096  -61.275  12.799 0.6999999881
132573  13.863  -57.501  5.052 0.5000000000
132667  19.315  -61.231  11.900 0.6000000238
132796  37.088  -61.424  7.363 0.3000000119
132852  29.449  -72.583  6.860 0.3000000119
133448  32.222  -74.410  5.323 0.5000000000
133485  33.866  -68.563  12.782 0.3000000119
133842  32.094  -66.213  8.288 0.6000000238
134197  25.006  -77.616  6.733 0.3000000119
134402  15.988  -55.872  18.136 0.4000000060
134586  14.999  -58.770  10.534 0.5000000000
134827  14.677  -59.317  11.918 0.5000000000
134938  37.237  -64.036  9.421 0.4000000060
135116  25.454  -64.005  11.809 0.6999999881
135317  14.653  -59.614  12.737 0.5000000000
135495  22.518  -55.570  10.395 0.5000000000
135910  27.718  -60.154  11.122 0.6000000238
136797  27.514  -58.268  13.141 0.6000000238
137107  11.256  -51.677  13.511 0.3000000119
137210  21.875  -60.315  3.680 0.5000000000
137872  33.626  -59.701  10.696 0.6000000238
137996  28.628  -73.521  6.483 0.5000000000
138062  38.215  -71.634  10.107 0.3000000119
138080  17.491  -61.064  8.867 0.5000000000
138859  12.976  -54.835  11.397 0.4000000060
138874  11.823  -55.070  11.007 0.5000000000
138914  24.472  -60.958  12.082 0.6999999881
139012  37.807  -70.816  5.921 0.4000000060
139294  25.582  -63.559  3.099 0.5000000000
139389  20.630  -56.832  11.322 0.6999999881
139551  25.176  -77.253  6.238 0.3000000119
139670  20.680  -56.509  9.090 0.6000000238
139682  9.605  -55.661  6.430 0.6000000238
139812  34.371  -66.622  2.424 0.4000000060
139976  19.610  -60.428  13.740 0.6999999881
140033  25.276  -64.364  11.222 0.6999999881
140583  35.258  -60.858  8.512 0.4000000060
140768  36.908  -69.009  13.311 0.3000000119
140834  38.202  -63.037  4.447 0.3000000119
140955  29.657  -72.272  7.725 0.3000000119
141075  30.590  -60.062  9.268 0.4000000060
141426  24.143  -59.115  13.049 0.6999999881
141653  11.825  -58.705  14.659 0.4000000060
141778  28.189  -56.848  11.667 0.6000000238
141788  24.269  -62.748  11.234 0.6999999881
141842  35.378  -69.894  3.230 0.4000000060
142064  22.401  -60.373  12.799 0.6000000238
142139  23.810  -75.346  7.791 0.3000000119
142331  11.205  -58.806  13.721 0.4000000060
