#!ascii label  , from subject sub_0001 vox2ras=TkReg
2120
10946  38.985  -60.891  17.195 0.2000000030
10928  39.302  -61.005  17.780 0.2000000030
10958  39.524  -60.743  16.784 0.2000000030
9663  38.041  -61.894  17.620 0.2000000030
10315  40.322  -61.526  15.764 0.1000000015
10284  39.248  -61.432  18.326 0.3000000119
10945  39.906  -60.663  17.551 0.2000000030
10968  39.353  -61.005  16.091 0.1000000015
10959  38.672  -61.017  16.527 0.2000000030
10305  40.094  -60.870  16.395 0.1000000015
10304  41.110  -61.170  16.281 0.1000000015
10314  41.431  -61.689  15.651 0.1000000015
10313  42.356  -61.487  15.570 0.1000000015
10323  41.429  -62.027  15.125 0.1000000015
127561  44.073  -59.511  13.632 0.1000000015
122117  42.098  -61.711  14.821 0.1000000015
10329  43.417  -60.908  14.428 0.1000000015
11582  44.268  -58.937  12.834 0.2000000030
10990  43.825  -60.428  13.522 0.1000000015
10954  44.348  -59.999  16.697 0.1000000015
11569  44.207  -59.583  16.116 0.1000000015
10957  40.597  -60.560  17.004 0.2000000030
10312  43.263  -61.056  15.828 0.1000000015
10956  41.813  -60.682  16.783 0.1000000015
10303  42.135  -61.286  16.118 0.1000000015
10311  43.613  -60.680  15.233 0.1000000015
12223  43.949  -58.819  13.589 0.1000000015
11624  42.413  -58.182  11.999 0.2000000030
12247  42.960  -58.148  12.632 0.2000000030
139228  41.142  -58.724  11.088 0.1000000015
12263  43.553  -58.087  11.863 0.2000000030
12278  40.102  -58.704  10.209 0.2000000030
12307  41.000  -58.100  8.964 0.1000000015
13639  40.873  -57.446  8.757 0.1000000015
10967  43.898  -60.370  16.037 0.1000000015
11570  43.816  -59.217  15.209 0.1000000015
11572  43.942  -59.429  14.443 0.1000000015
11643  39.868  -58.993  10.951 0.2000000030
12953  38.911  -58.006  10.225 0.2000000030
13625  38.876  -56.770  9.881 0.2000000030
12964  40.198  -57.804  9.247 0.2000000030
13624  39.521  -56.516  9.499 0.1000000015
13623  40.311  -56.238  9.225 0.2000000030
120539  43.977  -59.918  15.294 0.1000000015
12217  42.427  -58.626  14.307 0.1000000015
12216  43.478  -58.881  14.359 0.1000000015
122485  42.271  -58.276  13.048 0.2000000030
11607  40.550  -58.810  12.380 0.2000000030
11625  40.698  -58.827  11.512 0.3000000119
14334  38.826  -55.958  9.834 0.3000000119
14333  39.769  -55.651  9.483 0.2000000030
14332  40.662  -55.429  9.345 0.2000000030
14330  42.368  -55.084  8.906 0.2000000030
11644  39.034  -58.984  11.244 0.3000000119
125315  41.427  -58.553  12.145 0.2000000030
125506  38.140  -55.867  10.300 0.3000000119
14322  38.446  -55.162  10.068 0.3000000119
15799  38.559  -53.778  9.698 0.3000000119
120481  39.221  -55.020  9.656 0.3000000119
15069  40.136  -54.800  9.527 0.2000000030
15068  41.057  -54.646  9.456 0.2000000030
142013  42.622  -54.436  9.108 0.2000000030
15054  37.141  -54.650  10.693 0.4000000060
128360  37.579  -56.119  10.705 0.3000000119
14323  37.736  -55.289  10.495 0.3000000119
12280  38.499  -58.462  10.842 0.2000000030
12966  38.695  -57.305  10.166 0.2000000030
125105  39.492  -54.042  9.577 0.3000000119
127609  40.580  -53.973  9.556 0.2000000030
15814  40.086  -53.158  9.537 0.2000000030
132217  41.511  -53.899  9.522 0.2000000030
118803  36.845  -53.713  10.511 0.3000000119
140380  37.421  -54.083  10.357 0.3000000119
16640  38.558  -52.342  9.566 0.2000000030
16638  40.538  -52.262  9.557 0.2000000030
16639  39.764  -52.429  9.534 0.2000000030
17535  40.970  -51.263  9.766 0.1000000015
122718  41.068  -53.107  9.562 0.2000000030
16637  41.654  -52.020  9.585 0.2000000030
15067  42.395  -53.844  9.356 0.2000000030
16616  36.512  -51.937  10.177 0.3000000119
140373  37.318  -52.046  9.790 0.3000000119
16615  37.069  -52.802  10.125 0.3000000119
17516  37.370  -51.138  9.890 0.2000000030
17537  37.996  -51.767  9.644 0.3000000119
18395  37.153  -50.104  10.414 0.2000000030
16641  37.808  -52.598  9.704 0.3000000119
17536  38.868  -51.438  9.704 0.1000000015
120736  39.902  -51.517  9.701 0.1000000015
18406  40.530  -50.427  10.108 0.1000000015
18407  39.541  -50.557  10.126 0.1000000015
18393  39.043  -49.705  10.480 0.1000000015
133988  41.821  -50.982  9.714 0.1000000015
17517  35.763  -51.326  10.473 0.3000000119
18396  36.095  -50.365  10.518 0.2000000030
121556  36.074  -48.859  11.236 0.2000000030
21644  35.954  -46.721  11.720 0.1000000015
19209  36.554  -49.447  10.795 0.1000000015
20014  36.615  -47.915  11.585 0.1000000015
130398  37.391  -49.183  10.853 0.1000000015
18394  38.101  -50.339  10.238 0.1000000015
18392  40.109  -49.585  10.317 0.1000000015
19206  39.730  -48.797  10.386 0.1000000015
19195  35.579  -49.738  10.918 0.2000000030
140913  36.503  -47.115  11.562 0.1000000015
20835  37.147  -47.076  11.083 0.1000000015
20013  37.546  -47.914  11.261 0.1000000015
19208  37.919  -48.548  11.021 0.1000000015
20846  37.784  -47.372  10.651 0.1000000015
19207  38.809  -48.586  10.648 0.1000000015
22437  35.686  -45.353  10.303 0.1000000015
20853  37.777  -47.084  9.652 0.1000000015
20028  39.503  -48.128  10.190 0.1000000015
124426  35.871  -45.968  11.098 0.1000000015
10976  43.908  -60.162  14.444 0.1000000015
10955  43.568  -60.596  16.507 0.1000000015
11662  41.777  -58.672  9.906 0.1000000015
15624  42.112  -53.748  26.259 0.5000000000
16390  41.183  -53.232  25.608 0.5000000000
136852  42.819  -54.430  26.698 0.5000000000
17339  38.858  -51.190  23.868 0.2000000030
17315  38.417  -51.618  24.494 0.2000000030
17314  39.277  -51.772  24.383 0.3000000119
16414  39.706  -52.375  24.920 0.3000000119
16413  40.587  -52.538  24.884 0.5000000000
16389  42.226  -52.872  25.281 0.5000000000
15623  42.987  -53.622  26.110 0.5000000000
15622  43.988  -53.602  26.126 0.5000000000
14890  43.179  -55.499  27.086 0.5000000000
14889  44.116  -55.441  26.835 0.5000000000
14153  42.840  -56.003  27.025 0.5000000000
14166  41.366  -56.229  26.615 0.5000000000
17338  39.778  -51.232  23.742 0.3000000119
17337  40.693  -51.231  23.760 0.3000000119
16412  41.374  -52.566  24.850 0.5000000000
15606  43.648  -54.638  26.761 0.5000000000
14152  43.619  -55.777  26.775 0.5000000000
14164  43.162  -56.064  26.565 0.5000000000
12777  39.585  -57.923  26.657 0.4000000060
12768  39.615  -57.180  26.491 0.5000000000
13479  39.771  -56.636  26.319 0.5000000000
14165  42.346  -56.179  26.624 0.5000000000
12100  39.412  -58.262  25.743 0.4000000060
18229  38.419  -50.626  23.456 0.3000000119
18228  40.312  -50.503  23.411 0.4000000060
17336  41.671  -51.182  23.808 0.4000000060
127663  41.935  -52.023  24.414 0.5000000000
16410  43.684  -52.018  24.777 0.5000000000
16388  43.328  -52.754  25.371 0.5000000000
16387  44.395  -52.554  25.405 0.5000000000
15621  44.991  -53.621  26.211 0.5000000000
14888  44.927  -55.183  26.481 0.5000000000
14151  44.353  -55.482  26.504 0.5000000000
14175  42.482  -55.960  25.621 0.6000000238
14167  40.222  -56.180  26.081 0.5000000000
130353  41.656  -56.002  25.596 0.5000000000
11462  40.344  -59.347  26.287 0.4000000060
12099  39.914  -58.750  26.529 0.4000000060
12778  39.149  -57.531  25.626 0.5000000000
21507  32.819  -46.829  22.604 0.1000000015
21522  35.031  -46.901  21.686 0.1000000015
21503  36.297  -46.289  22.214 0.1000000015
20712  35.546  -47.600  21.626 0.1000000015
20711  36.400  -47.477  21.638 0.1000000015
20694  37.288  -47.273  21.848 0.1000000015
19884  36.893  -48.165  21.706 0.1000000015
19883  37.737  -48.127  21.884 0.1000000015
20693  38.785  -47.389  22.674 0.1000000015
18250  38.001  -50.166  22.910 0.2000000030
19069  38.578  -49.342  22.465 0.1000000015
137945  39.375  -50.479  23.292 0.3000000119
17311  42.495  -51.294  24.065 0.5000000000
19045  40.037  -49.874  23.052 0.4000000060
18227  41.192  -50.424  23.522 0.4000000060
17310  43.400  -51.174  24.389 0.4000000060
17309  44.288  -51.544  24.857 0.5000000000
132453  45.005  -51.919  25.350 0.5000000000
16386  45.483  -52.731  25.924 0.5000000000
142070  45.904  -53.611  26.360 0.5000000000
14163  43.909  -55.840  26.363 0.5000000000
14176  40.742  -55.877  25.417 0.5000000000
14168  39.271  -56.150  25.429 0.5000000000
12110  39.694  -58.965  25.314 0.4000000060
11469  41.712  -60.029  25.824 0.5000000000
21426  31.212  -46.021  27.436 0.1000000015
21453  31.335  -46.233  25.482 0.1000000015
21466  32.091  -46.056  24.140 0.1000000015
21484  33.152  -46.010  22.911 0.1000000015
21506  33.646  -46.483  22.313 0.1000000015
21504  35.414  -46.229  22.084 0.1000000015
22290  35.881  -45.682  22.763 0.1000000015
22286  32.782  -45.688  23.732 0.1000000015
22292  34.000  -45.712  22.664 0.1000000015
119065  37.114  -46.480  22.345 0.1000000015
20665  42.295  -47.619  25.295 0.2000000030
19842  43.054  -47.860  25.609 0.2000000030
123256  37.228  -48.906  21.991 0.1000000015
136431  37.994  -48.861  22.049 0.1000000015
126192  38.631  -48.183  22.313 0.1000000015
19864  40.164  -48.185  23.040 0.1000000015
19863  41.391  -48.170  23.803 0.2000000030
19882  39.436  -48.678  22.606 0.1000000015
123472  41.373  -48.935  23.409 0.2000000030
19851  42.690  -48.835  24.263 0.2000000030
142149  42.753  -48.189  24.906 0.2000000030
19841  43.880  -48.255  25.857 0.2000000030
19067  40.131  -49.107  22.883 0.2000000030
19044  40.788  -49.610  23.279 0.2000000030
18226  42.032  -50.341  23.599 0.3000000119
18206  43.477  -50.305  24.356 0.3000000119
17294  45.093  -51.052  25.317 0.4000000060
14918  42.576  -55.456  24.624 0.5000000000
17293  45.878  -51.835  25.940 0.4000000060
14934  40.932  -54.936  23.919 0.5000000000
14933  41.843  -54.963  23.815 0.5000000000
14920  40.273  -55.255  24.544 0.5000000000
14919  41.745  -55.516  24.647 0.5000000000
14904  45.180  -55.243  26.202 0.5000000000
14887  45.740  -54.837  26.295 0.5000000000
14177  39.727  -55.660  25.135 0.5000000000
13480  38.982  -56.728  25.403 0.5000000000
138255  41.068  -55.530  24.757 0.5000000000
14174  43.303  -55.814  25.602 0.6000000238
11470  40.621  -59.584  25.502 0.4000000060
22238  31.519  -45.503  27.916 0.1000000015
22258  31.640  -45.574  25.697 0.1000000015
22257  32.123  -45.120  25.155 0.1000000015
23058  32.490  -44.489  25.480 0.1000000015
23877  33.750  -43.588  25.517 0.1000000015
22276  31.841  -45.806  24.930 0.1000000015
22274  33.147  -45.048  24.112 0.1000000015
22285  33.572  -45.375  23.431 0.1000000015
22283  35.403  -45.306  23.466 0.1000000015
21483  36.753  -45.864  22.947 0.1000000015
21482  37.665  -46.226  23.250 0.1000000015
21463  39.892  -46.742  24.990 0.1000000015
20679  39.095  -47.022  23.419 0.1000000015
20667  40.642  -47.142  24.843 0.2000000030
136382  40.700  -47.926  23.553 0.1000000015
20666  41.487  -47.489  24.796 0.2000000030
19029  43.897  -49.748  24.754 0.3000000119
19016  44.293  -49.131  25.563 0.3000000119
19840  44.814  -48.623  26.129 0.2000000030
19028  44.687  -50.065  25.305 0.3000000119
19015  45.259  -49.480  25.968 0.2000000030
19014  46.392  -49.946  26.467 0.3000000119
17276  46.908  -51.635  26.504 0.4000000060
18190  46.199  -50.917  26.197 0.4000000060
125601  41.829  -53.771  22.566 0.5000000000
15658  42.768  -54.001  23.040 0.5000000000
14932  42.685  -54.779  23.795 0.5000000000
16370  46.561  -52.715  26.354 0.5000000000
15692  43.403  -53.330  21.915 0.5000000000
15691  44.359  -53.144  21.580 0.5000000000
15674  44.283  -53.635  22.484 0.5000000000
15657  43.664  -53.966  23.041 0.5000000000
14931  43.546  -54.520  23.675 0.6000000238
14886  46.295  -54.527  26.178 0.5000000000
15603  46.451  -53.893  26.315 0.5000000000
132655  45.450  -53.965  22.856 0.5000000000
15656  44.539  -54.294  23.476 0.6000000238
14917  43.551  -55.289  24.619 0.5000000000
138765  44.235  -54.865  24.237 0.5000000000
14916  44.547  -55.377  25.080 0.5000000000
11467  43.465  -60.069  24.630 0.4000000060
11468  42.715  -59.930  25.060 0.4000000060
11461  41.301  -59.806  26.824 0.4000000060
23874  36.297  -43.218  25.479 0.1000000015
23056  34.728  -43.560  25.317 0.1000000015
23883  36.720  -44.060  25.220 0.1000000015
23073  33.568  -44.557  24.549 0.1000000015
23057  33.243  -44.188  25.169 0.1000000015
23071  35.609  -44.648  24.640 0.1000000015
23070  36.429  -44.789  24.781 0.1000000015
141521  34.315  -44.524  24.456 0.1000000015
139314  36.557  -45.368  24.287 0.1000000015
22270  37.239  -45.338  24.691 0.1000000015
21465  37.828  -45.938  24.408 0.1000000015
21464  38.590  -46.117  24.881 0.1000000015
21450  41.453  -46.416  25.736 0.2000000030
21449  42.135  -46.594  26.000 0.2000000030
130750  42.850  -46.766  26.082 0.2000000030
20652  43.471  -47.460  26.029 0.2000000030
19830  44.413  -47.922  26.201 0.2000000030
18291  45.659  -50.292  19.056 0.2000000030
19004  45.908  -48.990  26.395 0.2000000030
18289  47.660  -50.795  19.441 0.2000000030
18272  47.495  -51.053  20.180 0.2000000030
18259  47.160  -51.302  20.857 0.2000000030
17358  47.402  -51.526  22.611 0.2000000030
17408  48.020  -51.732  19.317 0.2000000030
17391  47.761  -51.660  20.161 0.2000000030
125445  47.807  -51.855  21.021 0.2000000030
16450  47.940  -52.306  22.171 0.2000000030
17357  47.781  -51.841  22.385 0.3000000119
17332  48.116  -51.995  23.036 0.2000000030
128221  47.973  -52.299  23.823 0.4000000060
16484  46.736  -52.956  19.804 0.2000000030
15699  47.157  -52.872  20.330 0.3000000119
15688  47.439  -52.834  21.104 0.3000000119
15671  47.604  -53.034  21.964 0.4000000060
16433  47.904  -52.704  22.859 0.3000000119
16409  47.676  -52.734  24.737 0.5000000000
124341  47.601  -52.004  26.316 0.4000000060
138605  47.229  -52.053  26.429 0.5000000000
16469  44.403  -52.788  20.745 0.5000000000
15701  45.374  -53.196  21.066 0.4000000060
15690  46.157  -53.417  21.395 0.4000000060
15689  46.949  -53.277  21.383 0.4000000060
15672  46.947  -53.556  22.498 0.4000000060
15654  46.864  -53.815  23.477 0.5000000000
140812  47.272  -53.383  24.621 0.5000000000
16368  47.137  -53.115  26.186 0.5000000000
126222  45.349  -53.454  21.948 0.5000000000
130036  45.536  -54.443  23.686 0.5000000000
14930  45.062  -54.820  24.406 0.5000000000
14915  45.455  -55.211  25.406 0.5000000000
14903  45.959  -54.975  25.939 0.5000000000
25696  36.996  -42.123  25.736 0.1000000015
24792  36.449  -42.509  25.693 0.1000000015
24791  36.997  -42.715  25.393 0.1000000015
135608  38.265  -43.297  24.663 0.1000000015
130652  37.573  -43.927  25.086 0.1000000015
23882  38.338  -44.105  24.853 0.1000000015
135915  38.911  -44.357  24.807 0.1000000015
23067  39.594  -44.318  24.642 0.1000000015
22255  39.604  -45.605  25.394 0.1000000015
22268  40.813  -45.110  25.228 0.1000000015
21452  39.293  -46.227  25.194 0.1000000015
22252  41.882  -45.891  25.881 0.2000000030
22266  42.595  -45.467  25.424 0.2000000030
132700  42.494  -46.151  25.960 0.2000000030
20638  44.255  -47.349  26.201 0.2000000030
19829  45.441  -48.248  26.362 0.2000000030
119429  45.923  -50.580  19.826 0.1000000015
18273  46.389  -50.970  20.587 0.2000000030
18260  46.579  -51.224  21.401 0.2000000030
19003  47.054  -49.278  26.583 0.2000000030
141488  44.158  -49.899  19.415 0.1000000015
19092  44.702  -50.253  19.733 0.1000000015
18274  45.097  -50.600  20.586 0.1000000015
18261  45.453  -50.816  21.602 0.1000000015
17375  46.382  -51.159  22.418 0.1000000015
17333  47.791  -51.590  23.456 0.1000000015
138408  47.963  -51.788  23.931 0.2000000030
18178  47.201  -50.736  26.616 0.3000000119
123836  47.403  -50.027  26.630 0.2000000030
18223  47.492  -50.912  24.326 0.1000000015
17308  47.921  -51.289  24.667 0.1000000015
129727  48.096  -51.812  24.984 0.3000000119
17274  47.995  -51.103  26.448 0.2000000030
15641  46.394  -54.389  24.151 0.5000000000
15640  46.795  -53.999  24.588 0.5000000000
15639  47.137  -53.476  25.489 0.5000000000
15602  46.763  -54.002  26.156 0.5000000000
14914  46.203  -54.773  25.065 0.5000000000
14902  46.525  -54.425  25.692 0.5000000000
14929  45.908  -54.699  24.380 0.5000000000
117694  37.633  -41.556  25.866 0.1000000015
117994  39.094  -41.746  24.517 0.1000000015
23891  39.648  -42.850  23.907 0.1000000015
24798  39.094  -42.562  24.259 0.1000000015
120100  40.863  -43.333  23.591 0.1000000015
23881  39.081  -43.483  24.389 0.1000000015
23065  41.289  -44.661  24.564 0.1000000015
23084  41.772  -44.264  23.812 0.1000000015
22251  43.243  -46.106  25.764 0.2000000030
22250  44.290  -46.163  25.522 0.2000000030
21448  43.766  -46.793  26.072 0.2000000030
21447  44.946  -46.887  25.943 0.2000000030
20637  45.109  -47.592  26.288 0.2000000030
20636  46.228  -47.813  26.349 0.2000000030
19828  46.644  -48.484  26.462 0.2000000030
19093  43.643  -49.775  19.932 0.1000000015
18275  44.139  -50.196  20.530 0.1000000015
18247  45.251  -50.557  22.691 0.1000000015
18224  45.939  -50.666  23.365 0.1000000015
17334  46.931  -51.169  23.402 0.1000000015
19013  48.097  -49.468  26.181 0.1000000015
19002  47.851  -49.571  26.480 0.2000000030
19827  47.663  -48.686  26.399 0.2000000030
138334  46.563  -50.579  23.987 0.1000000015
18203  47.876  -50.480  25.312 0.1000000015
17292  48.144  -50.936  25.810 0.2000000030
18188  48.054  -50.250  26.349 0.2000000030
18177  47.821  -50.519  26.608 0.2000000030
25703  39.978  -41.509  24.242 0.1000000015
24806  39.737  -42.135  23.963 0.1000000015
25710  42.506  -41.545  23.184 0.1000000015
24805  40.418  -42.605  23.605 0.1000000015
24803  42.098  -42.759  22.901 0.1000000015
23898  42.819  -43.127  22.723 0.1000000015
23083  42.623  -44.382  23.706 0.1000000015
23889  41.496  -43.558  23.465 0.1000000015
23062  44.247  -44.937  24.321 0.1000000015
22265  43.705  -45.471  25.111 0.1000000015
23061  45.574  -45.069  24.190 0.1000000015
22264  44.877  -45.572  24.893 0.1000000015
22249  45.519  -46.235  25.372 0.2000000030
21446  46.253  -46.839  25.712 0.2000000030
20651  45.861  -47.302  26.092 0.2000000030
20650  46.941  -47.410  26.019 0.2000000030
19847  48.062  -48.166  25.988 0.1000000015
20635  47.413  -48.009  26.303 0.2000000030
19941  42.382  -48.577  19.048 0.1000000015
19083  42.594  -49.102  21.017 0.1000000015
19082  43.326  -49.712  21.039 0.1000000015
18248  44.571  -50.249  22.185 0.1000000015
19826  48.025  -48.769  26.186 0.2000000030
19879  43.977  -49.001  22.848 0.1000000015
19065  44.531  -49.736  22.990 0.1000000015
18225  45.268  -50.136  23.384 0.1000000015
18204  46.902  -50.067  24.730 0.1000000015
19026  47.890  -49.581  25.607 0.2000000030
24811  42.768  -42.199  22.715 0.1000000015
23896  44.411  -43.432  22.342 0.1000000015
23897  43.559  -43.651  22.728 0.1000000015
23082  43.599  -44.378  23.464 0.1000000015
22263  46.148  -45.787  24.843 0.1000000015
21460  48.225  -46.269  24.550 0.1000000015
21462  46.797  -46.349  25.280 0.1000000015
21461  47.775  -46.418  25.094 0.2000000030
21445  47.423  -46.941  25.536 0.2000000030
21444  47.865  -46.927  25.223 0.1000000015
20691  43.006  -47.371  22.362 0.1000000015
131254  43.321  -48.013  22.564 0.1000000015
20689  44.390  -47.442  23.017 0.1000000015
125874  44.899  -48.072  23.564 0.1000000015
20664  46.205  -47.856  24.274 0.1000000015
20663  47.401  -47.880  25.075 0.1000000015
20662  47.719  -47.498  25.521 0.1000000015
19914  42.163  -48.717  20.511 0.1000000015
19901  42.228  -48.391  21.361 0.1000000015
19880  43.404  -48.663  22.456 0.1000000015
19861  43.952  -48.238  23.007 0.1000000015
130176  45.527  -48.712  24.056 0.1000000015
19849  46.789  -48.629  24.867 0.1000000015
19848  47.888  -48.242  25.613 0.1000000015
19860  44.617  -48.850  23.377 0.1000000015
19041  45.250  -49.481  23.684 0.1000000015
19040  46.091  -49.421  24.411 0.1000000015
19839  48.133  -48.771  25.971 0.1000000015
23091  46.004  -44.375  22.701 0.1000000015
125619  45.561  -44.633  23.351 0.1000000015
22280  47.842  -45.519  24.089 0.1000000015
22261  48.581  -45.921  24.248 0.1000000015
21517  45.239  -46.175  21.721 0.1000000015
21498  47.632  -46.576  23.161 0.1000000015
21459  48.788  -45.999  24.045 0.1000000015
120369  42.652  -46.074  21.698 0.1000000015
129825  43.575  -45.804  21.604 0.1000000015
126558  44.984  -46.755  22.548 0.1000000015
21516  46.244  -46.528  22.441 0.1000000015
21477  47.722  -46.796  23.987 0.1000000015
20676  48.013  -46.741  24.765 0.1000000015
21519  42.444  -46.828  21.829 0.1000000015
21500  43.866  -46.932  22.531 0.1000000015
127020  45.923  -46.881  23.031 0.1000000015
21478  46.588  -47.193  23.744 0.1000000015
20677  47.542  -47.322  24.648 0.1000000015
23078  48.790  -45.164  22.877 0.1000000015
21495  49.461  -45.660  21.601 0.1000000015
22279  48.691  -45.643  23.697 0.1000000015
21513  49.225  -45.965  21.568 0.1000000015
21496  49.277  -46.091  22.325 0.1000000015
22299  44.536  -45.659  21.327 0.1000000015
136430  46.210  -46.098  21.573 0.1000000015
21514  48.766  -46.249  21.880 0.1000000015
123666  48.568  -46.329  23.974 0.1000000015
17313  40.161  -51.906  24.277 0.4000000060
17312  41.047  -51.949  24.298 0.4000000060
137110  42.254  -50.806  23.779 0.4000000060
20696  34.203  -47.054  21.894 0.1000000015
21501  38.395  -46.778  22.919 0.1000000015
19068  39.420  -49.603  22.789 0.2000000030
17335  42.776  -50.430  23.931 0.4000000060
18205  44.149  -50.655  24.711 0.4000000060
22241  31.481  -45.429  27.054 0.1000000015
22284  34.480  -45.242  23.373 0.1000000015
117998  42.542  -47.229  25.931 0.2000000030
129975  40.782  -48.648  23.275 0.2000000030
19862  42.014  -48.835  23.730 0.2000000030
19042  42.438  -49.593  23.744 0.2000000030
19850  43.427  -48.770  24.983 0.3000000119
19030  43.158  -49.599  24.238 0.3000000119
122181  45.517  -50.303  25.821 0.3000000119
130009  42.039  -54.356  23.247 0.5000000000
133091  32.209  -44.326  26.109 0.1000000015
23048  32.852  -43.805  25.936 0.1000000015
23072  34.916  -44.274  24.764 0.1000000015
22273  34.007  -44.896  23.998 0.1000000015
22282  37.023  -45.768  23.956 0.1000000015
22271  35.869  -45.144  24.221 0.1000000015
21480  39.234  -46.611  24.453 0.1000000015
20668  40.076  -47.302  23.801 0.1000000015
21451  40.609  -46.461  25.470 0.1000000015
20653  41.809  -47.059  25.668 0.2000000030
15676  42.627  -53.539  22.231 0.5000000000
15675  43.318  -53.665  22.530 0.5000000000
16471  42.625  -53.110  21.600 0.5000000000
23875  35.472  -43.253  25.543 0.1000000015
23873  37.041  -43.401  25.276 0.1000000015
23055  35.756  -44.022  25.178 0.1000000015
23069  37.786  -44.789  25.042 0.1000000015
22269  38.118  -45.500  24.987 0.1000000015
23068  38.507  -44.922  25.146 0.1000000015
119973  46.963  -50.721  19.858 0.2000000030
18290  46.833  -50.484  19.218 0.2000000030
18271  47.938  -51.187  19.618 0.2000000030
17392  47.539  -51.529  20.717 0.2000000030
17374  47.416  -51.555  21.605 0.2000000030
16494  47.693  -52.365  19.760 0.2000000030
16483  47.694  -52.396  20.600 0.2000000030
16468  47.780  -52.418  21.393 0.3000000119
124671  48.053  -51.630  26.004 0.4000000060
15700  46.350  -53.179  20.536 0.5000000000
16495  47.192  -52.674  19.397 0.2000000030
15653  47.502  -53.239  23.787 0.5000000000
16385  47.703  -52.425  25.745 0.5000000000
16485  45.386  -52.907  20.361 0.5000000000
120332  45.985  -52.833  19.738 0.5000000000
15673  46.306  -53.665  22.225 0.5000000000
15655  46.259  -54.124  23.328 0.5000000000
24800  37.627  -42.177  25.208 0.1000000015
118740  37.626  -42.963  24.981 0.1000000015
23054  39.234  -44.959  25.257 0.1000000015
23066  40.440  -44.450  24.551 0.1000000015
22254  40.342  -45.650  25.509 0.1000000015
22267  41.644  -45.273  25.331 0.2000000030
25704  38.308  -41.659  25.066 0.1000000015
23890  40.118  -43.596  23.975 0.1000000015
129361  41.773  -43.140  23.137 0.1000000015
23064  42.176  -44.825  24.592 0.1000000015
23063  43.150  -44.896  24.484 0.2000000030
19107  42.986  -49.228  19.456 0.1000000015
18262  44.300  -50.283  21.360 0.1000000015
125087  45.853  -50.102  23.989 0.1000000015
18189  48.198  -50.112  25.961 0.1000000015
25711  41.069  -41.886  23.516 0.1000000015
25702  40.781  -41.307  23.996 0.1000000015
117526  41.895  -42.040  23.128 0.1000000015
24810  43.553  -42.753  22.469 0.1000000015
23888  42.212  -43.625  23.214 0.1000000015
23887  42.937  -43.896  23.036 0.1000000015
23081  44.659  -44.533  23.470 0.1000000015
20649  47.769  -47.675  25.826 0.2000000030
19094  42.765  -49.291  20.312 0.1000000015
19900  42.923  -48.998  21.750 0.1000000015
19066  43.748  -49.590  22.149 0.1000000015
23092  44.975  -44.203  22.667 0.1000000015
23093  44.193  -44.097  22.825 0.1000000015
23080  46.685  -44.908  23.654 0.1000000015
22281  46.943  -45.529  24.460 0.1000000015
131648  47.215  -46.021  24.930 0.1000000015
20690  43.673  -47.605  22.716 0.1000000015
20710  42.290  -47.599  21.781 0.1000000015
19881  42.757  -48.190  22.174 0.1000000015
21479  45.414  -47.345  23.353 0.1000000015
135568  47.627  -48.899  25.475 0.1000000015
23895  45.451  -43.716  22.069 0.1000000015
23894  46.758  -44.022  22.102 0.1000000015
137319  47.042  -44.540  22.936 0.1000000015
23079  47.870  -45.082  23.346 0.1000000015
21518  44.214  -46.281  21.958 0.1000000015
21497  48.778  -46.363  22.872 0.1000000015
21499  46.776  -46.769  23.263 0.1000000015
21515  47.508  -46.388  22.024 0.1000000015
132320  43.227  -46.505  22.111 0.1000000015
23089  49.421  -45.084  22.073 0.1000000015
23077  49.096  -45.673  23.147 0.1000000015
21476  49.105  -46.032  23.344 0.1000000015
121826  47.988  -46.010  21.330 0.1000000015
22296  48.872  -45.932  21.092 0.1000000015
22310  43.885  -45.166  21.120 0.1000000015
22300  42.957  -45.378  21.355 0.1000000015
22297  46.867  -45.766  21.011 0.1000000015
16395  35.848  -52.517  25.464 0.1000000015
15629  36.254  -53.221  26.006 0.1000000015
15628  37.075  -53.131  25.963 0.1000000015
16394  37.397  -52.482  25.411 0.1000000015
16393  38.363  -52.658  25.425 0.1000000015
17317  36.801  -51.418  24.754 0.1000000015
17316  37.596  -51.474  24.600 0.1000000015
17340  37.981  -51.082  24.080 0.1000000015
15611  36.795  -53.767  26.507 0.2000000030
14894  36.612  -54.577  26.896 0.2000000030
133411  37.866  -53.073  25.808 0.1000000015
16415  38.845  -52.168  24.975 0.1000000015
133405  36.347  -55.131  26.945 0.2000000030
14893  37.588  -54.343  26.905 0.2000000030
15610  37.763  -53.638  26.349 0.2000000030
15627  38.737  -53.441  26.060 0.2000000030
16392  39.274  -52.848  25.495 0.3000000119
15626  39.779  -53.570  26.103 0.3000000119
16391  40.177  -53.034  25.507 0.3000000119
14892  38.601  -54.140  26.832 0.2000000030
15609  39.448  -53.988  26.721 0.2000000030
14142  37.348  -55.833  27.685 0.2000000030
14876  37.468  -55.069  27.381 0.2000000030
11454  37.634  -59.534  26.444 0.1000000015
14143  36.634  -55.740  27.178 0.2000000030
14877  36.830  -55.266  27.226 0.2000000030
15625  40.584  -53.632  26.149 0.3000000119
12770  36.949  -57.631  26.962 0.1000000015
13460  36.933  -56.341  27.496 0.1000000015
135542  39.564  -54.682  27.401 0.2000000030
12102  36.909  -58.211  26.175 0.1000000015
15608  41.351  -54.062  26.606 0.4000000060
12757  37.012  -57.060  27.494 0.2000000030
14875  38.439  -54.844  27.430 0.2000000030
13459  37.472  -56.636  28.027 0.2000000030
10847  38.377  -60.409  27.007 0.2000000030
12101  37.301  -58.835  26.548 0.1000000015
11442  38.025  -59.656  27.570 0.1000000015
14128  38.084  -56.208  28.254 0.2000000030
131136  39.162  -55.391  27.852 0.2000000030
134582  40.436  -54.260  26.942 0.4000000060
12769  37.430  -57.941  27.709 0.1000000015
14874  40.595  -55.078  27.574 0.4000000060
15607  42.249  -54.725  26.988 0.4000000060
13450  38.173  -56.919  28.444 0.3000000119
12756  37.664  -57.434  28.197 0.2000000030
12746  38.454  -57.706  28.535 0.4000000060
131045  42.399  -55.636  27.252 0.4000000060
14127  38.857  -55.988  28.240 0.3000000119
13448  39.425  -57.141  28.399 0.4000000060
13449  38.890  -57.088  28.598 0.3000000119
19950  44.811  -49.111  17.123 0.1000000015
14891  41.519  -55.061  27.349 0.4000000060
14139  40.508  -55.755  27.651 0.4000000060
14154  41.930  -55.976  27.202 0.5000000000
13458  39.718  -56.544  28.065 0.4000000060
14126  39.219  -56.508  28.357 0.3000000119
14140  39.678  -55.937  27.992 0.4000000060
13457  40.108  -56.199  27.728 0.4000000060
19115  45.482  -49.891  18.230 0.1000000015
136492  45.715  -49.639  17.363 0.1000000015
129832  41.170  -56.020  27.264 0.5000000000
19123  46.789  -50.203  17.562 0.1000000015
124063  47.767  -50.701  18.647 0.1000000015
18313  47.689  -50.818  16.964 0.1000000015
18303  47.861  -50.753  17.764 0.1000000015
18302  48.193  -51.324  18.129 0.1000000015
17296  36.614  -52.050  25.211 0.1000000015
16416  37.986  -52.033  24.959 0.1000000015
17295  37.279  -51.862  24.987 0.1000000015
17318  35.883  -51.559  24.860 0.1000000015
18208  36.328  -50.867  24.407 0.1000000015
18230  37.548  -50.610  23.630 0.1000000015
18288  48.147  -51.168  18.959 0.1000000015
15631  35.036  -53.510  25.362 0.1000000015
14141  38.224  -55.550  27.887 0.2000000030
137731  39.956  -55.378  27.711 0.3000000119
14138  41.197  -55.588  27.487 0.4000000060
18209  35.537  -50.834  24.324 0.1000000015
8334  29.784  -64.948  19.473 0.1000000015
7675  29.915  -65.732  19.959 0.1000000015
6364  31.354  -67.444  18.450 0.1000000015
7659  29.544  -65.920  20.594 0.1000000015
7033  31.624  -66.017  17.842 0.1000000015
122583  29.454  -65.057  20.241 0.1000000015
7640  28.939  -65.271  20.882 0.1000000015
6953  27.326  -66.193  22.665 0.1000000015
6966  29.080  -66.239  21.235 0.1000000015
5049  33.869  -69.804  28.242 0.1000000015
8241  25.513  -64.457  26.549 0.1000000015
8274  25.087  -64.277  25.261 0.1000000015
8361  30.645  -64.786  17.883 0.1000000015
126335  25.474  -64.338  24.559 0.1000000015
7674  30.152  -65.661  19.084 0.1000000015
7608  26.597  -65.137  23.343 0.1000000015
8347  32.300  -64.469  17.687 0.1000000015
130450  26.088  -65.708  23.404 0.1000000015
125335  32.268  -65.925  17.804 0.1000000015
5585  33.618  -68.625  29.312 0.1000000015
5061  34.295  -70.380  27.453 0.1000000015
4497  34.295  -70.886  26.451 0.1000000015
7526  33.573  -66.889  31.721 0.1000000015
6874  33.575  -67.252  31.029 0.1000000015
5599  33.962  -69.280  28.777 0.1000000015
5048  34.457  -69.679  27.819 0.1000000015
128617  33.042  -69.509  25.786 0.1000000015
6272  28.798  -67.486  26.663 0.1000000015
7557  27.348  -65.419  27.112 0.1000000015
8348  30.117  -64.879  18.588 0.1000000015
8349  29.694  -64.144  18.953 0.1000000015
8326  28.942  -64.305  20.555 0.1000000015
9031  31.640  -63.822  17.540 0.1000000015
7684  32.714  -65.288  17.949 0.1000000015
118023  32.978  -66.092  18.201 0.1000000015
127406  34.886  -70.065  26.960 0.1000000015
127914  34.788  -69.889  26.694 0.1000000015
6865  33.965  -67.045  32.439 0.1000000015
6882  33.816  -67.797  30.952 0.1000000015
6224  33.850  -68.042  30.142 0.1000000015
5598  34.604  -69.063  28.333 0.1000000015
5628  35.376  -69.298  26.931 0.1000000015
132548  34.549  -69.665  26.389 0.1000000015
5646  33.136  -68.601  25.827 0.1000000015
127205  31.487  -67.938  25.638 0.1000000015
6270  30.653  -67.756  25.916 0.1000000015
6287  31.131  -67.070  25.651 0.1000000015
6917  30.301  -66.889  26.007 0.1000000015
7569  29.184  -65.102  26.320 0.1000000015
7570  28.304  -65.423  26.770 0.1000000015
8239  27.589  -64.566  26.875 0.1000000015
124939  26.650  -63.590  26.249 0.1000000015
8973  27.679  -63.014  22.770 0.1000000015
9032  30.789  -63.981  17.633 0.1000000015
9006  29.364  -63.371  19.328 0.1000000015
8335  29.385  -64.193  19.818 0.1000000015
8972  28.158  -63.587  21.881 0.1000000015
8290  27.501  -64.269  22.567 0.1000000015
9019  32.860  -63.895  18.013 0.1000000015
6916  35.980  -67.821  26.580 0.1000000015
8187  34.000  -65.988  33.244 0.1000000015
6873  33.997  -67.677  31.653 0.1000000015
6223  34.130  -68.113  29.979 0.1000000015
6241  34.781  -68.393  28.884 0.1000000015
5612  36.005  -68.661  26.967 0.1000000015
6269  36.460  -67.983  27.027 0.1000000015
6283  35.041  -68.198  26.259 0.1000000015
6929  32.641  -66.497  25.421 0.1000000015
6930  31.673  -66.370  25.477 0.1000000015
8256  30.872  -64.769  25.451 0.1000000015
6864  34.516  -67.103  32.301 0.1000000015
6208  34.436  -67.732  30.678 0.1000000015
6222  35.095  -67.613  29.350 0.1000000015
6240  35.805  -67.653  28.119 0.1000000015
6931  30.840  -66.219  25.754 0.1000000015
7568  29.953  -65.898  26.167 0.1000000015
8238  28.445  -64.322  26.529 0.1000000015
9565  28.480  -62.623  25.539 0.1000000015
138401  27.606  -63.640  26.416 0.1000000015
118711  28.410  -62.108  24.772 0.1000000015
8917  27.158  -63.052  25.802 0.1000000015
9597  27.451  -62.635  23.813 0.1000000015
9586  27.561  -62.376  24.638 0.1000000015
9613  28.712  -62.895  21.433 0.1000000015
9598  27.042  -62.785  24.521 0.1000000015
9657  29.812  -62.539  18.180 0.1000000015
8989  29.093  -63.424  20.196 0.1000000015
8990  28.706  -63.542  21.030 0.1000000015
129159  31.942  -63.005  17.598 0.1000000015
9656  32.918  -62.991  18.065 0.1000000015
8333  33.834  -64.497  18.853 0.1000000015
8346  33.165  -64.543  18.248 0.1000000015
9005  34.134  -63.860  19.016 0.1000000015
9655  33.837  -63.111  18.696 0.1000000015
125169  35.632  -66.863  26.413 0.1000000015
142319  35.121  -67.294  26.170 0.1000000015
7505  34.130  -66.627  32.899 0.1000000015
7503  35.189  -66.283  33.270 0.1000000015
6863  35.177  -66.842  32.012 0.1000000015
7525  35.913  -65.961  30.891 0.1000000015
6888  36.358  -66.856  28.553 0.1000000015
6239  36.831  -67.103  27.656 0.1000000015
6251  36.783  -67.297  27.280 0.1000000015
6927  34.629  -66.447  25.899 0.1000000015
125186  32.888  -65.684  25.271 0.1000000015
8255  31.853  -64.721  25.098 0.1000000015
7504  34.582  -66.558  33.414 0.1000000015
124244  35.024  -67.154  31.292 0.1000000015
8272  31.197  -63.881  25.067 0.1000000015
8257  30.240  -63.968  25.583 0.1000000015
8237  29.313  -64.106  26.040 0.1000000015
8932  30.504  -63.177  25.133 0.1000000015
8933  29.443  -63.085  25.559 0.1000000015
9564  29.946  -62.400  24.896 0.1000000015
123236  29.099  -62.282  25.141 0.1000000015
10232  29.093  -62.024  22.330 0.1000000015
10221  29.227  -61.731  23.007 0.1000000015
10298  30.810  -61.569  17.654 0.1000000015
10948  30.452  -60.814  17.984 0.1000000015
132092  29.584  -61.874  18.563 0.1000000015
136856  29.318  -61.986  19.170 0.1000000015
9612  29.298  -62.383  21.028 0.1000000015
10247  29.016  -62.380  21.713 0.1000000015
127701  31.178  -60.888  17.710 0.1000000015
9628  29.262  -62.590  19.745 0.1000000015
9667  31.335  -62.289  17.573 0.1000000015
10288  32.465  -61.378  17.883 0.1000000015
9666  32.209  -62.188  17.750 0.1000000015
9644  34.900  -63.069  19.551 0.1000000015
8154  35.025  -65.312  34.993 0.1000000015
8171  34.865  -65.847  34.544 0.1000000015
8850  34.281  -65.463  34.007 0.1000000015
8185  36.089  -65.229  32.323 0.1000000015
7567  35.170  -65.935  26.230 0.1000000015
7492  34.964  -66.227  34.013 0.1000000015
7516  35.809  -65.791  31.840 0.1000000015
136729  36.026  -66.165  30.118 0.1000000015
7542  37.227  -65.745  28.638 0.1000000015
7556  36.611  -66.081  27.281 0.1000000015
128279  34.803  -65.189  26.048 0.1000000015
8252  34.156  -64.610  25.728 0.1000000015
133198  32.642  -64.977  25.194 0.1000000015
8236  34.806  -64.630  26.332 0.1000000015
8931  33.402  -63.555  25.160 0.1000000015
8946  32.336  -63.337  24.489 0.1000000015
141884  31.115  -63.261  24.806 0.1000000015
8948  31.004  -62.693  24.409 0.1000000015
9582  31.920  -62.681  24.043 0.1000000015
9583  30.332  -61.915  24.128 0.1000000015
10209  30.708  -61.619  23.280 0.1000000015
10220  29.907  -61.538  23.113 0.1000000015
126892  30.163  -61.191  21.113 0.1000000015
10231  29.915  -61.499  22.302 0.1000000015
10934  29.843  -60.508  18.558 0.1000000015
10908  29.714  -61.015  20.401 0.1000000015
10932  31.262  -60.045  18.011 0.1000000015
10933  30.374  -59.929  18.347 0.1000000015
10947  31.952  -60.672  17.824 0.1000000015
10287  33.230  -61.392  18.252 0.1000000015
130958  33.536  -62.234  18.500 0.1000000015
9654  34.378  -62.401  19.043 0.1000000015
8206  37.256  -64.490  29.487 0.1000000015
8898  36.053  -64.391  28.768 0.1000000015
8152  35.417  -65.090  35.087 0.1000000015
8170  35.193  -65.645  34.497 0.1000000015
8169  36.185  -64.613  32.903 0.1000000015
8184  37.898  -64.527  31.349 0.1000000015
132866  37.183  -65.494  29.775 0.1000000015
8221  37.398  -65.378  29.013 0.1000000015
8903  35.466  -64.200  27.967 0.1000000015
8899  34.958  -63.488  28.392 0.1000000015
121618  35.386  -65.927  33.657 0.1000000015
7530  37.527  -65.322  29.210 0.1000000015
8227  37.128  -65.523  28.411 0.1000000015
8913  34.451  -63.883  26.479 0.1000000015
9550  33.614  -62.562  26.154 0.1000000015
10207  32.929  -62.123  24.407 0.1000000015
8930  33.984  -63.943  25.722 0.1000000015
8914  33.840  -63.265  25.913 0.1000000015
10217  32.496  -61.831  23.719 0.1000000015
10229  31.588  -61.178  22.897 0.1000000015
10882  31.317  -60.809  22.710 0.1000000015
10230  30.887  -61.156  22.442 0.1000000015
10896  30.016  -60.276  20.897 0.1000000015
10245  30.299  -61.225  21.727 0.1000000015
136329  29.984  -59.069  19.077 0.1000000015
10921  29.583  -60.331  19.204 0.1000000015
122633  29.613  -60.236  19.985 0.1000000015
132081  30.901  -59.255  18.375 0.1000000015
11554  31.769  -59.136  18.262 0.1000000015
10931  32.832  -60.624  18.047 0.1000000015
9480  39.569  -63.289  31.490 0.1000000015
8832  36.042  -64.116  34.433 0.1000000015
128105  39.131  -63.410  32.068 0.1000000015
9508  38.841  -63.812  30.505 0.1000000015
8867  38.211  -64.034  29.936 0.1000000015
8884  35.720  -63.666  29.290 0.1000000015
8138  35.145  -64.845  35.532 0.1000000015
8821  35.461  -64.438  35.514 0.1000000015
8849  38.430  -63.962  31.707 0.1000000015
8866  38.817  -64.350  30.306 0.1000000015
8883  38.275  -64.601  29.879 0.1000000015
141431  34.372  -62.689  28.370 0.1000000015
9538  33.708  -62.355  27.064 0.1000000015
9537  34.273  -62.862  27.649 0.1000000015
10200  32.789  -61.307  25.043 0.1000000015
10208  32.694  -61.461  24.099 0.1000000015
10860  32.478  -60.825  24.332 0.1000000015
10876  31.856  -60.806  23.074 0.1000000015
136907  30.869  -60.466  22.277 0.1000000015
10895  30.460  -60.717  21.685 0.1000000015
11509  29.750  -59.241  21.237 0.1000000015
12186  30.538  -58.716  18.752 0.1000000015
11540  29.701  -59.581  19.470 0.1000000015
12184  32.152  -58.394  18.515 0.1000000015
12170  33.551  -58.603  18.941 0.1000000015
9472  37.726  -63.023  33.067 0.1000000015
9493  39.407  -63.345  31.002 0.1000000015
9509  37.568  -63.354  30.306 0.1000000015
8842  36.845  -63.646  32.933 0.1000000015
140929  34.222  -62.273  28.743 0.1000000015
10157  33.875  -61.672  28.858 0.1000000015
10158  33.408  -61.430  28.257 0.1000000015
10833  32.901  -60.904  28.020 0.1000000015
10848  32.474  -60.725  26.020 0.1000000015
124820  32.361  -60.588  25.174 0.1000000015
11473  31.485  -59.783  24.157 0.1000000015
10869  32.048  -60.454  23.807 0.1000000015
11485  30.242  -59.285  22.998 0.1000000015
11484  30.912  -59.557  23.512 0.1000000015
139790  29.606  -58.759  21.764 0.1000000015
11496  29.897  -59.149  22.200 0.1000000015
12828  29.624  -57.748  20.679 0.1000000015
11524  29.644  -59.453  20.292 0.1000000015
12827  30.009  -57.221  20.126 0.1000000015
12843  29.768  -58.004  19.911 0.1000000015
12172  29.731  -58.810  19.724 0.1000000015
12859  31.691  -57.778  18.785 0.1000000015
12839  33.381  -57.852  19.279 0.1000000015
12154  35.153  -58.733  20.726 0.1000000015
137622  40.029  -63.093  31.834 0.1000000015
9492  39.862  -63.082  31.501 0.1000000015
10142  36.518  -62.525  30.725 0.1000000015
10143  35.171  -62.001  30.234 0.1000000015
10807  34.211  -61.277  29.639 0.1000000015
9471  39.801  -63.037  32.212 0.1000000015
9510  36.150  -62.850  30.256 0.1000000015
11456  32.185  -60.202  26.826 0.1000000015
10849  31.892  -59.989  25.848 0.1000000015
11463  31.290  -59.524  25.154 0.1000000015
11474  30.736  -59.154  24.500 0.1000000015
12816  29.497  -57.503  21.483 0.1000000015
12133  29.458  -58.220  22.186 0.1000000015
125829  29.504  -58.364  21.330 0.1000000015
12841  31.185  -57.292  19.255 0.1000000015
12840  32.040  -57.086  19.186 0.1000000015
12826  33.578  -57.111  19.942 0.1000000015
12813  34.777  -57.508  21.560 0.1000000015
12121  35.944  -58.170  23.406 0.1000000015
10108  40.166  -62.341  32.464 0.1000000015
10117  40.075  -62.952  31.883 0.1000000015
10119  37.699  -61.693  31.764 0.1000000015
10798  35.586  -61.569  31.012 0.1000000015
11410  34.261  -60.008  30.660 0.1000000015
10800  33.841  -60.402  29.912 0.1000000015
10132  37.051  -62.139  31.254 0.1000000015
10820  32.787  -60.168  28.603 0.1000000015
10834  32.433  -60.258  27.725 0.1000000015
11443  32.021  -59.775  27.486 0.1000000015
11464  30.564  -58.733  25.470 0.1000000015
12116  29.756  -58.061  24.549 0.1000000015
119543  29.542  -57.926  23.761 0.1000000015
15683  31.918  -53.262  22.064 0.1000000015
15694  31.999  -54.001  21.583 0.1000000015
138188  30.543  -54.383  21.545 0.1000000015
14212  30.190  -55.262  21.219 0.1000000015
125276  29.367  -56.900  22.882 0.1000000015
12798  29.420  -57.667  22.976 0.1000000015
14948  32.660  -54.013  22.226 0.1000000015
138702  32.433  -54.337  21.708 0.1000000015
14956  31.445  -54.373  21.190 0.1000000015
13507  29.598  -56.616  21.588 0.1000000015
15665  32.785  -53.188  22.777 0.1000000015
14940  33.217  -53.958  22.994 0.1000000015
14947  33.305  -54.653  22.721 0.1000000015
14211  32.991  -55.340  21.232 0.1000000015
13513  32.280  -55.851  20.170 0.1000000015
13515  30.333  -56.470  20.378 0.1000000015
15664  33.466  -53.515  23.626 0.1000000015
14939  33.695  -54.442  23.678 0.1000000015
14201  33.543  -55.406  22.247 0.1000000015
13512  33.020  -56.303  20.084 0.1000000015
13501  34.204  -56.385  22.214 0.1000000015
12815  33.675  -56.622  20.771 0.1000000015
13489  34.983  -56.258  24.447 0.1000000015
12803  34.621  -57.023  22.279 0.1000000015
12795  35.769  -57.838  24.139 0.1000000015
124046  39.095  -61.061  32.564 0.1000000015
10779  38.968  -61.724  31.999 0.1000000015
136267  36.279  -60.838  32.228 0.1000000015
10791  35.990  -61.221  31.698 0.1000000015
10792  34.957  -60.611  31.239 0.1000000015
11421  33.198  -59.910  29.415 0.1000000015
142301  32.658  -59.536  29.039 0.1000000015
11434  32.218  -59.540  28.304 0.1000000015
11457  31.667  -59.567  26.854 0.1000000015
12093  31.209  -58.871  27.053 0.1000000015
12781  30.147  -57.831  25.942 0.1000000015
134377  29.347  -55.835  24.568 0.1000000015
125501  29.355  -57.078  23.572 0.1000000015
15696  30.611  -53.678  21.949 0.1000000015
14949  29.939  -54.047  22.343 0.1000000015
14957  29.769  -54.918  21.932 0.1000000015
13499  29.303  -56.189  23.217 0.1000000015
15684  30.975  -53.047  21.981 0.1000000015
14923  34.573  -54.028  24.921 0.1000000015
14924  34.002  -53.822  24.348 0.1000000015
11392  35.874  -60.149  32.698 0.1000000015
10766  37.313  -60.906  32.516 0.1000000015
11393  34.866  -59.553  32.377 0.1000000015
12044  34.161  -58.878  31.794 0.1000000015
11403  35.300  -60.372  32.019 0.1000000015
11404  34.535  -59.746  31.471 0.1000000015
11405  33.941  -59.222  30.931 0.1000000015
11411  33.581  -59.545  30.184 0.1000000015
12063  32.941  -59.023  29.682 0.1000000015
11422  32.251  -58.952  29.046 0.1000000015
134904  31.289  -58.543  27.836 0.1000000015
12771  30.357  -57.706  26.826 0.1000000015
12083  30.821  -58.165  27.314 0.1000000015
14171  29.372  -55.593  25.290 0.1000000015
123659  29.515  -56.149  26.004 0.1000000015
120599  29.677  -57.000  25.912 0.1000000015
15685  30.249  -53.165  22.310 0.1000000015
125155  29.413  -53.373  23.506 0.1000000015
128671  29.241  -54.981  24.514 0.1000000015
12790  29.468  -57.280  24.387 0.1000000015
16457  31.516  -52.451  22.448 0.1000000015
16458  30.544  -52.503  22.491 0.1000000015
14192  29.357  -55.395  23.197 0.1000000015
16435  32.438  -52.345  22.861 0.1000000015
140732  32.184  -52.767  22.462 0.1000000015
142034  36.176  -59.227  33.532 0.1000000015
12030  35.479  -59.231  33.192 0.1000000015
12031  34.540  -58.712  32.653 0.1000000015
12045  33.644  -58.555  31.166 0.1000000015
123972  33.374  -58.749  30.479 0.1000000015
12052  32.860  -58.319  30.162 0.1000000015
12064  32.364  -58.312  29.603 0.1000000015
12747  31.327  -57.584  28.843 0.1000000015
12758  30.970  -57.877  28.087 0.1000000015
137452  29.864  -56.416  27.299 0.1000000015
13472  30.040  -57.055  27.136 0.1000000015
14907  29.341  -54.712  25.442 0.1000000015
14158  29.465  -55.295  26.132 0.1000000015
131720  33.240  -52.666  23.511 0.1000000015
15642  34.443  -53.300  24.779 0.1000000015
125603  34.189  -57.871  32.691 0.1000000015
139305  34.093  -58.382  32.248 0.1000000015
12712  33.158  -57.188  31.601 0.1000000015
12032  33.659  -58.022  31.849 0.1000000015
12053  32.423  -57.600  30.195 0.1000000015
12724  33.150  -57.905  30.872 0.1000000015
12738  31.866  -57.668  29.514 0.1000000015
123606  31.506  -57.105  29.406 0.1000000015
12748  30.710  -57.132  28.350 0.1000000015
13461  30.196  -56.718  27.828 0.1000000015
137004  29.585  -55.009  26.796 0.1000000015
14925  29.312  -54.119  23.987 0.1000000015
17359  30.893  -51.804  22.810 0.1000000015
15666  29.627  -52.687  23.182 0.1000000015
16418  34.395  -52.547  24.580 0.1000000015
16396  35.261  -52.854  25.372 0.1000000015
13416  32.743  -56.415  31.467 0.1000000015
12713  32.616  -57.075  30.917 0.1000000015
13423  32.308  -56.334  30.788 0.1000000015
13424  31.886  -56.373  30.221 0.1000000015
12725  31.878  -57.027  29.913 0.1000000015
13435  31.452  -56.478  29.659 0.1000000015
13452  30.448  -56.300  28.554 0.1000000015
14144  29.892  -55.857  27.893 0.1000000015
14145  29.724  -55.092  27.471 0.1000000015
17341  33.696  -51.527  23.671 0.1000000015
16436  31.840  -51.668  22.822 0.1000000015
125139  29.297  -53.328  24.357 0.1000000015
17319  34.429  -51.665  24.234 0.1000000015
14106  31.927  -55.740  30.587 0.1000000015
14848  31.074  -55.148  29.948 0.1000000015
135731  31.518  -55.300  30.411 0.1000000015
15583  29.823  -53.751  28.446 0.1000000015
15582  30.293  -53.902  29.312 0.1000000015
13436  30.851  -55.841  29.359 0.1000000015
123616  29.439  -52.956  27.165 0.1000000015
14130  29.930  -55.072  28.138 0.1000000015
14878  29.590  -54.387  27.138 0.1000000015
17342  32.184  -50.934  22.934 0.1000000015
17343  31.265  -51.074  23.079 0.1000000015
16419  29.564  -52.113  23.658 0.1000000015
118649  29.343  -52.442  24.379 0.1000000015
15632  29.389  -53.782  25.623 0.1000000015
17345  29.848  -51.406  23.637 0.1000000015
16355  29.327  -52.166  27.394 0.1000000015
14862  30.114  -54.568  28.641 0.1000000015
14849  30.540  -54.881  29.348 0.1000000015
16371  29.261  -52.428  26.550 0.1000000015
15594  29.573  -53.667  27.591 0.1000000015
140855  29.756  -51.010  24.023 0.1000000015
16397  29.291  -52.029  25.130 0.1000000015
15613  29.462  -53.624  26.657 0.1000000015
17320  29.517  -51.501  24.322 0.1000000015
118870  29.254  -52.951  25.185 0.1000000015
6903  26.325  -66.354  27.474 0.1000000015
137327  26.974  -64.109  26.721 0.1000000015
8934  26.387  -63.375  25.543 0.1000000015
8918  25.884  -63.818  26.122 0.1000000015
126978  25.929  -63.801  25.079 0.1000000015
7023  30.573  -66.246  18.690 0.1000000015
8273  26.197  -63.938  24.368 0.1000000015
7697  31.176  -65.404  17.787 0.1000000015
8309  28.018  -64.654  21.912 0.1000000015
8291  26.609  -64.247  23.685 0.1000000015
119396  28.382  -65.568  21.648 0.1000000015
6952  27.941  -66.205  22.204 0.1000000015
7624  27.169  -65.267  22.864 0.1000000015
123695  33.588  -69.282  28.768 0.1000000015
8242  24.727  -64.691  26.326 0.1000000015
8231  25.969  -64.899  27.179 0.1000000015
8292  25.943  -64.880  23.832 0.1000000015
5584  34.050  -68.695  29.369 0.1000000015
5645  34.255  -68.872  26.229 0.1000000015
6918  29.399  -66.734  26.339 0.1000000015
6919  28.562  -66.469  26.700 0.1000000015
9020  30.216  -63.262  17.843 0.1000000015
5613  35.265  -69.300  27.278 0.1000000015
5597  35.479  -68.469  27.694 0.1000000015
6285  32.831  -67.508  25.603 0.1000000015
123775  32.258  -68.011  25.580 0.1000000015
125972  34.261  -67.140  25.857 0.1000000015
6286  31.969  -67.220  25.509 0.1000000015
7584  30.021  -64.901  25.884 0.1000000015
8915  28.527  -63.394  26.091 0.1000000015
8964  26.797  -63.323  24.110 0.1000000015
121888  30.473  -62.417  17.720 0.1000000015
9646  29.407  -62.611  18.860 0.1000000015
6928  33.617  -66.172  25.462 0.1000000015
7581  32.189  -65.629  25.296 0.1000000015
7582  31.345  -65.550  25.462 0.1000000015
6207  35.567  -66.868  29.821 0.1000000015
9585  28.072  -62.055  24.097 0.1000000015
10211  28.972  -61.798  23.853 0.1000000015
9596  28.352  -62.173  23.175 0.1000000015
10265  29.399  -61.686  19.891 0.1000000015
7565  36.867  -66.767  27.352 0.1000000015
8186  34.611  -66.175  33.942 0.1000000015
6881  36.995  -66.024  29.011 0.1000000015
6887  37.161  -66.400  28.106 0.1000000015
7580  33.292  -65.229  25.326 0.1000000015
131892  31.975  -63.934  24.685 0.1000000015
10210  29.805  -61.694  23.817 0.1000000015
140315  29.494  -60.886  19.706 0.1000000015
7515  37.509  -64.876  31.028 0.1000000015
8235  35.697  -65.438  26.729 0.1000000015
126174  36.383  -64.904  28.085 0.1000000015
8253  33.603  -64.197  25.358 0.1000000015
8229  35.436  -64.575  27.209 0.1000000015
9563  33.380  -62.812  25.341 0.1000000015
9580  33.076  -62.886  24.619 0.1000000015
9581  32.547  -62.581  24.200 0.1000000015
9595  31.381  -62.058  23.653 0.1000000015
11553  32.414  -59.778  18.094 0.1000000015
10930  33.583  -60.666  18.459 0.1000000015
10286  33.982  -61.457  18.702 0.1000000015
9522  36.662  -63.581  29.900 0.1000000015
126958  35.699  -64.890  34.496 0.1000000015
132675  38.652  -64.522  30.628 0.1000000015
8195  38.355  -64.703  30.292 0.1000000015
9549  34.124  -63.049  26.754 0.1000000015
10184  33.366  -61.973  26.432 0.1000000015
10199  33.203  -62.088  25.457 0.1000000015
10218  32.032  -61.454  23.253 0.1000000015
12185  31.326  -58.514  18.552 0.1000000015
11551  33.847  -59.910  18.692 0.1000000015
8856  39.133  -64.065  30.878 0.1000000015
9530  34.759  -62.873  29.046 0.1000000015
9531  33.810  -62.129  28.047 0.1000000015
10185  32.963  -61.416  26.205 0.1000000015
10861  31.931  -60.200  24.736 0.1000000015
11508  30.451  -59.952  21.692 0.1000000015
12860  30.846  -57.983  18.927 0.1000000015
12858  32.534  -57.714  18.892 0.1000000015
11539  34.022  -59.181  19.068 0.1000000015
9494  38.339  -63.006  30.672 0.1000000015
10131  38.962  -62.672  31.102 0.1000000015
10148  33.436  -60.811  28.974 0.1000000015
10169  32.642  -60.880  27.030 0.1000000015
12122  30.099  -58.735  23.887 0.1000000015
12156  29.557  -58.592  20.506 0.1000000015
13516  29.799  -56.910  20.852 0.1000000015
12825  33.959  -57.831  19.919 0.1000000015
12155  34.482  -58.291  20.277 0.1000000015
12147  34.838  -58.019  20.963 0.1000000015
12146  35.493  -58.189  21.570 0.1000000015
10118  39.609  -62.526  31.563 0.1000000015
10799  34.602  -60.944  30.468 0.1000000015
12104  31.247  -59.171  26.140 0.1000000015
12115  30.176  -58.587  24.745 0.1000000015
14231  31.739  -56.088  19.939 0.1000000015
12802  35.263  -57.564  22.281 0.1000000015
12814  34.194  -57.478  20.725 0.1000000015
13506  34.179  -56.863  21.544 0.1000000015
12797  35.062  -57.145  22.971 0.1000000015
11444  31.652  -59.221  27.675 0.1000000015
12094  30.710  -58.434  26.466 0.1000000015
14955  32.241  -54.652  21.219 0.1000000015
14963  30.935  -54.941  20.838 0.1000000015
14223  30.611  -55.702  20.588 0.1000000015
14224  29.972  -56.080  21.003 0.1000000015
14213  29.670  -55.754  21.707 0.1000000015
13490  29.329  -56.434  24.122 0.1000000015
14202  32.850  -54.749  21.909 0.1000000015
14221  32.267  -55.247  20.630 0.1000000015
14191  33.847  -55.247  23.209 0.1000000015
127703  32.771  -55.721  20.563 0.1000000015
136318  33.944  -55.911  22.188 0.1000000015
14190  34.479  -55.871  23.657 0.1000000015
13498  34.559  -56.531  22.941 0.1000000015
12789  35.479  -57.115  24.460 0.1000000015
13497  34.985  -56.733  23.696 0.1000000015
13483  29.470  -56.548  25.070 0.1000000015
14941  29.443  -54.071  23.129 0.1000000015
125025  29.332  -54.835  23.586 0.1000000015
15643  33.868  -53.022  24.207 0.1000000015
11435  31.739  -58.824  28.412 0.1000000015
12759  30.502  -57.452  27.593 0.1000000015
124645  32.913  -51.752  23.298 0.1000000015
16434  33.801  -52.240  23.941 0.1000000015
14896  29.499  -54.474  26.302 0.1000000015
14129  30.297  -55.416  28.666 0.1000000015
12745  39.218  -57.877  28.572 0.3000000119
117971  39.825  -57.128  28.020 0.3000000119
14155  40.513  -56.330  27.136 0.4000000060
8984  41.068  -64.088  20.474 0.1000000015
9624  41.562  -63.112  20.735 0.1000000015
9608  42.348  -62.606  21.935 0.2000000030
134913  43.678  -60.146  24.251 0.3000000119
14178  38.754  -55.581  24.775 0.4000000060
124724  41.205  -59.707  24.711 0.4000000060
138510  43.669  -60.714  24.167 0.2000000030
11478  43.325  -59.600  24.022 0.3000000119
132194  40.146  -59.331  24.454 0.4000000060
12111  38.906  -58.146  24.849 0.4000000060
137610  38.538  -56.111  24.941 0.4000000060
7670  40.111  -65.580  19.283 0.1000000015
10225  43.930  -60.537  23.240 0.3000000119
129980  39.332  -58.797  24.191 0.4000000060
12787  38.490  -57.265  24.856 0.4000000060
13487  38.170  -56.513  24.632 0.4000000060
8330  40.305  -64.864  19.550 0.1000000015
14921  39.241  -55.007  24.442 0.5000000000
10241  43.155  -61.707  21.888 0.2000000030
10873  43.987  -60.043  23.612 0.3000000119
11479  41.963  -59.545  23.941 0.3000000119
121607  38.334  -57.717  24.293 0.4000000060
14935  39.887  -54.543  23.881 0.4000000060
15659  41.303  -54.301  23.199 0.4000000060
11480  40.700  -59.339  23.766 0.4000000060
141815  39.877  -59.061  23.677 0.4000000060
12788  37.922  -57.113  24.174 0.4000000060
14179  37.929  -55.692  24.300 0.4000000060
120012  40.601  -63.064  19.738 0.2000000030
9625  41.042  -63.433  20.202 0.2000000030
10261  42.088  -61.989  20.612 0.2000000030
10240  43.907  -60.746  22.355 0.2000000030
9623  42.275  -62.278  21.263 0.2000000030
11489  42.737  -59.044  23.224 0.3000000119
11490  41.348  -59.015  23.091 0.3000000119
8343  39.854  -64.843  19.099 0.1000000015
12119  38.604  -58.297  23.883 0.4000000060
11477  43.769  -59.770  23.818 0.3000000119
11491  40.256  -58.852  23.046 0.4000000060
12793  38.117  -57.665  23.604 0.4000000060
14922  38.286  -54.933  24.175 0.5000000000
14936  38.831  -54.285  23.905 0.5000000000
15660  40.435  -54.106  23.255 0.4000000060
12118  39.239  -58.636  23.202 0.4000000060
13488  37.578  -56.396  23.892 0.4000000060
15661  39.471  -53.839  23.338 0.4000000060
9641  41.379  -62.586  20.163 0.2000000030
10260  43.045  -61.411  20.949 0.2000000030
10259  43.826  -60.745  21.385 0.2000000030
11487  44.094  -59.495  23.077 0.4000000060
118887  44.293  -59.407  22.150 0.2000000030
11488  43.840  -59.150  23.283 0.3000000119
12125  44.176  -58.919  22.416 0.4000000060
12127  41.954  -58.638  22.392 0.3000000119
127754  37.563  -54.931  23.624 0.5000000000
15677  40.915  -53.589  22.625 0.4000000060
12126  43.279  -58.663  22.438 0.4000000060
12129  39.794  -58.523  22.309 0.4000000060
135533  38.513  -58.139  23.126 0.4000000060
14937  37.955  -54.282  23.592 0.5000000000
10904  44.390  -59.999  20.850 0.2000000030
16452  41.397  -53.126  22.019 0.4000000060
11504  44.503  -59.337  21.151 0.2000000030
12128  40.809  -58.619  22.342 0.3000000119
12130  38.896  -58.160  22.399 0.4000000060
12794  37.612  -57.051  23.365 0.4000000060
138670  39.755  -63.067  19.245 0.2000000030
10905  43.725  -60.585  20.578 0.2000000030
136715  44.392  -58.837  21.419 0.3000000119
12141  43.838  -58.301  21.532 0.4000000060
16451  42.055  -53.269  21.975 0.4000000060
140442  41.340  -58.268  21.786 0.3000000119
14188  37.252  -55.636  23.467 0.5000000000
15662  38.483  -53.716  23.315 0.5000000000
16470  43.414  -52.903  21.199 0.4000000060
9642  40.053  -62.270  19.347 0.2000000030
10273  41.761  -61.665  20.085 0.2000000030
12143  39.486  -58.014  21.603 0.4000000060
12800  38.078  -57.571  22.647 0.4000000060
15679  39.040  -53.174  22.893 0.5000000000
16453  40.545  -52.764  22.069 0.4000000060
9651  39.365  -62.165  18.886 0.2000000030
10915  43.391  -60.298  19.938 0.2000000030
11519  44.613  -58.750  20.610 0.2000000030
12810  41.286  -57.779  20.982 0.4000000060
14189  36.918  -54.866  23.029 0.5000000000
15663  37.757  -53.745  23.114 0.5000000000
9653  38.258  -62.796  18.134 0.2000000030
12142  42.476  -58.073  21.633 0.4000000060
121954  40.428  -58.219  21.606 0.3000000119
12801  37.531  -56.910  22.603 0.5000000000
14945  37.311  -54.228  23.092 0.5000000000
15678  40.019  -53.333  22.783 0.5000000000
9652  38.672  -62.008  18.285 0.2000000030
16486  44.528  -52.368  19.725 0.4000000060
16472  41.919  -52.802  21.485 0.4000000060
10274  40.788  -61.720  19.649 0.2000000030
12152  43.699  -57.704  20.639 0.4000000060
16454  39.579  -52.622  22.346 0.4000000060
132119  41.225  -52.496  21.456 0.4000000060
10275  39.922  -61.492  18.982 0.2000000030
10914  44.259  -59.880  20.096 0.2000000030
11520  44.651  -59.136  20.183 0.2000000030
10916  42.402  -60.186  19.516 0.2000000030
16499  43.152  -52.001  19.714 0.4000000060
16488  41.786  -52.282  20.854 0.4000000060
16489  41.094  -51.915  20.861 0.4000000060
12144  38.656  -57.611  21.728 0.3000000119
15680  38.037  -53.155  22.862 0.5000000000
16473  40.640  -52.160  21.412 0.4000000060
12153  42.537  -57.550  20.822 0.4000000060
12811  40.071  -57.677  20.898 0.4000000060
12812  39.147  -57.510  20.965 0.3000000119
13500  37.243  -56.417  22.135 0.4000000060
14199  36.684  -54.848  22.328 0.5000000000
11535  43.463  -59.784  19.340 0.2000000030
17393  42.431  -52.092  20.297 0.4000000060
16475  39.140  -51.935  21.971 0.5000000000
16476  38.205  -51.979  21.956 0.5000000000
13505  37.519  -56.397  21.229 0.4000000060
14198  36.892  -55.619  22.508 0.5000000000
15681  37.250  -53.437  22.541 0.5000000000
14209  36.725  -55.170  21.560 0.5000000000
14208  36.991  -55.924  21.652 0.5000000000
13469  39.954  -56.793  27.470 0.4000000060
16487  43.381  -52.430  20.464 0.4000000060
121764  42.551  -52.617  20.978 0.4000000060
15682  36.703  -53.413  22.017 0.5000000000
11440  40.698  -59.730  28.343 0.3000000119
11441  40.582  -59.264  28.216 0.3000000119
12091  40.123  -58.448  27.718 0.2000000030
12767  39.817  -57.503  27.509 0.2000000030
10183  40.590  -61.410  27.285 0.2000000030
10829  41.445  -60.408  27.777 0.3000000119
10846  42.000  -60.304  27.343 0.3000000119
9547  42.520  -61.423  26.673 0.2000000030
10856  42.617  -60.608  26.665 0.2000000030
10857  42.240  -60.218  26.737 0.2000000030
10226  43.365  -61.468  23.188 0.2000000030
9665  37.061  -62.766  16.976 0.1000000015
9677  36.767  -62.552  16.390 0.1000000015
120370  43.774  -58.370  16.519 0.1000000015
11433  38.549  -59.432  28.310 0.1000000015
12073  39.726  -58.801  28.477 0.2000000030
12081  40.158  -58.734  28.333 0.2000000030
10818  40.086  -59.825  28.556 0.2000000030
11431  40.163  -59.413  28.530 0.2000000030
10858  38.611  -60.827  26.102 0.1000000015
10197  40.055  -61.730  26.230 0.1000000015
10831  40.127  -60.908  27.962 0.2000000030
10198  39.163  -61.333  25.696 0.1000000015
10205  39.845  -61.874  25.180 0.1000000015
135808  38.917  -62.904  18.794 0.1000000015
9664  37.557  -62.694  17.525 0.1000000015
11549  42.902  -59.656  18.567 0.1000000015
11547  44.468  -58.717  18.197 0.1000000015
12182  44.551  -58.031  18.311 0.1000000015
12853  43.684  -57.349  18.607 0.1000000015
11560  43.529  -59.691  17.830 0.1000000015
12194  44.468  -58.563  17.516 0.1000000015
12196  43.940  -57.937  17.257 0.1000000015
128025  41.818  -57.295  18.158 0.1000000015
12885  40.756  -57.496  17.005 0.1000000015
12872  40.087  -57.349  17.595 0.1000000015
12886  39.775  -57.530  16.755 0.1000000015
13551  38.205  -57.215  16.999 0.1000000015
10832  38.693  -60.194  28.059 0.2000000030
139988  39.353  -61.117  26.891 0.1000000015
12820  42.838  -57.280  20.080 0.1000000015
12823  39.618  -57.138  20.284 0.3000000119
10926  41.444  -60.089  18.973 0.1000000015
11536  42.320  -59.795  19.032 0.1000000015
11534  44.540  -59.239  19.478 0.1000000015
12819  43.715  -57.447  19.817 0.1000000015
12837  41.021  -57.170  19.420 0.2000000030
13511  37.697  -56.291  20.392 0.3000000119
14229  37.178  -55.857  19.982 0.3000000119
9676  37.380  -61.910  16.863 0.1000000015
135232  40.619  -60.439  18.325 0.1000000015
12852  44.375  -57.626  18.653 0.1000000015
121376  41.680  -57.242  18.854 0.1000000015
121007  39.987  -56.961  19.642 0.2000000030
13520  37.791  -56.256  19.602 0.3000000119
128173  40.760  -60.344  17.724 0.1000000015
138477  40.365  -57.235  18.247 0.1000000015
12857  38.794  -56.972  18.369 0.2000000030
14237  37.235  -55.897  19.144 0.3000000119
13541  38.322  -56.955  17.709 0.1000000015
13542  37.555  -56.695  17.411 0.2000000030
14238  36.602  -55.574  18.710 0.4000000060
12887  38.847  -57.534  16.515 0.1000000015
13543  36.792  -56.285  17.433 0.3000000119
130551  35.484  -54.009  25.997 0.1000000015
14156  36.155  -55.503  26.707 0.1000000015
126056  37.428  -52.125  21.837 0.4000000060
14954  36.425  -53.833  21.728 0.4000000060
14218  37.159  -55.785  20.852 0.3000000119
125738  36.423  -54.445  21.211 0.4000000060
14969  36.119  -54.711  19.801 0.4000000060
14961  35.828  -53.906  20.251 0.4000000060
139384  36.183  -55.118  19.105 0.4000000060
14976  35.662  -54.634  19.098 0.5000000000
14246  36.352  -55.787  17.881 0.3000000119
14239  35.782  -55.175  18.397 0.5000000000
12899  37.763  -57.759  15.511 0.2000000030
12888  38.019  -57.455  16.216 0.1000000015
14247  35.601  -55.429  17.447 0.4000000060
12211  39.163  -58.236  15.308 0.1000000015
12212  38.333  -58.226  15.095 0.1000000015
13564  37.257  -57.196  15.927 0.2000000030
13553  36.799  -56.638  16.593 0.2000000030
12218  40.664  -58.507  14.491 0.1000000015
12220  38.965  -58.487  14.537 0.1000000015
12900  36.907  -57.606  15.087 0.2000000030
12226  40.893  -58.606  13.706 0.1000000015
12227  39.811  -58.599  13.937 0.1000000015
17378  38.711  -51.377  21.305 0.4000000060
17377  39.558  -51.619  21.331 0.3000000119
17379  37.716  -51.530  21.461 0.4000000060
15693  36.279  -53.007  21.396 0.4000000060
16477  36.895  -52.662  21.858 0.4000000060
15702  36.090  -53.759  21.027 0.4000000060
16490  36.429  -52.231  21.303 0.4000000060
14970  35.587  -54.132  19.622 0.4000000060
15709  35.088  -53.990  19.089 0.4000000060
15705  35.248  -53.283  19.806 0.4000000060
141238  35.206  -54.549  18.551 0.5000000000
14977  35.052  -54.791  17.839 0.4000000060
13554  35.977  -56.211  16.125 0.3000000119
14255  36.122  -56.050  17.019 0.4000000060
14986  34.959  -54.984  16.954 0.4000000060
12250  37.516  -58.664  13.053 0.2000000030
12229  37.610  -58.458  13.800 0.2000000030
126861  35.724  -56.421  15.285 0.2000000030
139874  38.857  -59.117  13.052 0.1000000015
12228  38.540  -58.790  13.643 0.2000000030
11606  44.468  -59.242  12.203 0.1000000015
17397  38.663  -50.863  20.438 0.4000000060
17396  39.533  -51.176  20.648 0.4000000060
17398  37.221  -51.108  20.889 0.4000000060
139291  35.685  -51.648  20.409 0.4000000060
17399  36.341  -51.469  20.788 0.4000000060
16500  35.345  -52.366  20.260 0.4000000060
15706  34.537  -53.214  19.011 0.4000000060
16501  34.748  -52.400  19.549 0.4000000060
14978  34.534  -53.997  18.265 0.3000000119
14994  34.376  -54.552  16.515 0.4000000060
14987  34.423  -54.371  17.332 0.4000000060
141277  35.226  -55.939  15.014 0.3000000119
14266  35.283  -55.803  15.724 0.3000000119
14257  34.790  -55.209  16.117 0.4000000060
128997  37.447  -58.382  12.058 0.2000000030
124551  36.790  -57.709  12.036 0.2000000030
12913  36.527  -57.740  13.719 0.2000000030
13576  36.136  -57.045  14.763 0.2000000030
11626  38.861  -59.059  11.962 0.2000000030
11038  44.617  -60.013  11.142 0.1000000015
11008  44.453  -59.930  11.923 0.1000000015
12245  44.298  -58.558  11.957 0.1000000015
17394  41.569  -51.735  20.068 0.3000000119
18276  39.410  -50.855  19.802 0.4000000060
118433  40.218  -51.168  20.077 0.3000000119
18277  37.725  -50.648  20.249 0.4000000060
18293  37.278  -50.576  19.261 0.4000000060
18278  36.737  -50.654  20.149 0.4000000060
17413  35.202  -51.577  19.819 0.4000000060
17400  35.871  -50.900  20.015 0.4000000060
16507  34.150  -52.328  18.719 0.4000000060
17414  34.573  -51.596  19.161 0.4000000060
15718  33.903  -53.672  17.516 0.4000000060
15710  33.988  -53.108  18.231 0.3000000119
15022  34.268  -54.206  13.925 0.3000000119
15014  34.095  -54.090  14.555 0.3000000119
15003  33.965  -53.990  15.317 0.3000000119
14995  33.919  -53.998  16.145 0.3000000119
15728  33.489  -53.331  16.714 0.3000000119
13605  36.997  -56.396  11.275 0.2000000030
12943  36.353  -56.882  11.912 0.2000000030
13596  35.599  -56.059  12.715 0.3000000119
14289  34.971  -55.457  13.640 0.2000000030
14267  34.737  -55.277  15.191 0.3000000119
123727  34.325  -54.628  15.715 0.3000000119
137600  37.215  -57.786  11.476 0.2000000030
13585  35.485  -56.202  13.473 0.2000000030
12264  38.247  -58.765  11.603 0.2000000030
119927  42.141  -51.760  18.706 0.3000000119
17420  41.722  -51.776  18.031 0.3000000119
17410  41.458  -51.605  18.947 0.3000000119
17421  40.605  -51.414  18.628 0.4000000060
17411  40.816  -51.377  19.536 0.3000000119
18314  37.907  -51.601  17.466 0.3000000119
17423  38.831  -51.560  17.909 0.4000000060
18315  36.667  -51.005  17.422 0.4000000060
125040  37.245  -50.972  18.079 0.4000000060
18316  36.070  -50.774  17.241 0.4000000060
18294  36.227  -50.673  19.274 0.4000000060
18308  34.800  -50.744  18.134 0.3000000119
18296  34.557  -51.125  18.638 0.4000000060
18295  35.262  -50.905  19.093 0.4000000060
16567  33.129  -52.482  14.520 0.3000000119
16568  32.725  -51.955  15.068 0.2000000030
16550  32.792  -52.157  15.737 0.2000000030
17438  33.283  -51.214  17.062 0.2000000030
16519  33.265  -52.001  17.619 0.3000000119
17424  34.125  -51.578  18.481 0.3000000119
15761  34.320  -53.811  13.328 0.3000000119
15750  33.550  -53.320  14.766 0.3000000119
15738  33.479  -53.351  15.728 0.2000000030
124149  33.075  -52.668  16.141 0.2000000030
16532  33.068  -52.448  16.934 0.2000000030
14313  37.128  -55.592  11.038 0.2000000030
15041  35.871  -54.833  11.641 0.3000000119
15030  35.326  -54.502  12.191 0.3000000119
15020  35.058  -54.983  12.873 0.3000000119
17418  43.491  -51.740  18.281 0.3000000119
138975  43.660  -51.975  19.116 0.3000000119
17409  42.830  -51.829  18.940 0.3000000119
19136  33.820  -50.006  16.184 0.2000000030
19135  34.594  -49.661  16.259 0.2000000030
18325  35.226  -50.098  16.569 0.2000000030
18317  35.134  -50.509  17.146 0.2000000030
19150  33.499  -49.487  15.527 0.2000000030
18328  32.921  -50.886  16.220 0.2000000030
134771  33.366  -50.592  16.478 0.2000000030
18326  34.332  -50.239  16.733 0.2000000030
16497  45.645  -52.511  18.829 0.2000000030
11583  41.322  -58.501  12.932 0.1000000015
11584  40.327  -58.776  13.147 0.1000000015
15781  36.339  -54.317  11.073 0.3000000119
12955  37.536  -57.412  10.938 0.2000000030
11453  40.641  -59.281  27.453 0.3000000119
133233  43.021  -60.446  25.592 0.2000000030
15612  36.009  -53.883  26.423 0.1000000015
130063  38.805  -58.649  28.545 0.2000000030
12755  39.733  -57.917  28.221 0.2000000030
12151  44.538  -57.903  19.842 0.1000000015
16498  44.494  -52.045  18.585 0.3000000119
124270  44.882  -58.236  19.502 0.1000000015
17376  40.305  -51.606  20.908 0.3000000119
12821  41.727  -57.247  20.193 0.3000000119
13504  38.116  -56.782  20.787 0.2000000030
12822  40.602  -57.268  20.215 0.2000000030
11548  44.160  -59.353  18.561 0.1000000015
10167  41.196  -60.881  27.877 0.2000000030
11452  41.215  -59.849  27.884 0.3000000119
10166  41.894  -60.980  27.634 0.1000000015
10845  42.245  -60.811  27.333 0.2000000030
12205  42.799  -57.781  16.846 0.1000000015
11432  39.476  -59.389  28.552 0.2000000030
11550  41.970  -59.759  18.585 0.1000000015
11559  44.304  -59.317  17.548 0.1000000015
12167  44.752  -58.298  19.052 0.1000000015
12854  42.586  -57.259  18.692 0.1000000015
12884  41.800  -57.488  17.352 0.1000000015
12871  40.962  -57.277  17.799 0.1000000015
12856  39.631  -57.177  18.302 0.1000000015
12836  42.154  -57.191  19.455 0.2000000030
13510  38.372  -56.519  20.039 0.3000000119
118516  40.214  -57.081  18.905 0.2000000030
12838  39.119  -56.753  19.793 0.3000000119
14960  36.227  -54.404  20.539 0.4000000060
13519  39.363  -56.913  19.086 0.3000000119
136882  38.477  -56.569  19.183 0.3000000119
13533  37.207  -56.145  18.248 0.3000000119
17380  36.932  -51.829  21.426 0.4000000060
15703  35.695  -53.076  20.691 0.4000000060
12221  38.018  -58.399  14.392 0.2000000030
12907  37.134  -58.055  14.252 0.2000000030
135482  38.009  -50.990  20.937 0.4000000060
16491  35.882  -52.275  20.884 0.4000000060
12930  36.381  -57.561  12.865 0.2000000030
18292  38.429  -50.688  19.554 0.4000000060
14278  35.007  -55.664  14.424 0.3000000119
13577  35.514  -56.373  14.390 0.2000000030
13595  35.886  -56.711  12.777 0.2000000030
18305  39.163  -50.993  18.873 0.4000000060
17412  40.058  -51.073  19.191 0.4000000060
18306  38.168  -50.944  18.555 0.4000000060
15762  33.903  -53.567  13.965 0.3000000119
14314  36.531  -55.974  11.571 0.2000000030
14301  35.932  -56.157  12.106 0.2000000030
17434  40.324  -51.873  17.725 0.4000000060
18307  35.639  -50.679  18.237 0.4000000060
18319  33.784  -50.968  17.557 0.2000000030
17477  32.840  -51.695  14.256 0.2000000030
17478  32.582  -51.179  14.840 0.2000000030
17463  32.675  -51.458  15.747 0.2000000030
16520  32.914  -51.823  16.963 0.2000000030
17435  39.406  -52.087  17.348 0.3000000119
123882  41.031  -51.723  18.106 0.2000000030
16517  40.002  -52.608  16.701 0.3000000119
17419  42.571  -51.699  18.041 0.2000000030
17433  42.132  -52.086  17.173 0.2000000030
10195  42.748  -61.500  26.079 0.1000000015
9576  42.489  -62.115  25.368 0.1000000015
10203  43.121  -61.313  25.168 0.1000000015
12082  37.877  -58.825  27.827 0.1000000015
10855  42.917  -60.915  26.058 0.1000000015
8969  42.039  -63.073  23.111 0.1000000015
10864  43.340  -60.514  24.986 0.1000000015
10214  43.173  -61.578  24.242 0.1000000015
16496  46.648  -52.756  19.080 0.1000000015
16514  46.562  -52.833  17.007 0.1000000015
16506  45.392  -52.348  17.680 0.1000000015
17417  44.212  -51.930  17.718 0.1000000015
16515  45.540  -52.694  16.627 0.1000000015
17432  43.265  -51.971  17.183 0.1000000015
17431  44.455  -52.310  16.839 0.1000000015
17443  43.516  -52.830  16.075 0.1000000015
16516  41.075  -52.241  17.179 0.2000000030
17444  42.563  -52.711  16.419 0.1000000015
16529  42.401  -53.578  15.452 0.2000000030
130015  38.510  -52.202  16.898 0.2000000030
15736  41.278  -53.723  14.674 0.2000000030
16530  40.691  -53.050  16.151 0.2000000030
141643  40.073  -53.138  16.012 0.2000000030
16518  39.086  -52.631  16.506 0.2000000030
17475  41.272  -52.987  14.367 0.2000000030
16545  40.887  -53.535  14.793 0.2000000030
16547  39.063  -52.642  15.435 0.2000000030
17436  37.705  -52.129  16.423 0.2000000030
17437  37.150  -51.540  16.961 0.2000000030
17448  36.697  -51.219  16.576 0.2000000030
18323  36.758  -50.531  16.084 0.1000000015
16564  41.794  -53.623  14.659 0.2000000030
16548  38.300  -52.308  15.662 0.2000000030
17446  37.715  -52.166  15.846 0.2000000030
17461  37.370  -51.809  15.852 0.1000000015
19148  38.464  -50.428  15.704 0.1000000015
17462  36.922  -51.337  16.040 0.1000000015
122973  47.378  -52.593  17.495 0.1000000015
16505  46.595  -52.655  18.105 0.1000000015
126130  47.082  -53.038  16.530 0.1000000015
125862  46.239  -53.323  15.879 0.1000000015
16527  44.806  -53.086  15.837 0.1000000015
17445  41.650  -52.954  16.278 0.2000000030
16546  40.016  -53.064  15.118 0.2000000030
15782  35.646  -53.894  11.532 0.2000000030
15769  34.494  -53.368  12.612 0.2000000030
15768  35.058  -53.701  12.137 0.2000000030
15801  36.092  -53.608  10.899 0.2000000030
16600  34.953  -52.514  11.437 0.2000000030
15770  33.856  -52.941  13.212 0.2000000030
15783  34.786  -53.069  12.016 0.2000000030
16590  34.212  -52.502  12.226 0.2000000030
16617  35.608  -52.266  10.686 0.2000000030
16580  33.298  -52.248  13.697 0.2000000030
17497  33.832  -51.693  12.117 0.1000000015
17507  34.378  -51.749  11.599 0.2000000030
16591  33.560  -51.991  12.819 0.2000000030
17488  33.075  -51.414  13.398 0.2000000030
19196  34.193  -49.345  11.784 0.1000000015
19183  33.558  -49.502  12.400 0.1000000015
117904  33.352  -50.223  12.589 0.1000000015
20016  34.665  -48.519  11.887 0.1000000015
20015  35.594  -48.276  11.676 0.1000000015
16543  42.799  -53.888  14.825 0.1000000015
132465  33.041  -49.441  14.371 0.1000000015
20002  33.421  -48.874  13.053 0.1000000015
19170  33.152  -49.199  13.787 0.1000000015
139778  34.382  -48.042  12.374 0.1000000015
20001  33.887  -48.673  12.332 0.1000000015
20821  35.330  -47.057  12.253 0.1000000015
20822  34.556  -47.398  12.593 0.1000000015
21628  35.204  -46.216  11.958 0.1000000015
17474  42.336  -52.954  14.273 0.1000000015
17472  44.851  -52.752  13.552 0.1000000015
17473  43.540  -52.926  13.907 0.1000000015
19960  34.186  -48.979  15.797 0.1000000015
19162  32.864  -49.923  14.787 0.1000000015
19988  33.328  -48.312  13.844 0.1000000015
19976  33.369  -48.367  14.721 0.1000000015
20806  34.131  -47.111  13.296 0.1000000015
22428  34.561  -45.456  11.980 0.1000000015
22415  34.234  -45.447  12.902 0.1000000015
18343  43.905  -51.645  14.093 0.1000000015
17476  40.517  -52.918  14.597 0.1000000015
21578  34.436  -46.389  16.477 0.1000000015
123317  34.498  -48.113  16.205 0.1000000015
21596  33.943  -45.981  15.723 0.1000000015
21579  33.885  -47.002  15.980 0.1000000015
20788  33.639  -47.711  15.318 0.1000000015
20780  34.004  -47.892  15.872 0.1000000015
22378  34.243  -45.086  15.659 0.1000000015
21606  33.755  -46.868  15.077 0.1000000015
23184  33.973  -44.021  14.491 0.1000000015
22395  33.986  -45.271  14.901 0.1000000015
21619  33.824  -46.890  14.093 0.1000000015
24912  34.211  -42.316  13.829 0.1000000015
23200  33.759  -44.039  13.808 0.1000000015
22406  34.027  -45.427  13.887 0.1000000015
24010  33.662  -43.338  13.549 0.1000000015
18344  42.829  -51.870  14.368 0.1000000015
17456  41.752  -52.025  14.474 0.1000000015
20778  35.149  -47.826  16.626 0.1000000015
131585  35.009  -42.665  14.876 0.1000000015
23183  34.194  -44.405  15.108 0.1000000015
24893  34.418  -42.826  14.544 0.1000000015
19959  34.890  -48.832  16.248 0.1000000015
17506  35.005  -51.606  10.958 0.1000000015
18383  34.614  -50.101  11.305 0.1000000015
23211  33.869  -44.737  13.292 0.1000000015
119269  34.008  -44.641  12.206 0.1000000015
20779  34.442  -47.294  16.430 0.1000000015
13636  43.952  -56.273  7.701 0.1000000015
14354  45.034  -55.875  7.393 0.1000000015
13654  44.887  -56.859  7.303 0.1000000015
12983  44.616  -57.729  7.361 0.1000000015
11690  43.769  -58.771  6.853 0.1000000015
11089  42.132  -59.879  6.991 0.1000000015
127496  41.148  -61.137  6.595 0.1000000015
13655  44.035  -57.261  7.709 0.1000000015
12313  44.816  -57.697  6.556 0.1000000015
12314  44.371  -58.299  7.185 0.1000000015
14341  44.195  -55.320  8.043 0.1000000015
15080  43.318  -54.776  8.691 0.1000000015
14343  42.043  -55.979  8.553 0.1000000015
12973  43.063  -57.624  8.278 0.1000000015
12972  44.297  -57.975  8.074 0.1000000015
14340  45.392  -54.903  7.551 0.1000000015
13622  41.137  -56.067  8.929 0.1000000015
138796  40.772  -56.761  8.811 0.1000000015
15079  44.645  -54.214  8.349 0.1000000015
15066  43.333  -53.891  8.919 0.1000000015
123060  43.103  -53.011  9.294 0.1000000015
15826  45.827  -53.158  7.940 0.1000000015
15827  44.443  -52.914  8.661 0.1000000015
14342  43.053  -55.710  8.340 0.1000000015
10446  41.181  -61.020  5.645 0.1000000015
3976  33.988  -71.259  26.221 0.1000000015
4480  34.438  -70.757  26.817 0.1000000015
4512  34.239  -70.790  26.296 0.1000000015
5050  33.433  -69.725  28.325 0.1000000015
5062  33.766  -70.415  27.723 0.1000000015
5080  34.503  -70.476  26.567 0.1000000015
5094  33.584  -70.386  25.844 0.1000000015
5627  35.862  -68.634  26.821 0.1000000015
5644  35.101  -69.180  26.567 0.1000000015
6209  33.921  -68.045  30.881 0.1000000015
6252  36.440  -67.853  27.226 0.1000000015
6271  29.797  -67.605  26.261 0.1000000015
6284  33.813  -67.886  25.876 0.1000000015
6855  34.858  -66.726  32.762 0.1000000015
6856  34.388  -66.844  32.854 0.1000000015
6901  36.977  -66.764  27.653 0.1000000015
6915  36.585  -67.300  26.892 0.1000000015
6967  28.465  -66.684  21.862 0.1000000015
7008  30.274  -66.494  19.632 0.1000000015
7009  29.958  -66.397  20.344 0.1000000015
7021  32.151  -66.740  17.992 0.1000000015
7524  37.317  -65.193  30.486 0.1000000015
7555  37.155  -66.200  27.903 0.1000000015
7558  26.511  -65.524  27.323 0.1000000015
7566  36.201  -66.405  26.783 0.1000000015
7579  34.154  -65.438  25.645 0.1000000015
7583  30.607  -65.484  25.750 0.1000000015
7623  27.761  -65.369  22.327 0.1000000015
7685  30.991  -65.989  18.108 0.1000000015
7686  30.581  -65.512  18.301 0.1000000015
7696  31.908  -65.323  17.640 0.1000000015
8139  35.110  -64.949  35.354 0.1000000015
8153  35.138  -65.209  35.115 0.1000000015
8200  37.955  -65.001  29.756 0.1000000015
8205  37.701  -65.048  29.427 0.1000000015
8222  37.224  -65.023  28.805 0.1000000015
8228  36.533  -65.469  27.590 0.1000000015
8230  26.759  -64.745  27.062 0.1000000015
8240  26.273  -64.225  26.685 0.1000000015
8254  33.031  -64.606  25.136 0.1000000015
8258  25.191  -64.208  25.940 0.1000000015
8270  33.158  -64.128  24.995 0.1000000015
8271  32.593  -64.169  24.822 0.1000000015
8317  28.471  -64.474  21.286 0.1000000015
8329  40.641  -64.853  20.226 0.1000000015
8360  31.393  -64.656  17.595 0.1000000015
8904  34.745  -63.657  27.398 0.1000000015
8916  27.877  -62.953  25.920 0.1000000015
8945  32.874  -63.455  24.641 0.1000000015
8947  31.648  -63.304  24.552 0.1000000015
8949  26.531  -63.232  24.812 0.1000000015
8963  27.128  -63.607  23.344 0.1000000015
9001  40.605  -64.085  19.919 0.1000000015
9002  40.180  -64.058  19.410 0.1000000015
9004  34.652  -63.837  19.515 0.1000000015
9016  38.633  -63.626  18.543 0.1000000015
9018  33.471  -63.817  18.505 0.1000000015
9021  29.679  -63.336  18.490 0.1000000015
9029  36.661  -63.317  16.654 0.1000000015
9030  32.335  -63.639  17.714 0.1000000015
9523  35.405  -62.810  29.709 0.1000000015
9566  27.697  -62.533  25.336 0.1000000015
9567  26.985  -62.755  25.123 0.1000000015
9584  29.367  -61.916  24.494 0.1000000015
9590  42.491  -62.451  23.750 0.1000000015
9594  32.091  -62.029  23.531 0.1000000015
9603  28.424  -62.647  22.213 0.1000000015
9629  29.015  -62.842  20.612 0.1000000015
9645  34.393  -63.268  19.173 0.1000000015
9668  31.036  -63.135  17.547 0.1000000015
10168  33.238  -61.583  27.298 0.1000000015
10181  42.285  -61.206  27.268 0.2000000030
10182  41.653  -61.377  27.429 0.1000000015
10219  31.541  -61.555  23.112 0.1000000015
10246  29.743  -61.805  21.502 0.1000000015
10272  42.641  -60.987  20.210 0.2000000030
10278  29.454  -61.192  19.020 0.1000000015
10285  38.688  -61.321  17.698 0.2000000030
10289  30.113  -61.725  18.020 0.1000000015
10290  29.838  -61.208  18.377 0.1000000015
10296  38.192  -61.266  17.029 0.2000000030
10297  31.637  -61.475  17.669 0.1000000015
10302  42.874  -61.150  16.127 0.1000000015
10306  37.821  -61.423  16.279 0.2000000030
10322  43.009  -61.372  15.085 0.1000000015
10778  40.149  -62.212  32.075 0.1000000015
10819  39.286  -59.890  28.516 0.2000000030
10830  40.650  -60.312  28.309 0.2000000030
10844  42.645  -61.026  26.860 0.2000000030
10865  42.576  -60.360  26.045 0.2000000030
10868  32.369  -61.151  23.592 0.1000000015
10879  44.207  -60.023  22.745 0.2000000030
10891  44.304  -60.050  21.789 0.2000000030
10917  41.534  -60.772  19.607 0.2000000030
10918  40.605  -60.786  19.046 0.2000000030
10927  39.885  -60.946  18.324 0.3000000119
10944  41.371  -60.012  18.207 0.1000000015
10989  44.279  -59.732  12.776 0.1000000015
11021  44.070  -60.511  11.533 0.1000000015
11104  41.550  -60.455  6.341 0.1000000015
11455  37.635  -59.052  27.128 0.1000000015
11483  31.552  -60.163  23.435 0.1000000015
11494  31.211  -60.230  22.837 0.1000000015
11495  30.692  -59.827  22.397 0.1000000015
11533  44.778  -58.573  19.533 0.1000000015
11552  33.266  -59.214  18.477 0.1000000015
11555  29.862  -59.759  18.822 0.1000000015
11561  42.289  -59.773  17.972 0.1000000015
11585  39.440  -58.949  13.209 0.1000000015
11608  39.847  -58.947  12.643 0.1000000015
11609  39.178  -59.101  12.564 0.2000000030
11623  44.610  -59.267  11.550 0.1000000015
11639  44.651  -59.271  10.858 0.1000000015
11641  41.639  -58.645  10.658 0.1000000015
11642  40.685  -58.799  10.715 0.1000000015
11663  40.955  -58.732  10.038 0.1000000015
11713  42.847  -59.300  6.330 0.1000000015
12065  31.796  -58.289  29.007 0.1000000015
12072  40.315  -59.249  28.412 0.2000000030
12074  37.997  -58.269  28.298 0.1000000015
12075  31.411  -58.236  28.450 0.1000000015
12092  37.338  -58.412  27.096 0.1000000015
12105  30.005  -58.178  25.200 0.1000000015
12112  37.101  -58.940  25.887 0.1000000015
12123  29.688  -58.542  23.036 0.1000000015
12140  44.525  -58.315  20.690 0.2000000030
12150  44.781  -58.462  19.990 0.2000000030
12168  44.719  -57.924  19.094 0.1000000015
12169  34.032  -58.478  19.528 0.1000000015
12171  30.152  -58.339  19.283 0.1000000015
12183  32.938  -58.418  18.661 0.1000000015
12195  44.432  -58.161  17.600 0.1000000015
12224  43.098  -58.447  13.451 0.2000000030
12246  43.839  -58.363  12.738 0.2000000030
12248  42.066  -58.270  12.562 0.2000000030
12249  38.289  -59.020  12.570 0.1000000015
12279  39.320  -58.636  10.532 0.2000000030
12281  37.736  -58.161  11.161 0.2000000030
12294  41.335  -58.465  9.397 0.1000000015
12295  40.481  -58.394  9.563 0.1000000015
12296  39.667  -58.258  9.811 0.2000000030
12701  33.660  -57.219  32.332 0.1000000015
12772  29.957  -57.252  26.503 0.1000000015
12782  29.691  -57.504  25.190 0.1000000015
12796  35.453  -57.443  23.612 0.1000000015
12804  29.408  -57.211  22.252 0.1000000015
12824  38.778  -57.009  20.452 0.2000000030
12834  44.177  -57.464  19.180 0.1000000015
12835  43.213  -57.240  19.307 0.1000000015
12842  30.388  -57.592  19.510 0.1000000015
12855  40.987  -57.204  18.558 0.1000000015
12869  44.119  -57.740  18.053 0.1000000015
12870  43.013  -57.474  17.822 0.1000000015
12873  39.075  -57.299  17.473 0.1000000015
12908  36.496  -57.565  14.328 0.2000000030
12912  36.947  -58.172  13.417 0.2000000030
12929  36.928  -58.172  12.676 0.2000000030
12942  36.971  -57.177  11.385 0.2000000030
12954  38.220  -57.684  10.613 0.2000000030
12965  39.395  -57.416  9.640 0.2000000030
12982  45.147  -57.137  6.739 0.1000000015
13451  31.027  -56.748  29.048 0.1000000015
13462  29.674  -55.779  26.897 0.1000000015
13473  29.743  -56.618  26.637 0.1000000015
13496  37.240  -56.375  23.028 0.5000000000
13502  29.411  -56.354  22.336 0.1000000015
13514  31.046  -56.188  20.082 0.1000000015
13521  32.869  -57.011  19.420 0.1000000015
13522  32.276  -56.440  19.669 0.1000000015
13523  31.501  -56.619  19.603 0.1000000015
13524  30.689  -56.849  19.761 0.1000000015
13532  37.767  -56.276  18.890 0.3000000119
13552  37.543  -57.070  16.631 0.1000000015
13565  36.462  -56.850  15.633 0.2000000030
13584  35.970  -57.106  13.734 0.2000000030
13611  38.156  -56.734  10.425 0.2000000030
13612  37.398  -56.792  10.908 0.2000000030
13637  42.887  -56.657  8.072 0.1000000015
13638  41.702  -56.954  8.409 0.1000000015
14097  32.383  -55.593  31.283 0.1000000015
14114  31.464  -55.810  30.028 0.1000000015
14162  44.652  -55.616  25.999 0.5000000000
14173  44.027  -55.674  25.595 0.5000000000
14182  29.297  -55.616  23.877 0.1000000015
14200  34.123  -55.884  22.744 0.1000000015
14203  29.438  -55.545  22.498 0.1000000015
14210  33.704  -56.068  21.579 0.1000000015
14219  36.640  -55.136  20.482 0.4000000060
14220  33.251  -55.989  20.828 0.1000000015
14222  31.487  -55.511  20.362 0.1000000015
14230  36.671  -55.404  19.520 0.4000000060
14256  35.440  -55.627  16.558 0.4000000060
14279  34.489  -54.898  14.305 0.3000000119
14288  35.316  -55.639  12.995 0.3000000119
14302  35.556  -55.428  12.276 0.2000000030
14315  36.056  -55.552  11.739 0.2000000030
14331  41.507  -55.261  9.112 0.1000000015
14353  45.750  -55.298  6.783 0.1000000015
14863  29.735  -54.429  27.924 0.1000000015
14946  36.731  -54.126  22.466 0.5000000000
14962  31.656  -54.892  20.775 0.1000000015
15002  34.283  -54.610  15.012 0.3000000119
15021  34.636  -54.596  13.477 0.3000000119
15031  34.846  -54.143  12.790 0.2000000030
15040  36.546  -55.142  11.303 0.3000000119
15053  37.978  -54.429  10.168 0.3000000119
15070  38.731  -54.508  9.767 0.3000000119
15604  45.494  -54.506  26.386 0.5000000000
15605  44.573  -54.670  26.563 0.5000000000
15644  29.392  -52.773  23.770 0.1000000015
15686  29.697  -53.310  22.799 0.1000000015
15695  31.258  -53.763  21.679 0.1000000015
15711  33.690  -52.430  18.091 0.3000000119
15719  33.494  -52.856  17.553 0.4000000060
15727  33.933  -54.053  16.865 0.3000000119
15737  40.983  -53.463  14.585 0.2000000030
15800  37.713  -53.511  10.001 0.3000000119
15802  35.587  -53.087  11.055 0.2000000030
15815  39.141  -53.005  9.529 0.2000000030
15816  38.343  -53.066  9.628 0.3000000119
16369  47.067  -52.767  26.321 0.5000000000
16411  42.846  -52.050  24.622 0.5000000000
16417  34.810  -52.859  25.074 0.1000000015
16437  30.007  -52.018  23.010 0.1000000015
16455  38.607  -52.564  22.428 0.5000000000
16456  37.667  -52.644  22.288 0.5000000000
16459  29.953  -52.702  22.695 0.1000000015
16474  39.978  -52.117  21.683 0.3000000119
16508  33.734  -51.949  18.194 0.3000000119
16531  39.528  -53.107  15.976 0.2000000030
16533  32.791  -52.007  16.372 0.2000000030
16544  41.672  -53.800  14.832 0.2000000030
16549  33.068  -52.670  15.322 0.2000000030
16563  43.200  -53.540  14.463 0.1000000015
16565  40.470  -53.166  14.717 0.2000000030
17275  47.608  -51.315  26.549 0.2000000030
17373  47.842  -51.937  21.679 0.2000000030
17395  40.818  -51.544  20.287 0.3000000119
17422  39.771  -51.406  18.274 0.3000000119
17425  33.708  -51.463  17.861 0.2000000030
17447  37.163  -51.824  16.133 0.2000000030
17449  32.854  -51.474  16.505 0.2000000030
17460  37.811  -51.978  15.615 0.2000000030
17498  33.407  -51.049  12.463 0.1000000015
17508  33.941  -51.080  11.743 0.2000000030
18249  38.783  -50.084  22.909 0.2000000030
18304  46.759  -50.318  18.407 0.2000000030
18309  34.159  -51.058  18.079 0.3000000119
18318  34.240  -50.657  17.478 0.2000000030
18324  36.228  -50.591  16.554 0.1000000015
18327  33.766  -50.624  16.952 0.2000000030
18336  37.361  -51.371  15.774 0.1000000015
18337  33.195  -50.226  15.860 0.1000000015
18338  32.748  -50.560  15.358 0.2000000030
18345  32.697  -50.518  14.610 0.2000000030
18358  33.062  -50.561  13.260 0.1000000015
18359  32.715  -50.899  14.044 0.2000000030
18382  35.195  -50.683  10.802 0.3000000119
18384  33.791  -50.275  11.881 0.1000000015
18408  38.750  -50.632  10.091 0.1000000015
18409  38.198  -51.060  9.823 0.1000000015
19027  46.986  -49.348  25.056 0.1000000015
19043  41.670  -49.616  23.466 0.2000000030
19070  37.577  -49.572  22.429 0.1000000015
19124  44.806  -49.426  17.755 0.1000000015
19151  33.035  -49.875  15.299 0.2000000030
19161  33.217  -49.224  14.923 0.1000000015
19171  32.901  -50.028  14.002 0.1000000015
19194  37.078  -48.597  11.215 0.1000000015
19852  42.138  -48.153  24.416 0.2000000030
19930  42.334  -48.881  19.826 0.1000000015
19967  33.633  -48.598  15.345 0.1000000015
20029  38.847  -47.808  10.303 0.1000000015
20030  38.252  -47.964  10.859 0.1000000015
20634  47.958  -48.232  26.198 0.1000000015
20654  41.171  -46.937  25.349 0.2000000030
20678  40.892  -47.582  24.102 0.2000000030
20692  39.437  -47.713  22.863 0.1000000015
20695  36.626  -46.827  21.816 0.1000000015
20798  33.528  -47.601  14.462 0.1000000015
20807  33.639  -47.562  13.726 0.1000000015
20823  33.807  -47.971  13.006 0.1000000015
20836  35.107  -47.775  12.110 0.1000000015
20845  38.307  -47.470  10.295 0.1000000015
21436  31.249  -45.965  26.439 0.1000000015
21481  38.485  -46.429  23.932 0.1000000015
21502  37.769  -46.767  22.446 0.1000000015
21505  34.511  -46.267  22.089 0.1000000015
21521  35.894  -46.842  21.707 0.1000000015
21577  35.053  -46.800  16.933 0.1000000015
21605  33.936  -46.102  14.545 0.1000000015
21618  34.232  -46.240  13.461 0.1000000015
21629  34.652  -46.683  12.662 0.1000000015
21643  36.511  -46.494  11.048 0.1000000015
21652  37.448  -46.789  10.245 0.1000000015
21654  36.316  -45.920  10.298 0.1000000015
22246  31.894  -44.898  25.895 0.1000000015
22247  31.583  -45.336  26.363 0.1000000015
22253  41.114  -45.745  25.692 0.2000000030
22256  38.887  -45.587  25.227 0.1000000015
22262  47.966  -45.945  24.728 0.1000000015
22272  34.955  -44.877  24.155 0.1000000015
22275  32.441  -45.399  24.461 0.1000000015
22289  49.332  -45.684  22.397 0.1000000015
22291  34.938  -45.631  22.643 0.1000000015
23050  31.810  -44.715  26.732 0.1000000015
23053  40.006  -44.986  25.219 0.1000000015
23074  32.780  -44.740  24.766 0.1000000015
23085  40.975  -44.021  23.893 0.1000000015
23199  33.916  -44.665  14.242 0.1000000015
23970  34.843  -43.200  15.216 0.1000000015
23988  34.298  -43.578  14.907 0.1000000015
23989  33.919  -43.411  14.275 0.1000000015
24799  38.351  -42.411  24.637 0.1000000015
24804  41.358  -42.733  23.292 0.1000000015
24894  33.895  -42.852  13.980 0.1000000015
25791  34.914  -42.135  14.268 0.1000000015
117995  29.503  -54.790  22.763 0.1000000015
118233  29.265  -53.048  26.080 0.1000000015
118265  40.356  -53.284  15.487 0.2000000030
119801  35.701  -42.557  25.899 0.1000000015
119864  35.095  -49.115  11.383 0.1000000015
119933  30.143  -64.079  18.160 0.1000000015
119955  39.708  -59.020  11.884 0.3000000119
120040  47.426  -53.314  22.844 0.5000000000
120410  38.141  -47.397  22.261 0.1000000015
120699  44.669  -58.817  18.967 0.1000000015
121170  36.535  -50.947  10.178 0.2000000030
122006  38.104  -49.404  10.705 0.1000000015
122120  33.401  -67.009  25.640 0.1000000015
122238  33.209  -49.724  13.170 0.1000000015
122428  35.400  -56.509  25.025 0.1000000015
122498  33.529  -52.922  14.028 0.3000000119
122650  33.216  -60.010  18.282 0.1000000015
122726  29.706  -61.775  20.729 0.1000000015
122743  39.237  -52.151  9.547 0.2000000030
122767  36.476  -50.702  18.352 0.4000000060
122938  29.223  -52.445  25.786 0.1000000015
123620  42.065  -53.038  9.480 0.2000000030
124061  41.549  -60.231  17.518 0.1000000015
125051  36.601  -52.665  25.629 0.1000000015
125291  33.197  -48.895  14.331 0.1000000015
125584  34.507  -50.988  11.263 0.1000000015
126142  41.236  -53.536  15.412 0.2000000030
126848  29.098  -65.932  26.510 0.1000000015
126921  42.752  -60.911  16.489 0.1000000015
127177  42.250  -51.819  19.465 0.3000000119
128142  36.509  -48.834  21.977 0.1000000015
128481  34.084  -44.051  24.884 0.1000000015
129535  32.208  -56.890  30.409 0.1000000015
129804  37.908  -57.022  21.722 0.4000000060
129897  32.529  -58.957  18.333 0.1000000015
130612  33.514  -64.681  25.368 0.1000000015
130616  36.523  -54.470  21.903 0.5000000000
130756  40.116  -57.043  9.108 0.1000000015
130821  33.846  -69.602  26.082 0.1000000015
131051  38.041  -56.562  18.288 0.2000000030
131605  38.484  -57.258  21.084 0.3000000119
131816  33.680  -43.978  12.932 0.1000000015
132008  36.244  -52.928  10.546 0.3000000119
132484  32.879  -62.027  18.091 0.1000000015
132609  37.154  -44.633  25.049 0.1000000015
133275  34.632  -43.842  15.443 0.1000000015
134305  36.256  -45.510  23.653 0.1000000015
134373  34.541  -62.118  29.384 0.1000000015
134542  38.429  -52.597  15.968 0.2000000030
135062  43.178  -57.802  21.207 0.4000000060
135193  42.753  -61.180  26.505 0.1000000015
135374  48.920  -45.912  23.805 0.1000000015
135581  41.891  -54.525  9.308 0.2000000030
135642  29.309  -54.086  24.806 0.1000000015
135699  44.440  -59.094  17.390 0.1000000015
136247  35.530  -57.663  22.945 0.1000000015
136373  35.220  -53.244  11.648 0.2000000030
136566  37.596  -58.072  14.885 0.1000000015
136895  41.637  -58.550  11.446 0.2000000030
137221  27.001  -64.525  23.156 0.1000000015
137645  29.338  -62.274  20.371 0.1000000015
138115  33.140  -62.498  24.889 0.1000000015
138353  40.363  -41.830  23.776 0.1000000015
138412  39.658  -60.369  28.355 0.2000000030
138862  38.691  -42.924  24.409 0.1000000015
139276  39.160  -60.675  27.712 0.2000000030
139748  25.718  -63.878  25.640 0.1000000015
140263  34.344  -64.250  26.037 0.1000000015
140413  35.213  -55.961  13.985 0.3000000119
140457  39.907  -46.210  25.383 0.1000000015
141081  38.649  -56.523  28.439 0.3000000119
141539  34.626  -46.045  12.626 0.1000000015
141659  38.283  -58.830  28.276 0.1000000015
141719  29.299  -53.541  24.976 0.1000000015
141803  30.284  -59.333  18.651 0.1000000015
141935  30.794  -59.737  22.903 0.1000000015
142145  29.364  -53.019  26.627 0.1000000015
142204  34.195  -50.625  11.533 0.1000000015
