#!ascii label  , from subject sub_0001 vox2ras=TkReg
250
15622  43.988  -53.602  26.126 0.0000000000
12130  38.896  -58.160  22.399 0.0000000000
14893  37.588  -54.343  26.905 0.0000000000
14176  40.742  -55.877  25.417 0.0000000000
10167  41.196  -60.881  27.877 0.0000000000
12746  38.454  -57.706  28.535 0.0000000000
10859  37.995  -60.244  25.747 0.0000000000
13487  38.170  -56.513  24.632 0.0000000000
15661  39.471  -53.839  23.338 0.0000000000
15625  40.584  -53.632  26.149 0.0000000000
14139  40.508  -55.755  27.651 0.0000000000
12767  39.817  -57.503  27.509 0.0000000000
11470  40.621  -59.584  25.502 0.0000000000
10203  43.121  -61.313  25.168 0.0000000000
17335  42.776  -50.430  23.931 0.0000000000
17314  39.277  -51.772  24.383 0.0000000000
17296  36.614  -52.050  25.211 0.0000000000
14932  42.685  -54.779  23.795 0.0000000000
12102  36.909  -58.211  26.175 0.0000000000
12793  38.117  -57.665  23.604 0.0000000000
127754  37.563  -54.931  23.624 0.0000000000
15609  39.448  -53.988  26.721 0.0000000000
131136  39.162  -55.391  27.852 0.0000000000
11432  39.476  -59.389  28.552 0.0000000000
12745  39.218  -57.877  28.572 0.0000000000
11441  40.582  -59.264  28.216 0.0000000000
12099  39.914  -58.750  26.529 0.0000000000
10846  42.000  -60.304  27.343 0.0000000000
134913  43.678  -60.146  24.251 0.0000000000
18230  37.548  -50.610  23.630 0.0000000000
16416  37.986  -52.033  24.959 0.0000000000
18208  36.328  -50.867  24.407 0.0000000000
14165  42.346  -56.179  26.624 0.0000000000
14919  41.745  -55.516  24.647 0.0000000000
16454  39.579  -52.622  22.346 0.0000000000
16452  41.397  -53.126  22.019 0.0000000000
14143  36.634  -55.740  27.178 0.0000000000
14128  38.084  -56.208  28.254 0.0000000000
12757  37.012  -57.060  27.494 0.0000000000
11442  38.025  -59.656  27.570 0.0000000000
139988  39.353  -61.117  26.891 0.0000000000
14168  39.271  -56.150  25.429 0.0000000000
14920  40.273  -55.255  24.544 0.0000000000
14922  38.286  -54.933  24.175 0.0000000000
15662  38.483  -53.716  23.315 0.0000000000
12811  40.071  -57.677  20.898 0.0000000000
15624  42.112  -53.748  26.259 0.0000000000
14154  41.930  -55.976  27.202 0.0000000000
14155  40.513  -56.330  27.136 0.0000000000
14126  39.219  -56.508  28.357 0.0000000000
13458  39.718  -56.544  28.065 0.0000000000
13479  39.771  -56.636  26.319 0.0000000000
12778  39.149  -57.531  25.626 0.0000000000
12111  38.906  -58.146  24.849 0.0000000000
141815  39.877  -59.061  23.677 0.0000000000
9547  42.520  -61.423  26.673 0.0000000000
133233  43.021  -60.446  25.592 0.0000000000
11479  41.963  -59.545  23.941 0.0000000000
12128  40.809  -58.619  22.342 0.0000000000
132453  45.005  -51.919  25.350 0.0000000000
16410  43.684  -52.018  24.777 0.0000000000
17336  41.671  -51.182  23.808 0.0000000000
16412  41.374  -52.566  24.850 0.0000000000
16414  39.706  -52.375  24.920 0.0000000000
16393  38.363  -52.658  25.425 0.0000000000
15628  37.075  -53.131  25.963 0.0000000000
16395  35.848  -52.517  25.464 0.0000000000
15612  36.009  -53.883  26.423 0.0000000000
15659  41.303  -54.301  23.199 0.0000000000
15621  44.991  -53.621  26.211 0.0000000000
135533  38.513  -58.139  23.126 0.0000000000
12794  37.612  -57.051  23.365 0.0000000000
14892  38.601  -54.140  26.832 0.0000000000
135542  39.564  -54.682  27.401 0.0000000000
14875  38.439  -54.844  27.430 0.0000000000
10818  40.086  -59.825  28.556 0.0000000000
11431  40.163  -59.413  28.530 0.0000000000
11440  40.698  -59.730  28.343 0.0000000000
11452  41.215  -59.849  27.884 0.0000000000
10829  41.445  -60.408  27.777 0.0000000000
10225  43.930  -60.537  23.240 0.0000000000
18207  37.153  -50.936  24.290 0.0000000000
130353  41.656  -56.002  25.596 0.0000000000
138255  41.068  -55.530  24.757 0.0000000000
16473  40.640  -52.160  21.412 0.0000000000
13460  36.933  -56.341  27.496 0.0000000000
124792  36.550  -57.003  26.861 0.0000000000
11454  37.634  -59.534  26.444 0.0000000000
12101  37.301  -58.835  26.548 0.0000000000
10847  38.377  -60.409  27.007 0.0000000000
10858  38.611  -60.827  26.102 0.0000000000
137610  38.538  -56.111  24.941 0.0000000000
14178  38.754  -55.581  24.775 0.0000000000
14179  37.929  -55.692  24.300 0.0000000000
14937  37.955  -54.282  23.592 0.0000000000
15663  37.757  -53.745  23.114 0.0000000000
15680  38.037  -53.155  22.862 0.0000000000
15608  41.351  -54.062  26.606 0.0000000000
129832  41.170  -56.020  27.264 0.0000000000
13450  38.173  -56.919  28.444 0.0000000000
13449  38.890  -57.088  28.598 0.0000000000
12755  39.733  -57.917  28.221 0.0000000000
117971  39.825  -57.128  28.020 0.0000000000
13469  39.954  -56.793  27.470 0.0000000000
12768  39.615  -57.180  26.491 0.0000000000
12777  39.585  -57.923  26.657 0.0000000000
11462  40.344  -59.347  26.287 0.0000000000
12110  39.694  -58.965  25.314 0.0000000000
129980  39.332  -58.797  24.191 0.0000000000
132194  40.146  -59.331  24.454 0.0000000000
8307  40.768  -65.010  23.130 0.0000000000
118723  42.684  -62.094  24.649 0.0000000000
9591  41.973  -62.831  24.435 0.0000000000
9576  42.489  -62.115  25.368 0.0000000000
10195  42.748  -61.500  26.079 0.0000000000
10856  42.617  -60.608  26.665 0.0000000000
10855  42.917  -60.915  26.058 0.0000000000
11477  43.769  -59.770  23.818 0.0000000000
11478  43.325  -59.600  24.022 0.0000000000
11489  42.737  -59.044  23.224 0.0000000000
11490  41.348  -59.015  23.091 0.0000000000
12127  41.954  -58.638  22.392 0.0000000000
17294  45.093  -51.052  25.317 0.0000000000
18205  44.149  -50.655  24.711 0.0000000000
17309  44.288  -51.544  24.857 0.0000000000
17310  43.400  -51.174  24.389 0.0000000000
17338  39.778  -51.232  23.742 0.0000000000
18228  40.312  -50.503  23.411 0.0000000000
17337  40.693  -51.231  23.760 0.0000000000
17312  41.047  -51.949  24.298 0.0000000000
17313  40.161  -51.906  24.277 0.0000000000
16413  40.587  -52.538  24.884 0.0000000000
17295  37.279  -51.862  24.987 0.0000000000
16394  37.397  -52.482  25.411 0.0000000000
133411  37.866  -53.073  25.808 0.0000000000
15642  34.443  -53.300  24.779 0.0000000000
15631  35.036  -53.510  25.362 0.0000000000
15630  35.637  -53.329  25.796 0.0000000000
14935  39.887  -54.543  23.881 0.0000000000
14934  40.932  -54.936  23.919 0.0000000000
15660  40.435  -54.106  23.255 0.0000000000
16451  42.055  -53.269  21.975 0.0000000000
12788  37.922  -57.113  24.174 0.0000000000
15626  39.779  -53.570  26.103 0.0000000000
134582  40.436  -54.260  26.942 0.0000000000
137731  39.956  -55.378  27.711 0.0000000000
130063  38.805  -58.649  28.545 0.0000000000
12073  39.726  -58.801  28.477 0.0000000000
12081  40.158  -58.734  28.333 0.0000000000
12091  40.123  -58.448  27.718 0.0000000000
11453  40.641  -59.281  27.453 0.0000000000
11461  41.301  -59.806  26.824 0.0000000000
10864  43.340  -60.514  24.986 0.0000000000
138510  43.669  -60.714  24.167 0.0000000000
10873  43.987  -60.043  23.612 0.0000000000
17339  38.858  -51.190  23.868 0.0000000000
17315  38.417  -51.618  24.494 0.0000000000
17340  37.981  -51.082  24.080 0.0000000000
17316  37.596  -51.474  24.600 0.0000000000
17317  36.801  -51.418  24.754 0.0000000000
14918  42.576  -55.456  24.624 0.0000000000
14933  41.843  -54.963  23.815 0.0000000000
15678  40.019  -53.333  22.783 0.0000000000
15677  40.915  -53.589  22.625 0.0000000000
16453  40.545  -52.764  22.069 0.0000000000
132119  41.225  -52.496  21.456 0.0000000000
14877  36.830  -55.266  27.226 0.0000000000
14876  37.468  -55.069  27.381 0.0000000000
14142  37.348  -55.833  27.685 0.0000000000
13459  37.472  -56.636  28.027 0.0000000000
12756  37.664  -57.434  28.197 0.0000000000
12769  37.430  -57.941  27.709 0.0000000000
12082  37.877  -58.825  27.827 0.0000000000
11433  38.549  -59.432  28.310 0.0000000000
10832  38.693  -60.194  28.059 0.0000000000
14177  39.727  -55.660  25.135 0.0000000000
14921  39.241  -55.007  24.442 0.0000000000
14936  38.831  -54.285  23.905 0.0000000000
15679  39.040  -53.174  22.893 0.0000000000
16475  39.140  -51.935  21.971 0.0000000000
12143  39.486  -58.014  21.603 0.0000000000
15623  42.987  -53.622  26.110 0.0000000000
136852  42.819  -54.430  26.698 0.0000000000
14166  41.366  -56.229  26.615 0.0000000000
14140  39.678  -55.937  27.992 0.0000000000
13448  39.425  -57.141  28.399 0.0000000000
13457  40.108  -56.199  27.728 0.0000000000
14167  40.222  -56.180  26.081 0.0000000000
13480  38.982  -56.728  25.403 0.0000000000
12787  38.490  -57.265  24.856 0.0000000000
12100  39.412  -58.262  25.743 0.0000000000
121607  38.334  -57.717  24.293 0.0000000000
12119  38.604  -58.297  23.883 0.0000000000
12118  39.239  -58.636  23.202 0.0000000000
10197  40.055  -61.730  26.230 0.0000000000
8960  41.353  -63.773  23.703 0.0000000000
9548  41.989  -61.749  26.770 0.0000000000
10166  41.894  -60.980  27.634 0.0000000000
10845  42.245  -60.811  27.333 0.0000000000
10857  42.240  -60.218  26.737 0.0000000000
11469  41.712  -60.029  25.824 0.0000000000
11467  43.465  -60.069  24.630 0.0000000000
11468  42.715  -59.930  25.060 0.0000000000
124724  41.205  -59.707  24.711 0.0000000000
11480  40.700  -59.339  23.766 0.0000000000
11491  40.256  -58.852  23.046 0.0000000000
12129  39.794  -58.523  22.309 0.0000000000
121954  40.428  -58.219  21.606 0.0000000000
17276  46.908  -51.635  26.504 0.0000000000
17293  45.878  -51.835  25.940 0.0000000000
16387  44.395  -52.554  25.405 0.0000000000
16388  43.328  -52.754  25.371 0.0000000000
19045  40.037  -49.874  23.052 0.0000000000
137110  42.254  -50.806  23.779 0.0000000000
17311  42.495  -51.294  24.065 0.0000000000
127663  41.935  -52.023  24.414 0.0000000000
16389  42.226  -52.872  25.281 0.0000000000
16390  41.183  -53.232  25.608 0.0000000000
16391  40.177  -53.034  25.507 0.0000000000
16415  38.845  -52.168  24.975 0.0000000000
16392  39.274  -52.848  25.495 0.0000000000
15627  38.737  -53.441  26.060 0.0000000000
15610  37.763  -53.638  26.349 0.0000000000
15629  36.254  -53.221  26.006 0.0000000000
15611  36.795  -53.767  26.507 0.0000000000
14894  36.612  -54.577  26.896 0.0000000000
130009  42.039  -54.356  23.247 0.0000000000
125601  41.829  -53.771  22.566 0.0000000000
7622  40.240  -65.402  22.746 0.0000000000
10181  42.285  -61.206  27.268 0.0000000000
10182  41.653  -61.377  27.429 0.0000000000
10196  41.101  -61.933  26.641 0.0000000000
10819  39.286  -59.890  28.516 0.0000000000
10830  40.650  -60.312  28.309 0.0000000000
10844  42.645  -61.026  26.860 0.0000000000
10865  42.576  -60.360  26.045 0.0000000000
11455  37.635  -59.052  27.128 0.0000000000
12072  40.315  -59.249  28.412 0.0000000000
12074  37.997  -58.269  28.298 0.0000000000
12092  37.338  -58.412  27.096 0.0000000000
12112  37.101  -58.940  25.887 0.0000000000
14945  37.311  -54.228  23.092 0.0000000000
15606  43.648  -54.638  26.761 0.0000000000
16411  42.846  -52.050  24.622 0.0000000000
16455  38.607  -52.564  22.428 0.0000000000
135193  42.753  -61.180  26.505 0.0000000000
138412  39.658  -60.369  28.355 0.0000000000
139276  39.160  -60.675  27.712 0.0000000000
141081  38.649  -56.523  28.439 0.0000000000
141659  38.283  -58.830  28.276 0.0000000000
