#!ascii label  , from subject sub_0001 vox2ras=TkReg
324
65593  29.241  -2.267  -22.013 0.0000000000
57736  23.655  -10.298  -16.291 0.0000000000
67773  27.824  -0.275  -25.714 0.0000000000
138855  27.236  10.038  -23.047 0.0000000000
55361  21.542  -12.180  -15.239 0.0000000000
68888  24.949  -0.256  -30.169 0.0000000000
70978  25.179  3.195  -27.795 0.0000000000
62415  24.745  -5.350  -22.415 0.0000000000
61313  24.930  -7.114  -19.963 0.0000000000
64536  28.695  -3.475  -19.608 0.0000000000
123315  30.085  -4.815  -27.562 0.0000000000
62447  31.239  -5.749  -24.375 0.0000000000
121104  29.899  -1.248  -24.811 0.0000000000
65677  27.773  -2.781  -30.087 0.0000000000
74826  27.324  6.987  -23.508 0.0000000000
73838  25.963  5.833  -26.374 0.0000000000
60133  25.699  -8.306  -17.170 0.0000000000
69934  25.524  2.202  -27.115 0.0000000000
71894  25.900  3.566  -26.610 0.0000000000
140607  26.558  -4.321  -23.036 0.0000000000
120418  27.078  -4.207  -20.953 0.0000000000
136408  29.769  -2.924  -20.621 0.0000000000
55386  22.477  -11.362  -16.296 0.0000000000
67780  29.054  -0.900  -25.972 0.0000000000
66663  29.656  -1.347  -27.577 0.0000000000
66673  28.479  -1.053  -29.051 0.0000000000
68904  24.534  1.372  -31.792 0.0000000000
66694  26.137  -1.298  -31.553 0.0000000000
78576  26.825  10.500  -21.876 0.0000000000
139808  27.316  6.573  -22.511 0.0000000000
121057  27.294  8.408  -23.894 0.0000000000
77677  25.712  9.235  -27.839 0.0000000000
122632  25.744  8.427  -27.611 0.0000000000
75778  26.323  7.377  -26.261 0.0000000000
75785  25.722  7.087  -27.511 0.0000000000
73844  25.590  5.793  -27.624 0.0000000000
62366  26.598  -5.825  -18.479 0.0000000000
60164  25.278  -7.713  -18.687 0.0000000000
54118  20.475  -12.761  -14.701 0.0000000000
67801  26.970  -0.195  -28.834 0.0000000000
125122  25.660  0.789  -27.879 0.0000000000
69951  24.452  2.016  -29.413 0.0000000000
71011  22.741  3.444  -31.537 0.0000000000
61315  23.625  -6.909  -20.227 0.0000000000
62379  25.230  -5.819  -21.017 0.0000000000
128280  26.355  -5.574  -19.419 0.0000000000
63424  28.702  -4.328  -18.356 0.0000000000
64609  31.072  -3.747  -25.277 0.0000000000
122749  30.826  -3.305  -22.886 0.0000000000
63515  31.099  -4.751  -25.798 0.0000000000
64585  26.532  -3.650  -23.074 0.0000000000
65614  26.434  -3.102  -22.739 0.0000000000
66614  29.937  -1.722  -23.239 0.0000000000
141900  30.623  -2.498  -26.115 0.0000000000
64634  29.105  -3.944  -28.523 0.0000000000
63533  28.059  -4.006  -30.148 0.0000000000
66684  26.385  -2.081  -30.468 0.0000000000
141025  27.115  -2.632  -30.721 0.0000000000
72776  27.351  5.206  -23.315 0.0000000000
77666  26.654  9.559  -24.917 0.0000000000
75777  26.927  7.647  -25.430 0.0000000000
140222  26.561  6.301  -25.589 0.0000000000
72787  26.259  4.875  -25.476 0.0000000000
72802  25.532  4.597  -27.125 0.0000000000
72818  24.612  4.958  -29.633 0.0000000000
57765  23.029  -9.904  -18.217 0.0000000000
58975  23.421  -8.394  -20.390 0.0000000000
64564  31.032  -3.720  -21.342 0.0000000000
63434  30.782  -4.162  -19.829 0.0000000000
71887  26.353  3.191  -25.652 0.0000000000
130154  26.540  3.954  -25.353 0.0000000000
64566  27.965  -2.896  -21.494 0.0000000000
64548  27.558  -3.489  -21.217 0.0000000000
65573  29.854  -2.666  -21.322 0.0000000000
52989  20.145  -13.653  -13.597 0.0000000000
142159  20.150  -13.188  -14.239 0.0000000000
56613  22.950  -10.827  -16.730 0.0000000000
67781  28.353  -0.566  -26.276 0.0000000000
67789  29.111  -0.718  -26.979 0.0000000000
67790  28.320  -0.399  -27.263 0.0000000000
69974  24.781  1.908  -32.078 0.0000000000
68903  25.080  1.254  -32.085 0.0000000000
78575  27.375  9.945  -22.411 0.0000000000
133932  27.271  9.680  -21.785 0.0000000000
76765  27.413  8.412  -22.847 0.0000000000
77665  27.329  9.348  -23.192 0.0000000000
118790  25.643  7.666  -27.855 0.0000000000
119073  25.743  6.672  -28.241 0.0000000000
140887  26.991  -5.864  -17.875 0.0000000000
62355  26.670  -6.397  -17.747 0.0000000000
56615  21.407  -11.236  -17.186 0.0000000000
130116  26.354  0.720  -27.157 0.0000000000
69940  25.909  1.288  -26.891 0.0000000000
70985  24.866  2.508  -28.330 0.0000000000
69941  25.183  1.506  -27.956 0.0000000000
69960  23.564  2.320  -30.835 0.0000000000
70994  24.193  3.294  -29.615 0.0000000000
79497  26.208  11.229  -22.403 0.0000000000
61337  23.977  -5.853  -20.528 0.0000000000
62397  24.867  -5.721  -21.490 0.0000000000
64537  27.798  -3.673  -20.068 0.0000000000
62377  26.457  -4.941  -20.298 0.0000000000
63436  27.328  -4.364  -19.583 0.0000000000
63425  27.761  -4.592  -18.554 0.0000000000
64526  29.128  -3.806  -18.860 0.0000000000
54129  20.883  -12.273  -15.278 0.0000000000
54117  21.124  -12.711  -14.701 0.0000000000
64620  30.996  -3.883  -26.255 0.0000000000
63524  30.709  -4.788  -26.739 0.0000000000
63483  25.167  -4.447  -23.222 0.0000000000
66630  28.457  -1.171  -23.902 0.0000000000
120448  28.185  -1.354  -23.241 0.0000000000
66615  29.091  -1.489  -23.204 0.0000000000
66638  29.939  -1.468  -24.042 0.0000000000
65638  30.492  -1.900  -24.608 0.0000000000
66646  30.299  -1.600  -25.304 0.0000000000
132270  29.194  -2.219  -29.116 0.0000000000
66672  29.622  -2.210  -28.352 0.0000000000
65676  28.520  -2.912  -29.520 0.0000000000
130318  28.270  -3.977  -29.174 0.0000000000
64638  28.055  -3.531  -29.849 0.0000000000
67802  25.986  -0.403  -29.431 0.0000000000
67814  26.294  -1.356  -29.898 0.0000000000
67815  25.312  -1.060  -30.165 0.0000000000
66687  26.376  -2.226  -30.907 0.0000000000
129716  28.124  -2.278  -31.691 0.0000000000
73818  27.336  6.101  -23.413 0.0000000000
77674  26.165  9.375  -26.832 0.0000000000
78616  25.537  10.116  -28.211 0.0000000000
76768  26.694  8.854  -25.432 0.0000000000
76771  26.599  8.091  -25.922 0.0000000000
74841  26.103  6.662  -26.482 0.0000000000
74840  26.831  6.986  -25.478 0.0000000000
73830  26.617  5.654  -25.050 0.0000000000
72795  26.105  4.231  -26.182 0.0000000000
125068  25.590  5.166  -26.723 0.0000000000
73852  25.642  5.723  -28.351 0.0000000000
73853  25.385  5.497  -28.669 0.0000000000
73859  24.953  5.466  -29.125 0.0000000000
57766  22.185  -9.919  -18.272 0.0000000000
61314  24.328  -7.087  -20.376 0.0000000000
60182  23.779  -7.993  -20.680 0.0000000000
60181  24.367  -7.848  -20.158 0.0000000000
60146  25.506  -7.963  -17.817 0.0000000000
138458  24.978  -8.259  -18.510 0.0000000000
58935  24.990  -8.647  -17.782 0.0000000000
58936  24.280  -9.125  -18.134 0.0000000000
63491  31.300  -4.887  -23.704 0.0000000000
64582  31.053  -3.557  -22.208 0.0000000000
63480  31.362  -5.011  -22.945 0.0000000000
69933  25.914  1.781  -26.090 0.0000000000
70967  26.234  2.197  -25.462 0.0000000000
70977  25.889  2.546  -26.249 0.0000000000
142129  25.646  3.042  -27.007 0.0000000000
63468  25.981  -4.695  -23.108 0.0000000000
62396  25.370  -5.256  -22.242 0.0000000000
64547  28.336  -3.138  -20.524 0.0000000000
64546  29.273  -3.118  -20.138 0.0000000000
55374  22.004  -11.823  -15.799 0.0000000000
55360  22.138  -11.955  -15.094 0.0000000000
55359  22.701  -11.396  -15.265 0.0000000000
128562  23.091  -11.213  -14.449 0.0000000000
63528  29.212  -4.847  -28.282 0.0000000000
117083  29.281  -5.752  -27.942 0.0000000000
67762  28.416  -0.874  -24.651 0.0000000000
67771  29.159  -0.941  -25.117 0.0000000000
66647  29.756  -1.242  -25.607 0.0000000000
66655  29.655  -1.252  -26.481 0.0000000000
128424  29.230  -1.418  -28.695 0.0000000000
66682  28.608  -1.887  -29.539 0.0000000000
68900  24.797  0.221  -31.263 0.0000000000
66688  25.433  -1.406  -30.875 0.0000000000
129887  25.180  0.337  -31.983 0.0000000000
128947  25.940  0.336  -32.418 0.0000000000
75769  27.331  7.557  -22.661 0.0000000000
75771  27.353  7.770  -23.472 0.0000000000
120181  26.249  8.581  -26.547 0.0000000000
74851  25.732  6.357  -27.561 0.0000000000
136684  25.759  6.094  -28.169 0.0000000000
61312  25.903  -6.276  -19.328 0.0000000000
60180  24.976  -7.628  -19.515 0.0000000000
61295  26.111  -6.507  -18.463 0.0000000000
61281  25.886  -7.131  -17.920 0.0000000000
54130  20.188  -12.172  -15.144 0.0000000000
55375  21.308  -11.840  -15.912 0.0000000000
55387  21.741  -11.592  -16.585 0.0000000000
56614  22.248  -11.128  -17.164 0.0000000000
139105  22.763  -10.760  -17.278 0.0000000000
67782  27.702  -0.111  -26.573 0.0000000000
67791  27.499  -0.031  -27.576 0.0000000000
68866  27.009  0.363  -26.915 0.0000000000
68880  26.061  0.286  -28.692 0.0000000000
68881  25.282  0.126  -29.456 0.0000000000
68882  25.062  0.913  -28.813 0.0000000000
69959  24.627  0.887  -29.985 0.0000000000
68890  24.187  1.406  -30.847 0.0000000000
69970  23.372  2.389  -31.848 0.0000000000
71010  23.006  3.263  -32.238 0.0000000000
78582  26.879  10.532  -22.823 0.0000000000
77657  26.770  10.102  -23.943 0.0000000000
141990  24.148  -6.531  -20.470 0.0000000000
134888  25.328  -6.405  -20.131 0.0000000000
126910  25.766  -5.290  -21.206 0.0000000000
62378  25.783  -5.704  -20.198 0.0000000000
62365  26.942  -5.062  -18.976 0.0000000000
62354  27.431  -5.365  -18.027 0.0000000000
63412  28.365  -4.878  -17.828 0.0000000000
64595  30.465  -2.587  -23.211 0.0000000000
64583  30.518  -2.825  -22.415 0.0000000000
64594  30.920  -3.398  -23.573 0.0000000000
63503  31.234  -4.630  -24.674 0.0000000000
62450  30.978  -5.697  -25.353 0.0000000000
117162  29.997  -5.738  -27.100 0.0000000000
62448  30.748  -6.658  -25.024 0.0000000000
63482  25.760  -4.430  -23.359 0.0000000000
63467  26.806  -3.880  -23.006 0.0000000000
65594  28.022  -2.418  -22.187 0.0000000000
65613  26.976  -2.520  -22.523 0.0000000000
65612  28.647  -1.805  -22.690 0.0000000000
65611  29.561  -1.981  -22.637 0.0000000000
134775  30.322  -2.002  -23.800 0.0000000000
65656  30.874  -3.019  -25.754 0.0000000000
129477  30.723  -3.138  -26.576 0.0000000000
66662  30.038  -2.350  -27.515 0.0000000000
65664  30.411  -3.138  -27.375 0.0000000000
64631  29.942  -3.918  -27.831 0.0000000000
127493  28.450  -4.748  -28.795 0.0000000000
63532  28.199  -4.615  -29.811 0.0000000000
67800  28.012  -0.514  -28.358 0.0000000000
67813  27.554  -0.868  -29.283 0.0000000000
66683  27.450  -1.781  -29.935 0.0000000000
139488  25.839  -1.781  -30.480 0.0000000000
65681  27.028  -2.514  -30.557 0.0000000000
65682  27.830  -3.226  -30.403 0.0000000000
72786  26.902  4.957  -24.325 0.0000000000
78594  26.493  10.188  -25.098 0.0000000000
124403  26.935  9.096  -24.372 0.0000000000
75773  27.272  7.495  -24.508 0.0000000000
74832  27.127  6.432  -24.533 0.0000000000
73829  27.124  5.669  -24.089 0.0000000000
129324  26.827  4.151  -24.566 0.0000000000
71895  25.534  3.908  -27.544 0.0000000000
73845  25.437  5.387  -27.824 0.0000000000
72803  25.333  4.941  -28.150 0.0000000000
71904  25.026  4.354  -28.697 0.0000000000
71914  24.044  4.462  -29.842 0.0000000000
71923  24.009  4.478  -30.819 0.0000000000
135693  22.556  -10.543  -17.711 0.0000000000
57750  23.270  -10.278  -17.285 0.0000000000
122535  23.315  -8.743  -19.774 0.0000000000
58953  24.653  -8.143  -19.364 0.0000000000
139465  23.714  -8.777  -19.538 0.0000000000
57785  22.872  -9.286  -18.940 0.0000000000
58937  23.568  -9.169  -18.819 0.0000000000
57764  23.800  -9.580  -17.754 0.0000000000
64565  30.542  -2.974  -21.645 0.0000000000
124507  30.416  -3.165  -20.851 0.0000000000
64545  30.178  -3.484  -20.045 0.0000000000
134427  31.248  -4.467  -20.993 0.0000000000
64535  29.619  -3.565  -19.410 0.0000000000
64525  29.876  -3.909  -18.855 0.0000000000
54119  19.844  -12.661  -14.547 0.0000000000
58954  24.270  -8.665  -18.906 0.0000000000
58976  22.892  -8.432  -19.973 0.0000000000
60165  23.874  -8.463  -20.103 0.0000000000
60183  23.099  -7.903  -20.360 0.0000000000
61296  25.505  -7.017  -19.053 0.0000000000
61335  24.816  -6.416  -20.573 0.0000000000
61336  24.496  -6.177  -20.764 0.0000000000
63423  29.645  -4.289  -18.380 0.0000000000
63435  28.188  -3.985  -19.102 0.0000000000
63448  30.846  -3.871  -20.528 0.0000000000
63449  26.970  -4.032  -22.301 0.0000000000
63450  26.313  -4.675  -22.063 0.0000000000
63481  26.283  -4.165  -23.345 0.0000000000
63516  30.635  -5.687  -26.291 0.0000000000
64534  30.347  -3.958  -19.274 0.0000000000
64567  27.323  -3.403  -22.206 0.0000000000
64584  27.129  -3.092  -22.554 0.0000000000
64601  31.073  -3.543  -24.386 0.0000000000
64621  30.668  -3.931  -27.146 0.0000000000
64639  28.110  -4.119  -29.775 0.0000000000
65574  28.941  -2.633  -21.100 0.0000000000
65592  30.025  -2.416  -22.053 0.0000000000
65610  30.120  -2.256  -22.663 0.0000000000
65637  30.680  -2.714  -24.070 0.0000000000
65648  30.935  -2.791  -24.917 0.0000000000
65649  30.649  -2.220  -25.457 0.0000000000
65672  29.827  -3.094  -28.131 0.0000000000
65673  29.207  -3.044  -28.903 0.0000000000
65686  27.359  -2.885  -30.980 0.0000000000
66629  29.374  -1.384  -23.714 0.0000000000
66631  27.870  -0.973  -23.571 0.0000000000
66639  29.215  -1.144  -24.357 0.0000000000
66654  29.982  -1.845  -26.839 0.0000000000
66689  25.714  -0.537  -31.787 0.0000000000
67799  28.990  -0.694  -28.065 0.0000000000
67816  24.967  -0.662  -30.640 0.0000000000
67825  25.148  -0.526  -31.284 0.0000000000
67830  26.571  -0.500  -32.304 0.0000000000
68874  26.631  0.384  -27.822 0.0000000000
68889  24.711  0.317  -30.573 0.0000000000
68901  24.412  1.139  -31.228 0.0000000000
69975  23.876  2.371  -32.236 0.0000000000
71003  23.299  3.185  -30.555 0.0000000000
71019  23.952  2.787  -32.375 0.0000000000
71915  22.967  4.222  -30.703 0.0000000000
71924  23.736  4.541  -30.416 0.0000000000
71929  23.690  3.623  -31.825 0.0000000000
71930  22.958  4.121  -31.413 0.0000000000
72810  24.932  5.364  -28.947 0.0000000000
127604  24.770  3.532  -28.819 0.0000000000
127925  27.738  -1.858  -22.655 0.0000000000
128919  30.263  -1.816  -26.073 0.0000000000
131082  31.269  -4.088  -23.866 0.0000000000
132153  30.396  -2.446  -26.749 0.0000000000
134285  27.428  -5.994  -17.456 0.0000000000
134750  31.440  -4.619  -22.003 0.0000000000
135789  27.357  -2.471  -22.452 0.0000000000
139952  27.622  -3.033  -22.020 0.0000000000
140111  31.230  -4.100  -23.024 0.0000000000
140264  25.801  8.073  -27.241 0.0000000000
140347  25.464  0.569  -28.675 0.0000000000
140387  25.426  -6.727  -19.626 0.0000000000
