#!ascii label  , from subject sub_0001 vox2ras=TkReg
777
49822  19.394  -16.718  -7.761 0.1428571492
48808  18.134  -17.548  -7.713 0.1428571492
49857  18.195  -16.371  -9.492 0.1428571492
48788  20.081  -16.903  -7.041 0.1428571492
49856  19.083  -16.266  -9.280 0.2857142985
49843  18.383  -16.690  -8.857 0.1428571492
49855  20.032  -16.243  -8.973 0.1428571492
50825  19.329  -15.458  -10.467 0.5714285970
50789  20.873  -15.949  -9.425 0.1428571492
51905  21.628  -14.824  -10.526 0.2857142985
50809  21.290  -15.437  -10.030 0.2857142985
52951  22.872  -13.864  -10.705 0.1428571492
51904  22.508  -14.532  -10.302 0.2857142985
55335  22.940  -11.887  -13.093 0.2857142985
54092  23.263  -12.259  -12.260 0.1428571492
54093  22.447  -12.582  -12.603 0.2857142985
56585  24.250  -10.442  -14.452 0.2857142985
141097  24.064  -10.940  -13.362 0.2857142985
57724  24.738  -9.986  -14.965 0.2857142985
56599  23.940  -10.329  -15.350 0.2857142985
58919  25.373  -8.757  -16.759 0.2857142985
62355  26.670  -6.397  -17.747 0.8571428657
60132  26.283  -7.726  -17.106 0.4285714328
58907  25.784  -8.903  -15.788 0.2857142985
63424  28.702  -4.328  -18.356 0.7142857313
63412  28.365  -4.878  -17.828 0.7142857313
140887  26.991  -5.864  -17.875 0.7142857313
61281  25.886  -7.131  -17.920 0.7142857313
63434  30.782  -4.162  -19.829 0.8571428657
64525  29.876  -3.909  -18.855 0.5714285970
64526  29.128  -3.806  -18.860 0.8571428657
62354  27.431  -5.365  -18.027 0.7142857313
62366  26.598  -5.825  -18.479 0.7142857313
62437  31.231  -5.790  -23.448 0.4285714328
134427  31.248  -4.467  -20.993 0.7142857313
64535  29.619  -3.565  -19.410 0.8571428657
62451  30.393  -6.580  -25.944 0.2857142985
62450  30.978  -5.697  -25.353 0.5714285970
63480  31.362  -5.011  -22.945 0.8571428657
62447  31.239  -5.749  -24.375 0.7142857313
64564  31.032  -3.720  -21.342 0.8571428657
122736  29.505  -6.961  -27.850 0.1428571492
116865  29.684  -7.318  -27.197 0.1428571492
117306  29.991  -6.455  -26.674 0.4285714328
63491  31.300  -4.887  -23.704 0.8571428657
62460  29.677  -5.286  -30.161 0.1428571492
116863  29.791  -6.956  -28.684 0.1428571492
117217  29.179  -6.597  -28.642 0.1428571492
133669  29.060  -6.326  -28.356 0.4285714328
63503  31.234  -4.630  -24.674 0.8571428657
64641  29.499  -3.734  -30.679 0.1428571492
63535  30.035  -4.272  -30.319 0.1428571492
136653  29.332  -4.633  -30.443 0.1428571492
61380  28.587  -6.135  -29.108 0.1428571492
63530  28.300  -4.973  -29.239 0.4285714328
117083  29.281  -5.752  -27.942 0.5714285970
63524  30.709  -4.788  -26.739 0.7142857313
64594  30.920  -3.398  -23.573 0.8571428657
64642  28.866  -3.327  -30.985 0.1428571492
65684  29.218  -2.367  -31.610 0.1428571492
63537  28.188  -4.204  -30.293 0.1428571492
63532  28.199  -4.615  -29.811 0.5714285970
123315  30.085  -4.815  -27.562 0.8571428657
64609  31.072  -3.747  -25.277 0.8571428657
64620  30.996  -3.883  -26.255 0.8571428657
66690  30.006  -1.720  -31.863 0.1428571492
66691  28.933  -1.601  -32.070 0.2857142985
65685  28.173  -3.105  -31.137 0.1428571492
65682  27.830  -3.226  -30.403 0.8571428657
127493  28.450  -4.748  -28.795 0.8571428657
63528  29.212  -4.847  -28.282 0.7142857313
64634  29.105  -3.944  -28.523 0.8571428657
68902  26.812  0.055  -32.475 0.1428571492
68899  27.223  0.566  -32.046 0.1428571492
121233  27.270  -2.108  -31.544 0.4285714328
66684  26.385  -2.081  -30.468 0.8571428657
65681  27.028  -2.514  -30.557 0.8571428657
65676  28.520  -2.912  -29.520 0.8571428657
66672  29.622  -2.210  -28.352 0.8571428657
66693  26.915  -1.427  -31.924 0.4285714328
66683  27.450  -1.781  -29.935 0.8571428657
65677  27.773  -2.781  -30.087 0.8571428657
66682  28.608  -1.887  -29.539 0.8571428657
69973  25.945  1.003  -32.327 0.1428571492
69969  25.327  2.043  -31.977 0.2857142985
128947  25.940  0.336  -32.418 0.5714285970
129887  25.180  0.337  -31.983 0.8571428657
66694  26.137  -1.298  -31.553 0.8571428657
139488  25.839  -1.781  -30.480 0.8571428657
67815  25.312  -1.060  -30.165 0.8571428657
67813  27.554  -0.868  -29.283 0.8571428657
71009  24.776  2.918  -31.775 0.2857142985
69974  24.781  1.908  -32.078 0.7142857313
68903  25.080  1.254  -32.085 0.5714285970
68904  24.534  1.372  -31.792 0.8571428657
68888  24.949  -0.256  -30.169 0.8571428657
68881  25.282  0.126  -29.456 0.8571428657
67814  26.294  -1.356  -29.898 0.8571428657
69970  23.372  2.389  -31.848 0.8571428657
69960  23.564  2.320  -30.835 0.8571428657
69959  24.627  0.887  -29.985 0.8571428657
69941  25.183  1.506  -27.956 0.7142857313
68882  25.062  0.913  -28.813 0.7142857313
71011  22.741  3.444  -31.537 0.8571428657
70994  24.193  3.294  -29.615 0.8571428657
69951  24.452  2.016  -29.413 0.8571428657
70978  25.179  3.195  -27.795 0.8571428657
71895  25.534  3.908  -27.544 0.8571428657
70985  24.866  2.508  -28.330 0.7142857313
73853  25.385  5.497  -28.669 0.7142857313
72803  25.333  4.941  -28.150 0.8571428657
73845  25.437  5.387  -27.824 0.8571428657
125068  25.590  5.166  -26.723 0.8571428657
74841  26.103  6.662  -26.482 0.7142857313
72802  25.532  4.597  -27.125 0.8571428657
75800  25.817  7.688  -28.454 0.1428571492
73844  25.590  5.793  -27.624 0.8571428657
74851  25.732  6.357  -27.561 0.7142857313
75785  25.722  7.087  -27.511 0.7142857313
73838  25.963  5.833  -26.374 0.8571428657
76790  24.945  8.345  -29.013 0.1428571492
118790  25.643  7.666  -27.855 0.5714285970
122632  25.744  8.427  -27.611 0.5714285970
77674  26.165  9.375  -26.832 0.5714285970
76780  25.377  8.389  -28.462 0.1428571492
77685  24.468  9.089  -30.226 0.1428571492
78616  25.537  10.116  -28.211 0.5714285970
78640  23.069  9.650  -31.493 0.1428571492
79585  22.650  10.279  -32.292 0.1428571492
78625  24.771  9.459  -29.116 0.1428571492
80395  22.340  11.274  -33.052 0.1428571492
77677  25.712  9.235  -27.839 0.5714285970
79578  23.333  10.689  -31.245 0.1428571492
81216  22.377  13.253  -34.254 0.1428571492
130522  23.416  12.528  -32.173 0.1428571492
48790  18.502  -17.803  -6.975 0.1428571492
49841  20.911  -16.311  -8.564 0.1428571492
137623  21.809  -15.686  -9.359 0.2857142985
123504  20.559  -15.592  -10.130 0.2857142985
54086  23.529  -12.583  -11.652 0.2857142985
54087  22.790  -12.794  -11.789 0.1428571492
57748  24.904  -9.285  -16.273 0.2857142985
60145  26.637  -7.047  -17.288 0.4285714328
60133  25.699  -8.306  -17.170 0.5714285970
121450  31.398  -5.076  -21.226 0.2857142985
61295  26.111  -6.507  -18.463 0.7142857313
61376  30.957  -6.673  -24.069 0.1428571492
124507  30.416  -3.165  -20.851 0.8571428657
63515  31.099  -4.751  -25.798 0.7142857313
65680  29.902  -2.684  -31.038 0.1428571492
63533  28.059  -4.006  -30.148 0.8571428657
130318  28.270  -3.977  -29.174 0.8571428657
65664  30.411  -3.138  -27.375 0.8571428657
132270  29.194  -2.219  -29.116 0.8571428657
71010  23.006  3.263  -32.238 0.8571428657
72818  24.612  4.958  -29.633 0.8571428657
137287  25.572  7.968  -28.352 0.2857142985
77678  24.989  8.912  -28.667 0.1428571492
77686  23.627  9.285  -30.864 0.1428571492
79599  23.165  11.577  -34.224 0.1428571492
47808  18.109  -18.550  -6.670 0.1428571492
136639  20.053  -15.485  -10.528 0.4285714328
51918  21.194  -14.586  -11.315 0.2857142985
51906  20.715  -15.196  -10.820 0.4285714328
50835  19.831  -15.231  -11.296 0.2857142985
52965  22.403  -13.466  -11.363 0.1428571492
124684  24.828  -11.749  -12.324 0.2857142985
56573  24.610  -10.703  -13.556 0.2857142985
56574  23.709  -10.894  -13.924 0.2857142985
55346  23.049  -11.435  -13.818 0.2857142985
60146  25.506  -7.963  -17.817 0.7142857313
63531  30.493  -5.016  -29.936 0.1428571492
65679  31.174  -2.189  -31.228 0.1428571492
67827  29.456  -1.230  -31.869 0.1428571492
67828  28.450  -0.986  -32.198 0.2857142985
68898  27.943  -0.291  -32.076 0.1428571492
141025  27.115  -2.632  -30.721 0.8571428657
129477  30.723  -3.138  -26.576 0.8571428657
65656  30.874  -3.019  -25.754 1.0000000000
69968  26.597  1.441  -31.636 0.1428571492
71008  26.005  2.429  -31.125 0.1428571492
71002  25.093  3.524  -30.967 0.2857142985
125122  25.660  0.789  -27.879 0.8571428657
71923  24.009  4.478  -30.819 0.5714285970
73859  24.953  5.466  -29.125 0.5714285970
73852  25.642  5.723  -28.351 0.5714285970
119073  25.743  6.672  -28.241 0.2857142985
75793  25.649  7.172  -28.285 0.2857142985
76789  25.535  8.146  -28.756 0.1428571492
120996  25.160  10.438  -28.883 0.2857142985
77680  24.647  8.822  -29.417 0.1428571492
125748  24.486  10.983  -30.156 0.1428571492
80388  24.355  12.047  -30.422 0.1428571492
77692  23.305  9.468  -31.436 0.1428571492
80403  22.573  12.466  -33.274 0.1428571492
81213  23.647  13.613  -32.527 0.1428571492
82045  23.379  14.165  -34.773 0.1428571492
71913  24.695  5.025  -29.710 0.4285714328
141146  25.360  5.372  -29.066 0.4285714328
73858  25.407  5.553  -28.688 0.4285714328
123170  25.863  6.170  -28.278 0.4285714328
136684  25.759  6.094  -28.169 0.5714285970
49842  19.262  -16.517  -8.502 0.1428571492
49823  18.608  -16.909  -8.068 0.1428571492
120669  17.437  -17.840  -7.959 0.1428571492
50811  18.796  -15.871  -9.886 0.4285714328
136724  17.552  -16.396  -9.569 0.2857142985
50810  19.823  -15.817  -9.806 0.5714285970
139092  21.547  -16.059  -8.847 0.1428571492
51917  21.992  -14.138  -10.934 0.1428571492
55345  23.655  -11.310  -13.266 0.2857142985
62365  26.942  -5.062  -18.976 0.7142857313
64545  30.178  -3.484  -20.045 0.8571428657
62448  30.748  -6.658  -25.024 0.5714285970
117162  29.997  -5.738  -27.100 0.5714285970
62461  28.868  -5.150  -30.176 0.2857142985
62457  29.996  -6.027  -29.579 0.1428571492
63529  28.500  -5.619  -28.730 0.1428571492
129716  28.124  -2.278  -31.691 0.5714285970
64631  29.942  -3.918  -27.831 0.8571428657
64638  28.055  -3.531  -29.849 0.8571428657
66687  26.376  -2.226  -30.907 0.8571428657
68900  24.797  0.221  -31.263 0.8571428657
66688  25.433  -1.406  -30.875 0.8571428657
67802  25.986  -0.403  -29.431 0.8571428657
68890  24.187  1.406  -30.847 0.8571428657
71914  24.044  4.462  -29.842 0.8571428657
71904  25.026  4.354  -28.697 0.8571428657
120181  26.249  8.581  -26.547 0.5714285970
77691  23.921  9.238  -31.013 0.1428571492
79571  23.691  9.795  -30.586 0.1428571492
79594  22.532  11.478  -33.573 0.1428571492
78648  22.882  9.860  -32.252 0.1428571492
78632  24.257  9.303  -30.023 0.1428571492
79570  24.572  10.085  -29.677 0.1428571492
118844  22.781  11.364  -32.290 0.1428571492
52963  24.179  -12.723  -11.345 0.1428571492
51919  20.406  -14.929  -11.723 0.4285714328
128562  23.091  -11.213  -14.449 0.5714285970
79562  25.136  11.212  -29.225 0.1428571492
55360  22.138  -11.955  -15.094 0.5714285970
54129  20.883  -12.273  -15.278 0.5714285970
54119  19.844  -12.661  -14.547 0.2857142985
55386  22.477  -11.362  -16.296 0.5714285970
55375  21.308  -11.840  -15.912 0.5714285970
54107  19.561  -13.133  -13.842 0.4285714328
55374  22.004  -11.823  -15.799 0.5714285970
55362  19.454  -11.898  -14.868 0.2857142985
133161  19.789  -11.430  -15.499 0.4285714328
57749  24.101  -9.725  -16.763 0.4285714328
139105  22.763  -10.760  -17.278 0.5714285970
56615  21.407  -11.236  -17.186 0.5714285970
56616  20.670  -11.015  -17.037 0.4285714328
57764  23.800  -9.580  -17.754 0.5714285970
57765  23.029  -9.904  -18.217 0.5714285970
56632  21.778  -10.684  -17.694 0.4285714328
58937  23.568  -9.169  -18.819 0.7142857313
57785  22.872  -9.286  -18.940 0.4285714328
58954  24.270  -8.665  -18.906 0.4285714328
55377  20.080  -11.036  -16.040 0.4285714328
55378  18.997  -11.155  -15.243 0.2857142985
56633  20.939  -10.610  -17.527 0.4285714328
58936  24.280  -9.125  -18.134 0.7142857313
58953  24.653  -8.143  -19.364 0.7142857313
58976  22.892  -8.432  -19.973 0.4285714328
61314  24.328  -7.087  -20.376 0.7142857313
61315  23.625  -6.909  -20.227 0.5714285970
141990  24.148  -6.531  -20.470 0.7142857313
62380  22.970  -5.781  -19.760 0.2857142985
60164  25.278  -7.713  -18.687 0.5714285970
60180  24.976  -7.628  -19.515 0.5714285970
60181  24.367  -7.848  -20.158 0.7142857313
62378  25.783  -5.704  -20.198 0.7142857313
62397  24.867  -5.721  -21.490 0.7142857313
62396  25.370  -5.256  -22.242 0.7142857313
62415  24.745  -5.350  -22.415 0.7142857313
142243  24.228  -5.204  -21.010 0.4285714328
135516  25.224  -4.964  -23.064 0.4285714328
63425  27.761  -4.592  -18.554 0.5714285970
128280  26.355  -5.574  -19.419 0.5714285970
63436  27.328  -4.364  -19.583 0.5714285970
120418  27.078  -4.207  -20.953 0.5714285970
64548  27.558  -3.489  -21.217 0.7142857313
140607  26.558  -4.321  -23.036 0.7142857313
65594  28.022  -2.418  -22.187 0.7142857313
63482  25.760  -4.430  -23.359 0.7142857313
63483  25.167  -4.447  -23.222 0.5714285970
65613  26.976  -2.520  -22.523 0.5714285970
64582  31.053  -3.557  -22.208 0.7142857313
136408  29.769  -2.924  -20.621 0.5714285970
64547  28.336  -3.138  -20.524 0.5714285970
65573  29.854  -2.666  -21.322 0.7142857313
65611  29.561  -1.981  -22.637 0.8571428657
141212  24.293  -4.795  -22.031 0.4285714328
66614  29.937  -1.722  -23.239 0.7142857313
66615  29.091  -1.489  -23.204 0.7142857313
66638  29.939  -1.468  -24.042 0.7142857313
65614  26.434  -3.102  -22.739 0.5714285970
120448  28.185  -1.354  -23.241 0.7142857313
64565  30.542  -2.974  -21.645 0.5714285970
64566  27.965  -2.896  -21.494 0.7142857313
134775  30.322  -2.002  -23.800 0.8571428657
65638  30.492  -1.900  -24.608 0.8571428657
121104  29.899  -1.248  -24.811 0.7142857313
66630  28.457  -1.171  -23.902 0.5714285970
67751  27.868  -0.737  -24.209 0.2857142985
66646  30.299  -1.600  -25.304 0.7142857313
67773  27.824  -0.275  -25.714 0.7142857313
141900  30.623  -2.498  -26.115 0.7142857313
66647  29.756  -1.242  -25.607 0.8571428657
67771  29.159  -0.941  -25.117 0.8571428657
67800  28.012  -0.514  -28.358 0.8571428657
66655  29.655  -1.252  -26.481 0.8571428657
67781  28.353  -0.566  -26.276 0.5714285970
67790  28.320  -0.399  -27.263 0.8571428657
67791  27.499  -0.031  -27.576 0.8571428657
67782  27.702  -0.111  -26.573 0.7142857313
66663  29.656  -1.347  -27.577 0.8571428657
66673  28.479  -1.053  -29.051 0.8571428657
68866  27.009  0.363  -26.915 0.8571428657
67801  26.970  -0.195  -28.834 0.8571428657
68880  26.061  0.286  -28.692 0.8571428657
130116  26.354  0.720  -27.157 0.7142857313
142129  25.646  3.042  -27.007 0.7142857313
71894  25.900  3.566  -26.610 0.7142857313
72795  26.105  4.231  -26.182 0.5714285970
130154  26.540  3.954  -25.353 0.7142857313
140222  26.561  6.301  -25.589 0.7142857313
72786  26.902  4.957  -24.325 0.7142857313
75773  27.272  7.495  -24.508 0.7142857313
121057  27.294  8.408  -23.894 0.7142857313
75771  27.353  7.770  -23.472 0.5714285970
74840  26.831  6.986  -25.478 0.7142857313
75777  26.927  7.647  -25.430 0.7142857313
76770  27.111  8.277  -24.968 0.4285714328
124403  26.935  9.096  -24.372 0.5714285970
77665  27.329  9.348  -23.192 0.5714285970
76765  27.413  8.412  -22.847 0.5714285970
77666  26.654  9.559  -24.917 0.5714285970
138855  27.236  10.038  -23.047 0.5714285970
133932  27.271  9.680  -21.785 0.5714285970
76761  27.562  9.131  -22.152 0.4285714328
78582  26.879  10.532  -22.823 0.5714285970
78575  27.375  9.945  -22.411 0.5714285970
78594  26.493  10.188  -25.098 0.5714285970
78576  26.825  10.500  -21.876 0.4285714328
76749  26.953  8.017  -21.628 0.4285714328
79499  24.083  11.854  -21.831 0.4285714328
61280  27.314  -6.670  -17.082 0.2857142985
64546  29.273  -3.118  -20.138 0.5714285970
79498  25.342  11.578  -21.970 0.2857142985
78578  24.959  11.287  -21.507 0.4285714328
54117  21.124  -12.711  -14.701 0.5714285970
142159  20.150  -13.188  -14.239 0.5714285970
56600  23.190  -10.821  -15.798 0.2857142985
54118  20.475  -12.761  -14.701 0.5714285970
57735  24.424  -9.835  -15.829 0.2857142985
57736  23.655  -10.298  -16.291 0.5714285970
54120  19.145  -12.323  -14.218 0.2857142985
56617  19.876  -10.616  -16.677 0.4285714328
57767  21.209  -9.969  -17.976 0.4285714328
57766  22.185  -9.919  -18.272 0.5714285970
56602  18.467  -10.531  -15.713 0.2857142985
56635  19.404  -9.952  -17.174 0.2857142985
122535  23.315  -8.743  -19.774 0.5714285970
132992  28.935  -5.168  -17.369 0.2857142985
61317  21.369  -6.575  -19.472 0.2857142985
61337  23.977  -5.853  -20.528 0.7142857313
66662  30.038  -2.350  -27.515 0.8571428657
67780  29.054  -0.900  -25.972 0.7142857313
69934  25.524  2.202  -27.115 0.7142857313
70977  25.889  2.546  -26.249 0.7142857313
70967  26.234  2.197  -25.462 0.7142857313
74832  27.127  6.432  -24.533 0.7142857313
75769  27.331  7.557  -22.661 0.5714285970
75778  26.323  7.377  -26.261 0.5714285970
76771  26.599  8.091  -25.922 0.5714285970
76768  26.694  8.854  -25.432 0.5714285970
77657  26.770  10.102  -23.943 0.5714285970
127680  26.380  11.009  -23.551 0.2857142985
57786  21.445  -9.413  -18.448 0.4285714328
56586  23.457  -10.794  -14.853 0.2857142985
64536  28.695  -3.475  -19.608 0.7142857313
61312  25.903  -6.276  -19.328 0.5714285970
122749  30.826  -3.305  -22.886 0.7142857313
64595  30.465  -2.587  -23.211 0.7142857313
64583  30.518  -2.825  -22.415 0.7142857313
128424  29.230  -1.418  -28.695 0.7142857313
58935  24.990  -8.647  -17.782 0.5714285970
138458  24.978  -8.259  -18.510 0.5714285970
69940  25.909  1.288  -26.891 0.7142857313
55359  22.701  -11.396  -15.265 0.5714285970
55361  21.542  -12.180  -15.239 0.5714285970
54116  21.902  -12.328  -14.441 0.4285714328
54130  20.188  -12.172  -15.144 0.5714285970
55376  20.577  -11.634  -15.850 0.4285714328
56613  22.950  -10.827  -16.730 0.5714285970
55387  21.741  -11.592  -16.585 0.5714285970
56614  22.248  -11.128  -17.164 0.5714285970
137783  20.500  -11.189  -16.489 0.4285714328
52989  20.145  -13.653  -13.597 0.5714285970
56601  19.360  -10.764  -15.925 0.4285714328
57750  23.270  -10.278  -17.285 0.5714285970
135693  22.556  -10.543  -17.711 0.5714285970
56634  20.173  -10.325  -17.315 0.4285714328
138576  22.758  -8.826  -19.437 0.4285714328
139465  23.714  -8.777  -19.538 0.5714285970
58975  23.421  -8.394  -20.390 0.7142857313
60182  23.779  -7.993  -20.680 0.5714285970
60183  23.099  -7.903  -20.360 0.4285714328
60184  22.100  -7.664  -19.446 0.4285714328
58977  22.115  -8.472  -19.208 0.4285714328
61313  24.930  -7.114  -19.963 0.7142857313
134888  25.328  -6.405  -20.131 0.7142857313
61316  22.558  -6.719  -19.601 0.2857142985
62379  25.230  -5.819  -21.017 0.7142857313
62377  26.457  -4.941  -20.298 0.7142857313
126910  25.766  -5.290  -21.206 0.7142857313
63468  25.981  -4.695  -23.108 0.7142857313
64537  27.798  -3.673  -20.068 0.5714285970
63467  26.806  -3.880  -23.006 0.7142857313
64585  26.532  -3.650  -23.074 0.7142857313
65593  29.241  -2.267  -22.013 0.5714285970
65612  28.647  -1.805  -22.690 0.7142857313
65596  25.672  -3.262  -22.600 0.2857142985
67762  28.416  -0.874  -24.651 0.5714285970
67724  27.623  -0.962  -22.210 0.2857142985
67789  29.111  -0.718  -26.979 0.8571428657
72787  26.259  4.875  -25.476 0.7142857313
73830  26.617  5.654  -25.050 0.7142857313
79497  26.208  11.229  -22.403 0.5714285970
78577  25.919  11.080  -21.602 0.4285714328
57788  19.786  -9.252  -17.890 0.4285714328
49873  17.959  -15.991  -9.917 0.4285714328
57708  25.892  -9.907  -13.905 0.1428571492
56584  25.101  -10.216  -14.159 0.1428571492
57723  25.514  -9.696  -14.652 0.1428571492
58918  26.252  -8.336  -16.415 0.1428571492
60131  27.076  -7.304  -16.714 0.1428571492
140348  25.884  -9.333  -15.114 0.1428571492
138827  26.314  -9.463  -14.513 0.1428571492
125095  27.552  -7.622  -16.116 0.1428571492
58906  26.573  -8.607  -15.684 0.1428571492
134444  26.526  -9.059  -15.170 0.1428571492
60130  27.929  -6.954  -16.484 0.1428571492
62364  31.037  -4.831  -18.390 0.2857142985
63433  31.252  -4.752  -19.766 0.1428571492
83712  24.665  17.230  -32.863 0.1428571492
69925  26.900  1.010  -25.260 0.4285714328
82873  24.470  16.615  -32.350 0.1428571492
81207  24.515  13.197  -30.610 0.1428571492
70959  26.612  2.600  -24.890 0.4285714328
71887  26.353  3.191  -25.652 0.5714285970
120450  27.249  4.227  -23.515 0.4285714328
81180  25.601  13.771  -26.820 0.2857142985
137100  26.255  12.276  -25.706 0.2857142985
126563  26.585  10.994  -25.549 0.2857142985
80359  26.055  12.198  -26.419 0.2857142985
72748  26.921  4.538  -21.514 0.1428571492
73829  27.124  5.669  -24.089 0.5714285970
80335  25.973  12.280  -24.472 0.2857142985
77670  26.490  9.455  -25.817 0.4285714328
72762  27.335  5.145  -22.530 0.4285714328
73818  27.336  6.101  -23.413 0.5714285970
73797  27.245  5.801  -22.104 0.4285714328
74814  26.958  6.509  -21.671 0.2857142985
79510  24.889  11.956  -22.900 0.1428571492
79516  26.107  11.547  -24.194 0.1428571492
80321  25.481  11.996  -23.745 0.1428571492
80322  24.542  12.630  -23.350 0.1428571492
136944  24.916  13.356  -23.785 0.1428571492
75764  26.472  7.287  -21.278 0.2857142985
79488  21.279  10.835  -22.809 0.1428571492
80313  23.638  12.412  -22.675 0.1428571492
79500  22.877  12.084  -22.497 0.1428571492
79501  21.620  11.762  -23.073 0.1428571492
80323  23.347  13.122  -23.172 0.1428571492
79511  20.860  12.329  -23.517 0.1428571492
50837  18.027  -14.955  -10.567 0.4285714328
51922  17.926  -14.304  -11.017 0.2857142985
56572  25.571  -10.568  -13.452 0.1428571492
58891  27.235  -8.703  -15.272 0.1428571492
61279  28.100  -6.184  -16.843 0.1428571492
76774  25.913  7.797  -26.902 0.4285714328
134256  25.937  11.048  -27.556 0.2857142985
81158  25.818  13.033  -24.705 0.2857142985
80360  25.735  12.785  -26.967 0.2857142985
80337  24.107  13.573  -23.682 0.2857142985
52964  23.376  -13.184  -11.139 0.1428571492
56557  25.218  -11.105  -12.883 0.1428571492
63421  31.040  -4.446  -19.111 0.1428571492
124989  28.199  -5.546  -17.374 0.1428571492
73798  26.666  5.727  -21.583 0.1428571492
69926  26.406  1.588  -25.478 0.4285714328
74826  27.324  6.987  -23.508 0.5714285970
81172  25.579  13.687  -25.202 0.2857142985
80353  25.984  13.094  -25.929 0.2857142985
80368  25.706  11.885  -27.265 0.2857142985
80369  25.458  12.378  -27.812 0.2857142985
81187  25.525  13.276  -27.627 0.2857142985
82037  25.128  14.171  -29.917 0.1428571492
82035  25.381  14.629  -28.935 0.1428571492
81208  24.105  13.373  -31.513 0.1428571492
81159  25.334  13.581  -24.349 0.2857142985
82038  24.641  14.372  -30.954 0.1428571492
80383  25.036  12.270  -29.425 0.1428571492
81201  24.844  13.047  -29.853 0.1428571492
62395  31.394  -5.684  -20.899 0.2857142985
135721  25.520  13.939  -25.997 0.2857142985
142057  25.322  12.056  -28.612 0.2857142985
80378  25.322  12.873  -28.436 0.1428571492
50836  18.987  -15.054  -10.971 0.4285714328
50826  18.463  -15.469  -10.328 0.4285714328
63411  29.313  -4.681  -17.767 0.4285714328
78615  26.106  10.348  -27.080 0.2857142985
79554  25.521  11.345  -28.230 0.2857142985
71879  27.116  3.522  -23.993 0.4285714328
129324  26.827  4.151  -24.566 0.5714285970
72776  27.351  5.206  -23.315 0.5714285970
78606  26.442  10.217  -26.099 0.2857142985
79509  25.832  11.597  -23.284 0.2857142985
69933  25.914  1.781  -26.090 0.5714285970
139808  27.316  6.573  -22.511 0.5714285970
129274  26.414  10.924  -24.594 0.2857142985
79527  26.397  11.782  -25.114 0.2857142985
58917  26.849  -7.849  -16.443 0.1428571492
57722  27.230  -9.239  -14.538 0.1428571492
61267  29.016  -6.497  -16.333 0.1428571492
71868  27.582  3.287  -23.241 0.2857142985
139450  25.899  13.095  -25.252 0.2857142985
80352  26.112  12.602  -25.193 0.2857142985
79541  26.461  11.621  -25.979 0.2857142985
79553  26.176  11.376  -26.768 0.2857142985
72763  27.351  4.516  -22.174 0.2857142985
139271  27.423  4.592  -22.826 0.4285714328
80336  25.495  12.846  -23.923 0.1428571492
72747  27.047  5.121  -21.918 0.2857142985
75763  27.188  7.358  -21.906 0.4285714328
69917  26.820  1.796  -24.733 0.2857142985
81195  25.219  13.469  -29.111 0.2857142985
139433  25.213  14.968  -29.616 0.1428571492
64568  25.189  -3.904  -23.051 0.4285714328
140615  27.423  -1.599  -22.443 0.2857142985
82007  23.488  15.292  -24.594 0.1428571492
82015  25.050  14.557  -25.622 0.1428571492
82843  23.827  15.609  -25.138 0.1428571492
80325  20.431  13.140  -23.834 0.1428571492
81994  22.642  15.335  -24.213 0.1428571492
82006  24.277  14.765  -24.638 0.1428571492
81150  22.307  14.505  -23.869 0.1428571492
81995  21.482  15.069  -24.009 0.1428571492
81161  23.572  14.514  -24.121 0.1428571492
127356  23.159  16.606  -25.419 0.1428571492
81160  24.620  14.021  -24.190 0.1428571492
82828  22.108  16.100  -23.379 0.1428571492
137949  22.130  15.802  -23.962 0.1428571492
66617  27.011  -2.047  -22.464 0.2857142985
82835  20.452  14.952  -23.630 0.1428571492
137225  22.727  16.685  -24.064 0.1428571492
82851  23.776  16.327  -26.020 0.1428571492
58920  24.603  -9.208  -17.245 0.2857142985
82005  25.026  14.288  -24.791 0.1428571492
82021  25.254  14.565  -26.472 0.1428571492
82016  24.547  14.869  -25.166 0.1428571492
82849  24.835  15.162  -26.255 0.1428571492
82834  21.018  15.483  -23.646 0.1428571492
82830  20.423  15.216  -23.216 0.1428571492
52988  20.875  -13.533  -13.420 0.4285714328
52976  21.220  -13.777  -12.591 0.2857142985
52975  22.007  -13.224  -12.145 0.1428571492
54105  21.374  -12.930  -13.922 0.2857142985
54094  21.670  -13.092  -13.039 0.1428571492
51929  20.808  -14.421  -12.139 0.2857142985
76760  27.429  8.251  -21.976 0.4285714328
117749  22.547  -11.695  -14.480 0.2857142985
52977  20.367  -14.171  -12.814 0.4285714328
54104  22.135  -12.465  -13.495 0.1428571492
52966  21.587  -13.911  -11.726 0.1428571492
55347  22.497  -11.934  -13.850 0.2857142985
54106  20.659  -13.193  -14.162 0.4285714328
51932  19.242  -14.258  -12.271 0.2857142985
51921  18.737  -14.534  -11.393 0.2857142985
51931  19.846  -14.618  -12.413 0.2857142985
125488  19.358  -13.807  -12.828 0.2857142985
58956  21.176  -8.745  -18.809 0.2857142985
58978  20.519  -8.144  -19.072 0.2857142985
62399  23.351  -5.089  -20.209 0.1428571492
62416  24.359  -5.136  -22.001 0.2857142985
64569  24.558  -4.307  -22.408 0.1428571492
66601  25.687  -1.704  -20.900 0.1428571492
67738  27.817  -0.612  -22.925 0.1428571492
68844  27.648  0.008  -24.372 0.1428571492
68819  27.673  -0.071  -21.952 0.1428571492
68852  27.550  0.295  -25.141 0.1428571492
69884  27.403  0.927  -21.996 0.1428571492
70934  27.662  3.105  -22.323 0.1428571492
71857  27.513  3.923  -22.615 0.1428571492
71844  26.727  3.855  -21.010 0.1428571492
76750  27.124  8.893  -21.524 0.1428571492
77634  26.691  9.685  -21.408 0.1428571492
118647  26.361  8.235  -21.270 0.1428571492
78565  26.134  10.284  -21.458 0.1428571492
77635  25.570  9.426  -21.244 0.1428571492
78566  25.184  10.392  -21.443 0.1428571492
130140  17.728  -15.567  -10.149 0.2857142985
131033  19.930  -15.022  -12.051 0.1428571492
124324  27.121  0.420  -25.999 0.2857142985
69905  27.720  1.330  -22.870 0.1428571492
71858  27.394  3.839  -21.771 0.1428571492
57768  20.383  -9.891  -17.764 0.2857142985
57787  20.531  -9.265  -18.308 0.2857142985
58957  20.295  -8.614  -18.656 0.2857142985
63452  22.609  -4.420  -19.836 0.1428571492
64570  24.260  -3.573  -20.989 0.1428571492
65597  24.854  -3.421  -21.979 0.1428571492
66602  25.311  -2.512  -21.355 0.1428571492
67712  24.441  -0.866  -20.457 0.1428571492
122241  26.340  -1.087  -20.906 0.1428571492
137484  25.769  -0.340  -20.584 0.1428571492
67726  26.472  -0.036  -20.775 0.1428571492
69916  27.506  1.622  -23.797 0.1428571492
70935  27.198  3.040  -21.415 0.1428571492
124233  26.363  8.974  -21.202 0.1428571492
58958  19.733  -8.682  -18.347 0.2857142985
51920  19.451  -14.854  -11.814 0.2857142985
63451  23.982  -4.662  -20.717 0.1428571492
67763  27.984  -0.410  -24.936 0.1428571492
57789  19.199  -9.295  -17.561 0.1428571492
129283  27.443  0.940  -24.494 0.1428571492
70958  27.199  2.638  -24.039 0.1428571492
52967  18.506  -13.947  -11.778 0.2857142985
60186  19.877  -7.477  -19.316 0.1428571492
68833  27.783  0.309  -22.774 0.1428571492
50828  16.523  -15.131  -10.108 0.1428571492
50827  17.146  -15.341  -10.152 0.1428571492
50829  16.074  -14.918  -9.978 0.1428571492
51907  17.188  -14.721  -10.430 0.1428571492
52991  19.150  -13.329  -13.140 0.1428571492
62414  31.328  -5.686  -21.728 0.1428571492
61361  31.117  -6.701  -22.250 0.1428571492
71912  26.255  4.537  -29.050 0.1428571492
52968  17.762  -13.640  -11.426 0.1428571492
52979  18.869  -13.618  -12.495 0.1428571492
55348  18.433  -11.905  -13.876 0.1428571492
71922  25.544  4.089  -29.952 0.1428571492
72817  26.253  5.184  -28.624 0.1428571492
55363  18.707  -11.539  -14.569 0.1428571492
71001  26.524  2.935  -30.113 0.1428571492
61369  31.013  -6.670  -23.163 0.1428571492
54108  18.846  -12.659  -13.511 0.1428571492
56618  18.796  -10.150  -16.538 0.1428571492
49874  17.196  -15.971  -9.806 0.1428571492
54095  18.577  -12.931  -12.788 0.1428571492
47829  17.687  -18.230  -7.382 0.1428571492
49875  16.657  -15.575  -9.890 0.1428571492
51930  20.199  -14.711  -12.288 0.1428571492
52978  19.783  -14.077  -12.901 0.2857142985
52990  19.609  -13.644  -13.295 0.2857142985
55334  24.367  -11.179  -12.935 0.2857142985
55388  21.041  -11.540  -16.608 0.4285714328
57769  19.771  -9.771  -17.557 0.1428571492
58905  27.078  -8.218  -15.898 0.1428571492
58955  22.131  -9.086  -18.796 0.2857142985
60165  23.874  -8.463  -20.103 0.7142857313
61296  25.505  -7.017  -19.053 0.5714285970
61335  24.816  -6.416  -20.573 0.7142857313
61336  24.496  -6.177  -20.764 0.7142857313
61381  30.099  -6.768  -29.099 0.1428571492
61382  29.366  -6.533  -29.202 0.1428571492
62352  29.805  -5.242  -17.257 0.2857142985
62398  24.513  -5.554  -21.487 0.4285714328
62400  22.224  -4.926  -19.615 0.1428571492
62429  31.242  -5.740  -22.581 0.4285714328
62455  28.554  -6.092  -28.862 0.1428571492
62458  29.081  -5.843  -29.630 0.1428571492
62459  28.378  -5.392  -29.555 0.2857142985
62462  28.383  -4.796  -30.097 0.2857142985
63410  30.233  -4.709  -17.947 0.2857142985
63422  30.432  -4.335  -18.636 0.1428571492
63423  29.645  -4.289  -18.380 0.5714285970
63435  28.188  -3.985  -19.102 0.8571428657
63447  31.334  -5.001  -20.516 0.2857142985
63448  30.846  -3.871  -20.528 0.7142857313
63449  26.970  -4.032  -22.301 0.7142857313
63450  26.313  -4.675  -22.063 0.7142857313
63469  24.628  -4.955  -22.754 0.4285714328
63481  26.283  -4.165  -23.345 0.7142857313
63516  30.635  -5.687  -26.291 0.5714285970
63536  28.677  -4.293  -30.517 0.1428571492
64534  30.347  -3.958  -19.274 0.8571428657
64567  27.323  -3.403  -22.206 0.7142857313
64584  27.129  -3.092  -22.554 0.7142857313
64586  25.879  -3.878  -23.434 0.4285714328
64601  31.073  -3.543  -24.386 0.8571428657
64621  30.668  -3.931  -27.146 0.8571428657
64639  28.110  -4.119  -29.775 0.8571428657
64640  30.451  -3.014  -30.427 0.1428571492
64643  28.271  -3.744  -30.704 0.1428571492
64644  27.976  -3.561  -30.567 0.1428571492
65574  28.941  -2.633  -21.100 0.7142857313
65592  30.025  -2.416  -22.053 0.5714285970
65610  30.120  -2.256  -22.663 0.7142857313
65637  30.680  -2.714  -24.070 0.8571428657
65648  30.935  -2.791  -24.917 1.0000000000
65649  30.649  -2.220  -25.457 0.8571428657
65672  29.827  -3.094  -28.131 0.8571428657
65673  29.207  -3.044  -28.903 0.8571428657
65686  27.359  -2.885  -30.980 0.8571428657
66600  27.029  -1.438  -21.834 0.1428571492
66616  27.766  -1.468  -22.747 0.2857142985
66629  29.374  -1.384  -23.714 0.7142857313
66631  27.870  -0.973  -23.571 0.5714285970
66639  29.215  -1.144  -24.357 0.7142857313
66654  29.982  -1.845  -26.839 0.8571428657
66689  25.714  -0.537  -31.787 0.8571428657
66692  27.938  -1.414  -32.150 0.4285714328
67711  25.373  -0.992  -20.522 0.1428571492
67725  27.089  -0.529  -21.386 0.1428571492
67752  27.723  -0.320  -23.641 0.1428571492
67772  28.412  -0.677  -25.427 0.2857142985
67799  28.990  -0.694  -28.065 0.8571428657
67816  24.967  -0.662  -30.640 0.8571428657
67825  25.148  -0.526  -31.284 0.8571428657
67829  27.478  -0.688  -32.361 0.2857142985
67830  26.571  -0.500  -32.304 0.5714285970
68820  27.021  0.434  -21.281 0.1428571492
68859  26.404  1.147  -25.993 0.4285714328
68867  26.539  0.762  -26.547 0.4285714328
68874  26.631  0.384  -27.822 0.8571428657
68889  24.711  0.317  -30.573 0.8571428657
68901  24.412  1.139  -31.228 0.8571428657
69975  23.876  2.371  -32.236 0.7142857313
71003  23.299  3.185  -30.555 0.8571428657
71019  23.952  2.787  -32.375 0.8571428657
71880  26.744  3.328  -24.726 0.4285714328
71915  22.967  4.222  -30.703 0.8571428657
71924  23.736  4.541  -30.416 0.8571428657
71929  23.690  3.623  -31.825 0.8571428657
71930  22.958  4.121  -31.413 0.5714285970
72810  24.932  5.364  -28.947 0.8571428657
73808  27.399  5.753  -22.747 0.4285714328
73857  26.044  5.756  -28.418 0.1428571492
76798  24.900  8.634  -29.560 0.1428571492
78649  22.584  10.662  -32.811 0.1428571492
80389  23.772  12.140  -31.348 0.1428571492
80409  22.364  12.301  -33.913 0.1428571492
81151  21.137  13.964  -23.888 0.1428571492
81996  20.762  14.604  -23.953 0.1428571492
82047  22.869  14.436  -35.379 0.1428571492
82825  20.408  15.250  -22.937 0.1428571492
82833  22.857  16.207  -24.655 0.1428571492
82850  24.434  15.400  -25.757 0.1428571492
116859  29.779  -7.465  -27.266 0.1428571492
116868  29.796  -7.266  -26.593 0.2857142985
117183  29.508  -6.663  -27.419 0.4285714328
120071  26.441  5.121  -21.515 0.2857142985
123826  23.849  -11.695  -12.583 0.2857142985
127604  24.770  3.532  -28.819 0.8571428657
127925  27.738  -1.858  -22.655 0.7142857313
128919  30.263  -1.816  -26.073 0.7142857313
129358  25.476  13.834  -28.266 0.2857142985
130746  27.695  0.646  -23.656 0.1428571492
131082  31.269  -4.088  -23.866 0.8571428657
132153  30.396  -2.446  -26.749 0.8571428657
132720  21.348  -8.132  -19.174 0.2857142985
134285  27.428  -5.994  -17.456 0.7142857313
134750  31.440  -4.619  -22.003 0.8571428657
135789  27.357  -2.471  -22.452 0.7142857313
136595  26.514  10.957  -26.303 0.2857142985
138936  25.615  11.602  -22.655 0.2857142985
139397  31.104  -4.465  -20.330 0.2857142985
139952  27.622  -3.033  -22.020 0.7142857313
140111  31.230  -4.100  -23.024 0.8571428657
140238  28.320  -5.729  -29.077 0.1428571492
140264  25.801  8.073  -27.241 0.5714285970
140347  25.464  0.569  -28.675 0.8571428657
140387  25.426  -6.727  -19.626 0.7142857313
